This is cutadapt 2.6 with Python 3.7.16
Command line parameters: -a CCTACGGGNGGCWGCAG -A GACTACHVGGGTATCTAATCC -o trimmed_reads/18_2_S18_R1_trimmed.fastq.gz -p trimmed_reads/18_2_S18_R2_trimmed.fastq.gz clean_reads/18_2_S18_R1_clean.fastq.gz clean_reads/18_2_S18_R2_clean.fastq.gz
Processing reads on 1 core in paired-end mode ...
Finished in 4.94 s (31 us/read; 1.95 M reads/minute).

=== Summary ===

Total read pairs processed:            160,833
  Read 1 with adapter:                 160,472 (99.8%)
  Read 2 with adapter:                 160,664 (99.9%)
Pairs written (passing filters):       160,833 (100.0%)

Total basepairs processed:    80,325,110 bp
  Read 1:    41,497,692 bp
  Read 2:    38,827,418 bp
Total written (filtered):        128,174 bp (0.2%)
  Read 1:        96,495 bp
  Read 2:        31,679 bp

=== First read: Adapter 1 ===

Sequence: CCTACGGGNGGCWGCAG; Type: regular 3'; Length: 17; Trimmed: 160472 times.

No. of allowed errors:
0-9 bp: 0; 10-16 bp: 1

Bases preceding removed adapters:
  A: 0.0%
  C: 0.0%
  G: 0.0%
  T: 0.0%
  none/other: 100.0%

Overview of removed sequences
length	count	expect	max.err	error counts
3	2	2513.0	0	2
30	1	0.0	1	1
42	1	0.0	1	1
50	228	0.0	1	224 4
51	181	0.0	1	169 12
52	104	0.0	1	101 3
53	46	0.0	1	45 1
54	35	0.0	1	35
55	257	0.0	1	256 1
56	34	0.0	1	33 1
57	91	0.0	1	87 4
58	48	0.0	1	46 2
59	79	0.0	1	74 5
60	39	0.0	1	37 2
61	73	0.0	1	70 3
62	40	0.0	1	39 1
63	38	0.0	1	32 6
64	50	0.0	1	46 4
65	81	0.0	1	81
66	229	0.0	1	225 4
67	193	0.0	1	187 6
68	161	0.0	1	155 6
69	181	0.0	1	166 15
70	188	0.0	1	178 10
71	99	0.0	1	95 4
72	79	0.0	1	71 8
73	32	0.0	1	30 2
74	109	0.0	1	107 2
75	42	0.0	1	42
76	104	0.0	1	104
77	343	0.0	1	338 5
78	583	0.0	1	575 8
79	248	0.0	1	248
80	119	0.0	1	119
81	79	0.0	1	77 2
82	117	0.0	1	115 2
83	48	0.0	1	48
84	82	0.0	1	81 1
85	114	0.0	1	111 3
86	66	0.0	1	64 2
87	100	0.0	1	100
88	48	0.0	1	48
89	8	0.0	1	8
90	9	0.0	1	7 2
91	25	0.0	1	25
92	115	0.0	1	112 3
93	94	0.0	1	94
94	66	0.0	1	64 2
95	30	0.0	1	29 1
96	41	0.0	1	37 4
97	98	0.0	1	96 2
98	57	0.0	1	57
99	492	0.0	1	488 4
100	650	0.0	1	647 3
101	476	0.0	1	467 9
102	236	0.0	1	230 6
103	158	0.0	1	152 6
104	115	0.0	1	109 6
105	92	0.0	1	89 3
106	46	0.0	1	40 6
107	103	0.0	1	96 7
108	90	0.0	1	88 2
109	50	0.0	1	46 4
110	37	0.0	1	37
111	355	0.0	1	349 6
112	682	0.0	1	670 12
113	727	0.0	1	716 11
114	771	0.0	1	763 8
115	671	0.0	1	659 12
116	605	0.0	1	595 10
117	647	0.0	1	640 7
118	366	0.0	1	360 6
119	341	0.0	1	336 5
120	289	0.0	1	283 6
121	388	0.0	1	385 3
122	372	0.0	1	368 4
123	453	0.0	1	445 8
124	515	0.0	1	502 13
125	383	0.0	1	375 8
126	345	0.0	1	341 4
127	430	0.0	1	421 9
128	342	0.0	1	333 9
129	268	0.0	1	266 2
130	205	0.0	1	202 3
131	186	0.0	1	185 1
132	171	0.0	1	171
133	161	0.0	1	157 4
134	181	0.0	1	176 5
135	159	0.0	1	155 4
136	114	0.0	1	111 3
137	124	0.0	1	123 1
138	140	0.0	1	139 1
139	122	0.0	1	116 6
140	152	0.0	1	146 6
141	199	0.0	1	194 5
142	207	0.0	1	207
143	154	0.0	1	152 2
144	163	0.0	1	158 5
145	188	0.0	1	183 5
146	176	0.0	1	170 6
147	196	0.0	1	193 3
148	114	0.0	1	112 2
149	123	0.0	1	123
150	145	0.0	1	141 4
151	154	0.0	1	150 4
152	150	0.0	1	146 4
153	170	0.0	1	165 5
154	144	0.0	1	140 4
155	90	0.0	1	88 2
156	86	0.0	1	84 2
157	75	0.0	1	74 1
158	79	0.0	1	78 1
159	78	0.0	1	74 4
160	105	0.0	1	103 2
161	107	0.0	1	100 7
162	117	0.0	1	114 3
163	73	0.0	1	70 3
164	63	0.0	1	60 3
165	151	0.0	1	150 1
166	206	0.0	1	200 6
167	206	0.0	1	197 9
168	234	0.0	1	229 5
169	450	0.0	1	440 10
170	309	0.0	1	300 9
171	262	0.0	1	254 8
172	223	0.0	1	217 6
173	337	0.0	1	326 11
174	229	0.0	1	217 12
175	216	0.0	1	208 8
176	141	0.0	1	135 6
177	189	0.0	1	185 4
178	187	0.0	1	182 5
179	131	0.0	1	126 5
180	128	0.0	1	125 3
181	69	0.0	1	65 4
182	104	0.0	1	101 3
183	133	0.0	1	130 3
184	106	0.0	1	106
185	130	0.0	1	120 10
186	162	0.0	1	159 3
187	122	0.0	1	120 2
188	110	0.0	1	109 1
189	131	0.0	1	126 5
190	158	0.0	1	155 3
191	207	0.0	1	199 8
192	176	0.0	1	172 4
193	408	0.0	1	394 14
194	344	0.0	1	329 15
195	386	0.0	1	370 16
196	373	0.0	1	361 12
197	245	0.0	1	232 13
198	243	0.0	1	237 6
199	177	0.0	1	170 7
200	170	0.0	1	169 1
201	149	0.0	1	147 2
202	149	0.0	1	145 4
203	184	0.0	1	179 5
204	177	0.0	1	171 6
205	168	0.0	1	162 6
206	394	0.0	1	386 8
207	362	0.0	1	351 11
208	265	0.0	1	255 10
209	245	0.0	1	239 6
210	231	0.0	1	226 5
211	244	0.0	1	234 10
212	261	0.0	1	251 10
213	481	0.0	1	465 16
214	264	0.0	1	252 12
215	318	0.0	1	303 15
216	185	0.0	1	176 9
217	271	0.0	1	262 9
218	243	0.0	1	235 8
219	213	0.0	1	210 3
220	215	0.0	1	209 6
221	185	0.0	1	177 8
222	154	0.0	1	146 8
223	219	0.0	1	214 5
224	301	0.0	1	297 4
225	278	0.0	1	270 8
226	434	0.0	1	416 18
227	476	0.0	1	465 11
228	502	0.0	1	494 8
229	399	0.0	1	391 8
230	276	0.0	1	266 10
231	333	0.0	1	321 12
232	280	0.0	1	265 15
233	557	0.0	1	548 9
234	498	0.0	1	476 22
235	430	0.0	1	412 18
236	304	0.0	1	292 12
237	314	0.0	1	308 6
238	216	0.0	1	211 5
239	166	0.0	1	159 7
240	194	0.0	1	190 4
241	173	0.0	1	169 4
242	168	0.0	1	165 3
243	130	0.0	1	125 5
244	295	0.0	1	286 9
245	270	0.0	1	254 16
246	295	0.0	1	288 7
247	390	0.0	1	381 9
248	288	0.0	1	278 10
249	318	0.0	1	313 5
250	285	0.0	1	275 10
251	257	0.0	1	252 5
252	357	0.0	1	347 10
253	340	0.0	1	325 15
254	285	0.0	1	277 8
255	238	0.0	1	227 11
256	311	0.0	1	301 10
257	394	0.0	1	380 14
258	565	0.0	1	548 17
259	383	0.0	1	375 8
260	449	0.0	1	432 17
261	429	0.0	1	408 21
262	501	0.0	1	486 15
263	664	0.0	1	643 21
264	656	0.0	1	637 19
265	663	0.0	1	641 22
266	900	0.0	1	871 29
267	484	0.0	1	466 18
268	404	0.0	1	392 12
269	290	0.0	1	281 9
270	347	0.0	1	336 11
271	443	0.0	1	425 18
272	657	0.0	1	632 25
273	782	0.0	1	754 28
274	1243	0.0	1	1202 41
275	815	0.0	1	790 25
276	966	0.0	1	935 31
277	1551	0.0	1	1509 42
278	949	0.0	1	921 28
279	533	0.0	1	524 9
280	367	0.0	1	360 7
281	628	0.0	1	605 23
282	684	0.0	1	657 27
283	673	0.0	1	644 29
284	1129	0.0	1	1099 30
285	1065	0.0	1	1030 35
286	997	0.0	1	973 24
287	961	0.0	1	930 31
288	933	0.0	1	907 26
289	1134	0.0	1	1101 33
290	965	0.0	1	929 36
291	822	0.0	1	794 28
292	819	0.0	1	791 28
293	806	0.0	1	770 36
294	928	0.0	1	894 34
295	694	0.0	1	665 29
296	744	0.0	1	725 19
297	538	0.0	1	514 24
298	1437	0.0	1	1391 46
299	4306	0.0	1	4193 113
300	79585	0.0	1	77085 2500


=== Second read: Adapter 2 ===

Sequence: GACTACHVGGGTATCTAATCC; Type: regular 3'; Length: 21; Trimmed: 160664 times.

No. of allowed errors:
0-9 bp: 0; 10-19 bp: 1; 20-21 bp: 2

Bases preceding removed adapters:
  A: 0.0%
  C: 0.0%
  G: 0.0%
  T: 0.0%
  none/other: 100.0%

Overview of removed sequences
length	count	expect	max.err	error counts
3	4	2513.0	0	4
50	37	0.0	2	22 10 5
51	18	0.0	2	14 2 2
52	18	0.0	2	8 9 1
53	17	0.0	2	10 6 1
54	43	0.0	2	35 7 1
55	127	0.0	2	109 13 5
56	500	0.0	2	463 29 8
57	929	0.0	2	876 46 7
58	734	0.0	2	670 58 6
59	403	0.0	2	375 26 2
60	189	0.0	2	161 25 3
61	100	0.0	2	85 13 2
62	70	0.0	2	56 9 5
63	26	0.0	2	20 3 3
64	32	0.0	2	26 5 1
65	25	0.0	2	20 3 2
66	69	0.0	2	51 16 2
67	595	0.0	2	556 37 2
68	712	0.0	2	674 34 4
69	439	0.0	2	411 23 5
70	224	0.0	2	211 10 3
71	63	0.0	2	55 8
72	22	0.0	2	19 3
73	12	0.0	2	11 1
74	11	0.0	2	7 4
75	29	0.0	2	18 10 1
76	46	0.0	2	23 18 5
77	22	0.0	2	18 1 3
78	15	0.0	2	10 5
79	10	0.0	2	8 2
80	16	0.0	2	15 1
81	66	0.0	2	57 7 2
82	59	0.0	2	53 3 3
83	48	0.0	2	39 5 4
84	76	0.0	2	65 9 2
85	78	0.0	2	66 12
86	40	0.0	2	27 11 2
87	65	0.0	2	32 24 9
88	20	0.0	2	18 2
89	49	0.0	2	25 17 7
90	34	0.0	2	18 15 1
91	23	0.0	2	15 7 1
92	35	0.0	2	30 5
93	66	0.0	2	56 10
94	128	0.0	2	121 7
95	91	0.0	2	84 5 2
96	150	0.0	2	138 8 4
97	102	0.0	2	91 10 1
98	140	0.0	2	116 17 7
99	111	0.0	2	87 20 4
100	73	0.0	2	43 20 10
101	66	0.0	2	42 23 1
102	19	0.0	2	15 3 1
103	18	0.0	2	13 5
104	19	0.0	2	17 2
105	9	0.0	2	5 4
106	17	0.0	2	14 3
107	39	0.0	2	30 6 3
108	21	0.0	2	11 6 4
109	48	0.0	2	27 15 6
110	39	0.0	2	27 12
111	16	0.0	2	10 6
112	16	0.0	2	12 3 1
113	7	0.0	2	7
114	6	0.0	2	4 2
115	31	0.0	2	21 8 2
116	50	0.0	2	42 5 3
117	47	0.0	2	43 3 1
118	45	0.0	2	39 6
119	42	0.0	2	37 4 1
120	19	0.0	2	15 4
121	69	0.0	2	60 7 2
122	50	0.0	2	43 5 2
123	179	0.0	2	159 16 4
124	195	0.0	2	169 20 6
125	131	0.0	2	119 12
126	84	0.0	2	78 6
127	53	0.0	2	46 5 2
128	14	0.0	2	11 2 1
129	25	0.0	2	17 5 3
130	12	0.0	2	9 3
131	12	0.0	2	10 2
132	51	0.0	2	47 4
133	398	0.0	2	380 18
134	707	0.0	2	690 16 1
135	363	0.0	2	353 8 2
136	135	0.0	2	126 8 1
137	16	0.0	2	15 1
138	6	0.0	2	5 1
139	17	0.0	2	10 5 2
140	63	0.0	2	50 12 1
141	47	0.0	2	36 8 3
142	57	0.0	2	49 7 1
143	210	0.0	2	197 13
144	142	0.0	2	136 6
145	383	0.0	2	370 13
146	315	0.0	2	293 21 1
147	184	0.0	2	177 7
148	91	0.0	2	82 9
149	40	0.0	2	33 5 2
150	37	0.0	2	33 3 1
151	41	0.0	2	32 8 1
152	93	0.0	2	85 7 1
153	72	0.0	2	64 7 1
154	92	0.0	2	81 10 1
155	661	0.0	2	632 23 6
156	769	0.0	2	736 33
157	656	0.0	2	623 31 2
158	367	0.0	2	357 10
159	230	0.0	2	214 14 2
160	118	0.0	2	105 11 2
161	132	0.0	2	122 9 1
162	111	0.0	2	99 11 1
163	138	0.0	2	121 15 2
164	212	0.0	2	194 16 2
165	107	0.0	2	91 14 2
166	171	0.0	2	157 12 2
167	275	0.0	2	263 12
168	178	0.0	2	170 7 1
169	221	0.0	2	208 12 1
170	179	0.0	2	164 14 1
171	184	0.0	2	175 9
172	171	0.0	2	154 15 2
173	356	0.0	2	340 15 1
174	709	0.0	2	686 19 4
175	788	0.0	2	757 30 1
176	465	0.0	2	444 21
177	1073	0.0	2	1022 48 3
178	733	0.0	2	701 31 1
179	466	0.0	2	421 42 3
180	340	0.0	2	312 26 2
181	139	0.0	2	120 15 4
182	73	0.0	2	68 5
183	103	0.0	2	94 5 4
184	108	0.0	2	92 13 3
185	266	0.0	2	246 18 2
186	381	0.0	2	349 32
187	160	0.0	2	145 13 2
188	59	0.0	2	55 4
189	204	0.0	2	181 21 2
190	700	0.0	2	663 30 7
191	922	0.0	2	877 43 2
192	630	0.0	2	600 28 2
193	442	0.0	2	423 19
194	274	0.0	2	262 11 1
195	229	0.0	2	204 23 2
196	119	0.0	2	104 13 2
197	75	0.0	2	64 10 1
198	101	0.0	2	82 18 1
199	281	0.0	2	250 30 1
200	560	0.0	2	517 40 3
201	246	0.0	2	224 20 2
202	422	0.0	2	388 31 3
203	718	0.0	2	679 36 3
204	361	0.0	2	328 31 2
205	507	0.0	2	468 34 5
206	426	0.0	2	389 29 8
207	549	0.0	2	515 30 4
208	410	0.0	2	367 35 8
209	632	0.0	2	603 26 3
210	428	0.0	2	387 40 1
211	1151	0.0	2	1109 41 1
212	1116	0.0	2	1077 36 3
213	1112	0.0	2	1062 48 2
214	975	0.0	2	930 43 2
215	781	0.0	2	730 45 6
216	623	0.0	2	591 29 3
217	421	0.0	2	403 17 1
218	213	0.0	2	154 55 4
219	523	0.0	2	490 31 2
220	244	0.0	2	229 13 2
221	246	0.0	2	217 26 3
222	1313	0.0	2	1202 106 5
223	1960	0.0	2	1872 80 8
224	522	0.0	2	481 36 5
225	1618	0.0	2	1516 97 5
226	2278	0.0	2	2185 92 1
227	2271	0.0	2	2162 107 2
228	606	0.0	2	557 44 5
229	1479	0.0	2	1412 62 5
230	607	0.0	2	556 46 5
231	927	0.0	2	861 61 5
232	347	0.0	2	323 22 2
233	606	0.0	2	558 45 3
234	1604	0.0	2	1531 67 6
235	661	0.0	2	614 45 2
236	1013	0.0	2	966 45 2
237	619	0.0	2	576 43
238	504	0.0	2	484 18 2
239	818	0.0	2	756 56 6
240	762	0.0	2	711 49 2
241	2324	0.0	2	2246 74 4
242	1075	0.0	2	1015 58 2
243	653	0.0	2	631 21 1
244	633	0.0	2	605 24 4
245	595	0.0	2	557 35 3
246	708	0.0	2	653 52 3
247	454	0.0	2	421 30 3
248	256	0.0	2	233 21 2
249	608	0.0	2	560 45 3
250	1865	0.0	2	1766 97 2
251	2646	0.0	2	2561 82 3
252	600	0.0	2	566 31 3
253	528	0.0	2	499 29
254	1131	0.0	2	1088 42 1
255	1066	0.0	2	991 74 1
256	3673	0.0	2	3518 148 7
257	1853	0.0	2	1764 83 6
258	2056	0.0	2	1984 67 5
259	1644	0.0	2	1564 77 3
260	2205	0.0	2	2126 76 3
261	1004	0.0	2	961 43
262	902	0.0	2	872 27 3
263	686	0.0	2	659 25 2
264	310	0.0	2	299 10 1
265	281	0.0	2	251 26 4
266	3477	0.0	2	3355 120 2
267	1599	0.0	2	1556 41 2
268	888	0.0	2	861 26 1
269	2478	0.0	2	2405 69 4
270	1555	0.0	2	1493 61 1
271	1890	0.0	2	1846 41 3
272	845	0.0	2	822 22 1
273	442	0.0	2	410 27 5
274	1313	0.0	2	1275 36 2
275	807	0.0	2	773 32 2
276	932	0.0	2	883 47 2
277	11983	0.0	2	11771 210 2
278	2269	0.0	2	2189 80
279	3440	0.0	2	3385 54 1
280	1391	0.0	2	1354 35 2
281	605	0.0	2	580 22 3
282	1727	0.0	2	1688 38 1
283	772	0.0	2	748 24
284	695	0.0	2	680 15
285	811	0.0	2	796 13 2
286	947	0.0	2	924 23
287	1155	0.0	2	1131 24
288	769	0.0	2	737 31 1
289	2169	0.0	2	2129 40
290	449	0.0	2	436 11 2
291	2157	0.0	2	2132 23 2
292	1270	0.0	2	1248 22
293	1397	0.0	2	1368 29
294	647	0.0	2	639 8
295	230	0.0	2	223 7
296	65	0.0	2	61 4
297	17	0.0	2	15 2
298	18	0.0	2	18
299	18859	0.0	2	18543 311 5
300	616	0.0	2	594 21 1
