This is cutadapt 2.6 with Python 3.7.16
Command line parameters: -a CCTACGGGNGGCWGCAG -A GACTACHVGGGTATCTAATCC -o trimmed_reads/19_2_S19_R1_trimmed.fastq.gz -p trimmed_reads/19_2_S19_R2_trimmed.fastq.gz clean_reads/19_2_S19_R1_clean.fastq.gz clean_reads/19_2_S19_R2_clean.fastq.gz
Processing reads on 1 core in paired-end mode ...
Finished in 5.55 s (30 us/read; 1.97 M reads/minute).

=== Summary ===

Total read pairs processed:            182,709
  Read 1 with adapter:                 182,188 (99.7%)
  Read 2 with adapter:                 182,507 (99.9%)
Pairs written (passing filters):       182,709 (100.0%)

Total basepairs processed:    89,499,537 bp
  Read 1:    48,059,167 bp
  Read 2:    41,440,370 bp
Total written (filtered):        162,920 bp (0.2%)
  Read 1:       128,069 bp
  Read 2:        34,851 bp

=== First read: Adapter 1 ===

Sequence: CCTACGGGNGGCWGCAG; Type: regular 3'; Length: 17; Trimmed: 182188 times.

No. of allowed errors:
0-9 bp: 0; 10-16 bp: 1

Bases preceding removed adapters:
  A: 0.0%
  C: 0.0%
  G: 0.0%
  T: 0.0%
  none/other: 100.0%

Overview of removed sequences
length	count	expect	max.err	error counts
3	2	2854.8	0	2
8	1	2.8	0	1
11	1	0.0	1	1
15	1	0.0	1	1
24	1	0.0	1	1
25	1	0.0	1	1
40	1	0.0	1	1
44	1	0.0	1	1
49	1	0.0	1	1
50	114	0.0	1	104 10
51	323	0.0	1	315 8
52	44	0.0	1	42 2
53	23	0.0	1	23
54	33	0.0	1	32 1
55	173	0.0	1	171 2
56	26	0.0	1	24 2
57	71	0.0	1	66 5
58	31	0.0	1	29 2
59	41	0.0	1	41
60	35	0.0	1	35
61	43	0.0	1	39 4
62	37	0.0	1	36 1
63	31	0.0	1	27 4
64	37	0.0	1	32 5
65	55	0.0	1	54 1
66	194	0.0	1	191 3
67	183	0.0	1	176 7
68	125	0.0	1	121 4
69	123	0.0	1	112 11
70	107	0.0	1	102 5
71	56	0.0	1	51 5
72	44	0.0	1	42 2
73	26	0.0	1	26
74	81	0.0	1	81
75	36	0.0	1	32 4
76	112	0.0	1	110 2
77	172	0.0	1	172
78	331	0.0	1	326 5
79	185	0.0	1	180 5
80	274	0.0	1	268 6
81	95	0.0	1	94 1
82	113	0.0	1	110 3
83	38	0.0	1	36 2
84	70	0.0	1	67 3
85	134	0.0	1	130 4
86	55	0.0	1	55
87	133	0.0	1	130 3
88	48	0.0	1	46 2
89	13	0.0	1	13
90	11	0.0	1	11
91	26	0.0	1	24 2
92	106	0.0	1	106
93	98	0.0	1	93 5
94	120	0.0	1	115 5
95	45	0.0	1	42 3
96	63	0.0	1	60 3
97	142	0.0	1	142
98	105	0.0	1	103 2
99	587	0.0	1	570 17
100	1025	0.0	1	1014 11
101	563	0.0	1	557 6
102	287	0.0	1	283 4
103	160	0.0	1	157 3
104	104	0.0	1	102 2
105	77	0.0	1	73 4
106	51	0.0	1	47 4
107	78	0.0	1	76 2
108	98	0.0	1	97 1
109	57	0.0	1	53 4
110	42	0.0	1	42
111	415	0.0	1	410 5
112	737	0.0	1	731 6
113	727	0.0	1	721 6
114	648	0.0	1	642 6
115	571	0.0	1	569 2
116	610	0.0	1	604 6
117	539	0.0	1	532 7
118	290	0.0	1	287 3
119	313	0.0	1	308 5
120	279	0.0	1	277 2
121	351	0.0	1	347 4
122	486	0.0	1	482 4
123	476	0.0	1	468 8
124	544	0.0	1	533 11
125	452	0.0	1	448 4
126	313	0.0	1	310 3
127	347	0.0	1	342 5
128	265	0.0	1	259 6
129	256	0.0	1	250 6
130	209	0.0	1	207 2
131	208	0.0	1	206 2
132	214	0.0	1	211 3
133	191	0.0	1	186 5
134	215	0.0	1	212 3
135	221	0.0	1	219 2
136	197	0.0	1	194 3
137	130	0.0	1	126 4
138	145	0.0	1	141 4
139	120	0.0	1	119 1
140	158	0.0	1	156 2
141	191	0.0	1	185 6
142	205	0.0	1	204 1
143	176	0.0	1	174 2
144	185	0.0	1	183 2
145	204	0.0	1	201 3
146	182	0.0	1	174 8
147	216	0.0	1	211 5
148	115	0.0	1	111 4
149	124	0.0	1	121 3
150	212	0.0	1	207 5
151	197	0.0	1	192 5
152	125	0.0	1	121 4
153	196	0.0	1	189 7
154	129	0.0	1	124 5
155	104	0.0	1	102 2
156	95	0.0	1	93 2
157	116	0.0	1	114 2
158	139	0.0	1	133 6
159	83	0.0	1	78 5
160	89	0.0	1	85 4
161	128	0.0	1	122 6
162	101	0.0	1	100 1
163	103	0.0	1	101 2
164	92	0.0	1	90 2
165	180	0.0	1	178 2
166	201	0.0	1	194 7
167	168	0.0	1	164 4
168	197	0.0	1	194 3
169	387	0.0	1	380 7
170	246	0.0	1	241 5
171	258	0.0	1	251 7
172	211	0.0	1	207 4
173	244	0.0	1	236 8
174	172	0.0	1	168 4
175	196	0.0	1	189 7
176	169	0.0	1	162 7
177	172	0.0	1	169 3
178	143	0.0	1	134 9
179	181	0.0	1	181
180	129	0.0	1	127 2
181	99	0.0	1	96 3
182	153	0.0	1	150 3
183	170	0.0	1	168 2
184	131	0.0	1	128 3
185	200	0.0	1	194 6
186	208	0.0	1	204 4
187	101	0.0	1	98 3
188	131	0.0	1	129 2
189	193	0.0	1	187 6
190	217	0.0	1	210 7
191	247	0.0	1	240 7
192	228	0.0	1	216 12
193	346	0.0	1	336 10
194	250	0.0	1	245 5
195	291	0.0	1	282 9
196	325	0.0	1	317 8
197	190	0.0	1	186 4
198	210	0.0	1	206 4
199	169	0.0	1	166 3
200	191	0.0	1	185 6
201	161	0.0	1	159 2
202	145	0.0	1	143 2
203	202	0.0	1	194 8
204	141	0.0	1	136 5
205	207	0.0	1	198 9
206	244	0.0	1	235 9
207	240	0.0	1	231 9
208	204	0.0	1	198 6
209	210	0.0	1	205 5
210	248	0.0	1	242 6
211	219	0.0	1	211 8
212	260	0.0	1	259 1
213	395	0.0	1	381 14
214	271	0.0	1	261 10
215	251	0.0	1	245 6
216	202	0.0	1	193 9
217	289	0.0	1	284 5
218	264	0.0	1	256 8
219	241	0.0	1	239 2
220	203	0.0	1	198 5
221	150	0.0	1	143 7
222	122	0.0	1	119 3
223	238	0.0	1	231 7
224	441	0.0	1	424 17
225	349	0.0	1	343 6
226	484	0.0	1	470 14
227	471	0.0	1	466 5
228	413	0.0	1	401 12
229	414	0.0	1	403 11
230	314	0.0	1	306 8
231	303	0.0	1	289 14
232	273	0.0	1	270 3
233	539	0.0	1	524 15
234	537	0.0	1	519 18
235	496	0.0	1	483 13
236	335	0.0	1	324 11
237	305	0.0	1	297 8
238	286	0.0	1	272 14
239	250	0.0	1	245 5
240	210	0.0	1	201 9
241	171	0.0	1	170 1
242	142	0.0	1	142
243	152	0.0	1	145 7
244	260	0.0	1	253 7
245	257	0.0	1	250 7
246	311	0.0	1	302 9
247	455	0.0	1	438 17
248	333	0.0	1	326 7
249	340	0.0	1	335 5
250	258	0.0	1	251 7
251	354	0.0	1	350 4
252	376	0.0	1	364 12
253	402	0.0	1	400 2
254	306	0.0	1	299 7
255	245	0.0	1	242 3
256	370	0.0	1	366 4
257	440	0.0	1	428 12
258	657	0.0	1	640 17
259	378	0.0	1	366 12
260	459	0.0	1	451 8
261	444	0.0	1	432 12
262	511	0.0	1	492 19
263	666	0.0	1	649 17
264	592	0.0	1	578 14
265	479	0.0	1	463 16
266	798	0.0	1	781 17
267	517	0.0	1	506 11
268	404	0.0	1	391 13
269	389	0.0	1	376 13
270	454	0.0	1	446 8
271	434	0.0	1	418 16
272	544	0.0	1	526 18
273	771	0.0	1	741 30
274	1233	0.0	1	1197 36
275	841	0.0	1	818 23
276	1001	0.0	1	965 36
277	1632	0.0	1	1587 45
278	1091	0.0	1	1060 31
279	578	0.0	1	564 14
280	473	0.0	1	462 11
281	708	0.0	1	696 12
282	686	0.0	1	667 19
283	766	0.0	1	743 23
284	1248	0.0	1	1212 36
285	1092	0.0	1	1064 28
286	1248	0.0	1	1223 25
287	1047	0.0	1	1020 27
288	1017	0.0	1	980 37
289	1452	0.0	1	1417 35
290	1100	0.0	1	1065 35
291	1067	0.0	1	1033 34
292	892	0.0	1	865 27
293	840	0.0	1	819 21
294	871	0.0	1	842 29
295	705	0.0	1	683 22
296	921	0.0	1	892 29
297	812	0.0	1	787 25
298	2047	0.0	1	1988 59
299	6626	0.0	1	6465 161
300	95840	0.0	1	93042 2798


=== Second read: Adapter 2 ===

Sequence: GACTACHVGGGTATCTAATCC; Type: regular 3'; Length: 21; Trimmed: 182507 times.

No. of allowed errors:
0-9 bp: 0; 10-19 bp: 1; 20-21 bp: 2

Bases preceding removed adapters:
  A: 0.0%
  C: 0.0%
  G: 0.0%
  T: 0.0%
  none/other: 100.0%

Overview of removed sequences
length	count	expect	max.err	error counts
3	2	2854.8	0	2
4	1	713.7	0	1
50	57	0.0	2	42 12 3
51	258	0.0	2	248 8 2
52	34	0.0	2	23 9 2
53	36	0.0	2	20 11 5
54	101	0.0	2	86 10 5
55	330	0.0	2	290 34 6
56	1067	0.0	2	1008 52 7
57	1244	0.0	2	1189 46 9
58	860	0.0	2	789 68 3
59	583	0.0	2	547 31 5
60	399	0.0	2	358 38 3
61	209	0.0	2	184 20 5
62	101	0.0	2	83 14 4
63	40	0.0	2	35 4 1
64	53	0.0	2	43 9 1
65	47	0.0	2	37 8 2
66	156	0.0	2	131 23 2
67	788	0.0	2	750 37 1
68	855	0.0	2	816 36 3
69	561	0.0	2	527 32 2
70	249	0.0	2	228 16 5
71	87	0.0	2	73 13 1
72	41	0.0	2	33 7 1
73	31	0.0	2	26 4 1
74	40	0.0	2	33 7
75	32	0.0	2	20 7 5
76	50	0.0	2	23 22 5
77	36	0.0	2	22 12 2
78	27	0.0	2	18 6 3
79	29	0.0	2	26 3
80	202	0.0	2	185 15 2
81	166	0.0	2	137 25 4
82	102	0.0	2	92 10
83	78	0.0	2	63 8 7
84	145	0.0	2	120 23 2
85	127	0.0	2	107 20
86	102	0.0	2	84 16 2
87	105	0.0	2	69 27 9
88	32	0.0	2	23 5 4
89	78	0.0	2	48 22 8
90	39	0.0	2	32 3 4
91	36	0.0	2	20 12 4
92	81	0.0	2	70 11
93	175	0.0	2	155 15 5
94	276	0.0	2	261 14 1
95	128	0.0	2	119 9
96	179	0.0	2	150 25 4
97	111	0.0	2	86 21 4
98	188	0.0	2	151 34 3
99	178	0.0	2	139 32 7
100	475	0.0	2	447 24 4
101	148	0.0	2	111 32 5
102	56	0.0	2	42 13 1
103	35	0.0	2	26 8 1
104	30	0.0	2	25 5
105	31	0.0	2	24 6 1
106	38	0.0	2	27 10 1
107	71	0.0	2	50 19 2
108	47	0.0	2	35 12
109	99	0.0	2	71 23 5
110	69	0.0	2	47 17 5
111	31	0.0	2	26 5
112	22	0.0	2	16 6
113	64	0.0	2	61 3
114	23	0.0	2	16 5 2
115	48	0.0	2	33 15
116	80	0.0	2	73 7
117	50	0.0	2	43 6 1
118	103	0.0	2	91 11 1
119	54	0.0	2	41 10 3
120	25	0.0	2	23 2
121	93	0.0	2	85 6 2
122	92	0.0	2	81 10 1
123	317	0.0	2	295 21 1
124	278	0.0	2	257 18 3
125	260	0.0	2	242 17 1
126	178	0.0	2	155 21 2
127	86	0.0	2	76 10
128	37	0.0	2	29 8
129	31	0.0	2	24 5 2
130	46	0.0	2	37 9
131	36	0.0	2	26 8 2
132	78	0.0	2	64 13 1
133	725	0.0	2	700 25
134	1101	0.0	2	1063 34 4
135	704	0.0	2	677 26 1
136	221	0.0	2	212 9
137	47	0.0	2	41 6
138	18	0.0	2	11 4 3
139	56	0.0	2	29 17 10
140	144	0.0	2	130 13 1
141	67	0.0	2	56 11
142	113	0.0	2	99 14
143	352	0.0	2	342 10
144	297	0.0	2	287 10
145	668	0.0	2	632 35 1
146	539	0.0	2	507 27 5
147	438	0.0	2	422 16
148	178	0.0	2	167 7 4
149	88	0.0	2	67 19 2
150	101	0.0	2	91 7 3
151	85	0.0	2	73 11 1
152	206	0.0	2	190 13 3
153	198	0.0	2	175 22 1
154	175	0.0	2	152 20 3
155	982	0.0	2	926 53 3
156	1185	0.0	2	1140 43 2
157	959	0.0	2	924 34 1
158	568	0.0	2	544 23 1
159	474	0.0	2	442 30 2
160	245	0.0	2	225 19 1
161	219	0.0	2	205 12 2
162	226	0.0	2	200 22 4
163	237	0.0	2	212 21 4
164	362	0.0	2	342 18 2
165	222	0.0	2	202 19 1
166	303	0.0	2	287 13 3
167	605	0.0	2	586 18 1
168	422	0.0	2	410 12
169	528	0.0	2	497 29 2
170	400	0.0	2	385 12 3
171	353	0.0	2	325 25 3
172	425	0.0	2	408 14 3
173	602	0.0	2	572 27 3
174	771	0.0	2	745 25 1
175	732	0.0	2	695 36 1
176	639	0.0	2	612 24 3
177	843	0.0	2	808 30 5
178	781	0.0	2	741 36 4
179	653	0.0	2	611 41 1
180	574	0.0	2	519 48 7
181	282	0.0	2	247 31 4
182	210	0.0	2	196 13 1
183	230	0.0	2	209 17 4
184	195	0.0	2	165 26 4
185	429	0.0	2	395 28 6
186	664	0.0	2	638 24 2
187	271	0.0	2	256 15
188	114	0.0	2	103 10 1
189	346	0.0	2	317 28 1
190	751	0.0	2	707 41 3
191	1009	0.0	2	963 45 1
192	673	0.0	2	641 32
193	708	0.0	2	667 35 6
194	578	0.0	2	538 39 1
195	521	0.0	2	478 38 5
196	268	0.0	2	247 21
197	174	0.0	2	154 16 4
198	226	0.0	2	198 25 3
199	506	0.0	2	472 31 3
200	784	0.0	2	737 42 5
201	389	0.0	2	361 27 1
202	797	0.0	2	751 46
203	1135	0.0	2	1058 71 6
204	542	0.0	2	501 37 4
205	867	0.0	2	816 45 6
206	737	0.0	2	675 58 4
207	1018	0.0	2	960 50 8
208	571	0.0	2	517 52 2
209	1156	0.0	2	1094 56 6
210	757	0.0	2	705 46 6
211	1495	0.0	2	1433 62
212	1511	0.0	2	1447 61 3
213	1422	0.0	2	1367 55
214	1489	0.0	2	1437 47 5
215	1086	0.0	2	1026 53 7
216	1051	0.0	2	980 68 3
217	567	0.0	2	530 33 4
218	277	0.0	2	230 46 1
219	905	0.0	2	842 58 5
220	311	0.0	2	290 18 3
221	328	0.0	2	281 40 7
222	1993	0.0	2	1863 120 10
223	2359	0.0	2	2267 88 4
224	777	0.0	2	728 45 4
225	2146	0.0	2	2059 80 7
226	2456	0.0	2	2361 89 6
227	3158	0.0	2	3025 125 8
228	741	0.0	2	685 51 5
229	2521	0.0	2	2433 82 6
230	730	0.0	2	665 60 5
231	1116	0.0	2	1057 54 5
232	482	0.0	2	450 28 4
233	768	0.0	2	724 38 6
234	2388	0.0	2	2296 84 8
235	820	0.0	2	783 37
236	1360	0.0	2	1305 49 6
237	783	0.0	2	737 42 4
238	705	0.0	2	672 28 5
239	914	0.0	2	858 50 6
240	1375	0.0	2	1293 75 7
241	3490	0.0	2	3367 118 5
242	1307	0.0	2	1253 54
243	1143	0.0	2	1114 29
244	1062	0.0	2	1027 33 2
245	801	0.0	2	765 34 2
246	906	0.0	2	857 47 2
247	451	0.0	2	423 24 4
248	232	0.0	2	213 14 5
249	959	0.0	2	913 39 7
250	2257	0.0	2	2179 77 1
251	2761	0.0	2	2676 83 2
252	723	0.0	2	696 26 1
253	713	0.0	2	688 24 1
254	1291	0.0	2	1251 40
255	1036	0.0	2	978 57 1
256	4391	0.0	2	4225 159 7
257	1920	0.0	2	1834 82 4
258	3102	0.0	2	3005 91 6
259	2095	0.0	2	2032 56 7
260	2346	0.0	2	2283 62 1
261	890	0.0	2	856 33 1
262	1178	0.0	2	1147 28 3
263	697	0.0	2	680 17
264	344	0.0	2	334 10
265	210	0.0	2	193 15 2
266	3536	0.0	2	3447 88 1
267	2205	0.0	2	2156 48 1
268	1055	0.0	2	1028 26 1
269	2105	0.0	2	2048 56 1
270	1626	0.0	2	1585 40 1
271	1835	0.0	2	1796 37 2
272	783	0.0	2	769 12 2
273	430	0.0	2	409 21
274	1284	0.0	2	1262 21 1
275	699	0.0	2	680 16 3
276	697	0.0	2	670 27
277	10685	0.0	2	10494 190 1
278	1834	0.0	2	1803 30 1
279	3125	0.0	2	3064 60 1
280	1222	0.0	2	1191 27 4
281	490	0.0	2	476 14
282	1415	0.0	2	1387 28
283	591	0.0	2	578 12 1
284	492	0.0	2	481 11
285	643	0.0	2	628 14 1
286	681	0.0	2	663 18
287	935	0.0	2	905 30
288	571	0.0	2	545 25 1
289	1752	0.0	2	1727 24 1
290	316	0.0	2	308 8
291	1657	0.0	2	1628 28 1
292	1105	0.0	2	1083 20 2
293	950	0.0	2	931 19
294	460	0.0	2	451 9
295	146	0.0	2	144 2
296	33	0.0	2	32 1
297	16	0.0	2	16
298	12	0.0	2	12
299	10614	0.0	2	10462 150 2
300	366	0.0	2	355 11
