This is cutadapt 2.6 with Python 3.7.16
Command line parameters: -a CCTACGGGNGGCWGCAG -A GACTACHVGGGTATCTAATCC -o trimmed_reads/Bact-2_S2_R1_trimmed.fastq.gz -p trimmed_reads/Bact-2_S2_R2_trimmed.fastq.gz clean_reads/Bact-2_S2_R1_clean.fastq.gz clean_reads/Bact-2_S2_R2_clean.fastq.gz
Processing reads on 1 core in paired-end mode ...
Finished in 1.88 s (40 us/read; 1.51 M reads/minute).

=== Summary ===

Total read pairs processed:             47,543
  Read 1 with adapter:                  47,431 (99.8%)
  Read 2 with adapter:                  47,480 (99.9%)
Pairs written (passing filters):        47,543 (100.0%)

Total basepairs processed:    24,496,318 bp
  Read 1:    12,901,100 bp
  Read 2:    11,595,218 bp
Total written (filtered):         42,557 bp (0.2%)
  Read 1:        29,839 bp
  Read 2:        12,718 bp

=== First read: Adapter 1 ===

Sequence: CCTACGGGNGGCWGCAG; Type: regular 3'; Length: 17; Trimmed: 47431 times.

No. of allowed errors:
0-9 bp: 0; 10-16 bp: 1

Bases preceding removed adapters:
  A: 0.0%
  C: 0.0%
  G: 0.0%
  T: 0.0%
  none/other: 99.9%

Overview of removed sequences
length	count	expect	max.err	error counts
3	1	742.9	0	1
50	23	0.0	1	22 1
51	12	0.0	1	12
52	4	0.0	1	4
53	6	0.0	1	6
54	3	0.0	1	3
55	16	0.0	1	16
56	1	0.0	1	1
57	5	0.0	1	5
58	3	0.0	1	3
59	12	0.0	1	12
60	6	0.0	1	6
61	3	0.0	1	3
62	11	0.0	1	11
63	3	0.0	1	3
64	3	0.0	1	3
65	7	0.0	1	5 2
66	16	0.0	1	16
67	25	0.0	1	24 1
68	10	0.0	1	10
69	13	0.0	1	13
70	13	0.0	1	13
71	7	0.0	1	5 2
72	6	0.0	1	6
73	8	0.0	1	8
74	11	0.0	1	11
75	10	0.0	1	10
76	14	0.0	1	14
77	21	0.0	1	20 1
78	20	0.0	1	20
79	23	0.0	1	23
80	11	0.0	1	11
81	12	0.0	1	12
82	14	0.0	1	14
83	2	0.0	1	2
84	10	0.0	1	10
85	15	0.0	1	14 1
86	10	0.0	1	10
87	33	0.0	1	30 3
88	5	0.0	1	5
90	1	0.0	1	1
91	8	0.0	1	8
92	24	0.0	1	24
93	27	0.0	1	27
94	20	0.0	1	20
95	11	0.0	1	11
96	10	0.0	1	10
97	22	0.0	1	21 1
98	11	0.0	1	11
99	56	0.0	1	53 3
100	61	0.0	1	60 1
101	51	0.0	1	51
102	25	0.0	1	24 1
103	18	0.0	1	18
104	10	0.0	1	10
105	10	0.0	1	10
106	12	0.0	1	12
107	14	0.0	1	14
108	12	0.0	1	12
109	10	0.0	1	8 2
110	5	0.0	1	5
111	35	0.0	1	34 1
112	69	0.0	1	68 1
113	62	0.0	1	61 1
114	61	0.0	1	61
115	47	0.0	1	46 1
116	56	0.0	1	55 1
117	49	0.0	1	49
118	39	0.0	1	38 1
119	32	0.0	1	32
120	33	0.0	1	31 2
121	41	0.0	1	40 1
122	37	0.0	1	37
123	36	0.0	1	35 1
124	23	0.0	1	23
125	43	0.0	1	42 1
126	28	0.0	1	27 1
127	34	0.0	1	34
128	69	0.0	1	66 3
129	18	0.0	1	16 2
130	25	0.0	1	24 1
131	26	0.0	1	26
132	20	0.0	1	20
133	17	0.0	1	16 1
134	20	0.0	1	20
135	29	0.0	1	28 1
136	25	0.0	1	22 3
137	20	0.0	1	20
138	17	0.0	1	17
139	16	0.0	1	15 1
140	33	0.0	1	33
141	15	0.0	1	15
142	21	0.0	1	21
143	15	0.0	1	14 1
144	28	0.0	1	27 1
145	20	0.0	1	20
146	35	0.0	1	35
147	22	0.0	1	21 1
148	27	0.0	1	27
149	31	0.0	1	30 1
150	20	0.0	1	20
151	13	0.0	1	13
152	13	0.0	1	12 1
153	12	0.0	1	11 1
154	13	0.0	1	13
155	18	0.0	1	17 1
156	21	0.0	1	21
157	13	0.0	1	13
158	16	0.0	1	15 1
159	13	0.0	1	13
160	20	0.0	1	20
161	22	0.0	1	21 1
162	27	0.0	1	26 1
163	42	0.0	1	39 3
164	13	0.0	1	13
165	37	0.0	1	35 2
166	39	0.0	1	39
167	21	0.0	1	20 1
168	21	0.0	1	20 1
169	36	0.0	1	36
170	36	0.0	1	35 1
171	36	0.0	1	36
172	64	0.0	1	63 1
173	55	0.0	1	52 3
174	42	0.0	1	40 2
175	29	0.0	1	29
176	23	0.0	1	22 1
177	34	0.0	1	32 2
178	17	0.0	1	17
179	26	0.0	1	26
180	25	0.0	1	25
181	21	0.0	1	21
182	29	0.0	1	29
183	29	0.0	1	29
184	27	0.0	1	27
185	42	0.0	1	41 1
186	39	0.0	1	39
187	32	0.0	1	30 2
188	31	0.0	1	31
189	34	0.0	1	32 2
190	44	0.0	1	41 3
191	44	0.0	1	43 1
192	41	0.0	1	39 2
193	45	0.0	1	42 3
194	35	0.0	1	32 3
195	42	0.0	1	41 1
196	53	0.0	1	48 5
197	53	0.0	1	52 1
198	55	0.0	1	54 1
199	62	0.0	1	61 1
200	50	0.0	1	48 2
201	61	0.0	1	61
202	49	0.0	1	46 3
203	46	0.0	1	46
204	55	0.0	1	52 3
205	43	0.0	1	41 2
206	51	0.0	1	51
207	54	0.0	1	52 2
208	63	0.0	1	58 5
209	88	0.0	1	88
210	86	0.0	1	84 2
211	70	0.0	1	70
212	84	0.0	1	81 3
213	79	0.0	1	74 5
214	66	0.0	1	66
215	73	0.0	1	67 6
216	55	0.0	1	53 2
217	76	0.0	1	70 6
218	98	0.0	1	94 4
219	133	0.0	1	130 3
220	66	0.0	1	62 4
221	54	0.0	1	52 2
222	84	0.0	1	79 5
223	99	0.0	1	98 1
224	96	0.0	1	94 2
225	73	0.0	1	72 1
226	84	0.0	1	78 6
227	100	0.0	1	95 5
228	144	0.0	1	140 4
229	92	0.0	1	87 5
230	130	0.0	1	128 2
231	114	0.0	1	110 4
232	110	0.0	1	108 2
233	119	0.0	1	115 4
234	124	0.0	1	122 2
235	108	0.0	1	104 4
236	124	0.0	1	118 6
237	162	0.0	1	157 5
238	183	0.0	1	171 12
239	247	0.0	1	238 9
240	354	0.0	1	338 16
241	146	0.0	1	140 6
242	85	0.0	1	85
243	61	0.0	1	59 2
244	105	0.0	1	104 1
245	95	0.0	1	94 1
246	135	0.0	1	132 3
247	219	0.0	1	210 9
248	163	0.0	1	161 2
249	139	0.0	1	135 4
250	146	0.0	1	144 2
251	220	0.0	1	213 7
252	225	0.0	1	219 6
253	341	0.0	1	331 10
254	142	0.0	1	139 3
255	109	0.0	1	107 2
256	141	0.0	1	135 6
257	247	0.0	1	245 2
258	263	0.0	1	255 8
259	161	0.0	1	157 4
260	205	0.0	1	199 6
261	249	0.0	1	240 9
262	240	0.0	1	233 7
263	405	0.0	1	394 11
264	355	0.0	1	346 9
265	273	0.0	1	263 10
266	435	0.0	1	427 8
267	562	0.0	1	544 18
268	473	0.0	1	451 22
269	364	0.0	1	350 14
270	323	0.0	1	310 13
271	450	0.0	1	433 17
272	462	0.0	1	448 14
273	339	0.0	1	326 13
274	443	0.0	1	428 15
275	284	0.0	1	273 11
276	240	0.0	1	230 10
277	369	0.0	1	361 8
278	320	0.0	1	302 18
279	412	0.0	1	391 21
280	319	0.0	1	311 8
281	452	0.0	1	442 10
282	348	0.0	1	338 10
283	359	0.0	1	352 7
284	475	0.0	1	454 21
285	480	0.0	1	459 21
286	526	0.0	1	509 17
287	459	0.0	1	443 16
288	316	0.0	1	306 10
289	744	0.0	1	721 23
290	446	0.0	1	432 14
291	561	0.0	1	544 17
292	491	0.0	1	469 22
293	367	0.0	1	356 11
294	467	0.0	1	458 9
295	405	0.0	1	392 13
296	364	0.0	1	347 17
297	155	0.0	1	148 7
298	6	0.0	1	5 1
299	13	0.0	1	11 2
300	21590	0.0	1	20913 677


=== Second read: Adapter 2 ===

Sequence: GACTACHVGGGTATCTAATCC; Type: regular 3'; Length: 21; Trimmed: 47480 times.

No. of allowed errors:
0-9 bp: 0; 10-19 bp: 1; 20-21 bp: 2

Bases preceding removed adapters:
  A: 0.0%
  C: 0.0%
  G: 0.0%
  T: 0.0%
  none/other: 100.0%

Overview of removed sequences
length	count	expect	max.err	error counts
3	2	742.9	0	2
50	15	0.0	2	9 5 1
51	2	0.0	2	1 1
52	5	0.0	2	2 3
53	4	0.0	2	2 2
54	16	0.0	2	14 2
55	33	0.0	2	25 8
56	57	0.0	2	56 1
57	79	0.0	2	76 3
58	67	0.0	2	65 2
59	43	0.0	2	39 3 1
60	23	0.0	2	22 1
61	7	0.0	2	6 1
62	8	0.0	2	8
63	6	0.0	2	5 1
64	5	0.0	2	5
65	7	0.0	2	4 3
66	5	0.0	2	4 1
67	86	0.0	2	83 2 1
68	81	0.0	2	78 3
69	65	0.0	2	62 3
70	35	0.0	2	34 1
71	13	0.0	2	11 2
72	5	0.0	2	4 1
73	6	0.0	2	6
74	5	0.0	2	3 1 1
75	6	0.0	2	5 1
76	5	0.0	2	5
77	1	0.0	2	1
78	4	0.0	2	2 2
79	3	0.0	2	3
80	4	0.0	2	3 1
81	13	0.0	2	12 1
82	8	0.0	2	7 1
83	4	0.0	2	4
84	10	0.0	2	8 1 1
85	8	0.0	2	5 2 1
86	11	0.0	2	6 3 2
87	8	0.0	2	8
88	6	0.0	2	6
89	3	0.0	2	3
90	5	0.0	2	5
91	3	0.0	2	3
92	3	0.0	2	3
93	20	0.0	2	20
94	28	0.0	2	25 2 1
95	18	0.0	2	18
96	12	0.0	2	10 2
97	9	0.0	2	8 1
98	10	0.0	2	10
99	10	0.0	2	8 2
100	7	0.0	2	7
101	12	0.0	2	10 2
102	7	0.0	2	5 2
103	7	0.0	2	5 2
104	4	0.0	2	3 1
105	6	0.0	2	3 1 2
106	5	0.0	2	5
107	3	0.0	2	3
108	1	0.0	2	1
109	1	0.0	2	0 1
110	4	0.0	2	4
111	2	0.0	2	2
112	6	0.0	2	6
113	1	0.0	2	1
114	4	0.0	2	4
115	8	0.0	2	7 0 1
116	12	0.0	2	12
117	7	0.0	2	4 3
118	10	0.0	2	7 3
119	8	0.0	2	6 2
120	8	0.0	2	5 2 1
121	12	0.0	2	11 0 1
122	8	0.0	2	7 0 1
123	21	0.0	2	20 1
124	27	0.0	2	24 2 1
125	13	0.0	2	13
126	14	0.0	2	12 2
127	14	0.0	2	12 2
128	8	0.0	2	8
129	6	0.0	2	5 1
130	8	0.0	2	8
131	2	0.0	2	1 0 1
132	6	0.0	2	6
133	108	0.0	2	106 2
134	153	0.0	2	150 2 1
135	108	0.0	2	106 2
136	37	0.0	2	34 3
137	9	0.0	2	8 1
138	1	0.0	2	1
139	4	0.0	2	3 1
140	29	0.0	2	29
141	13	0.0	2	9 4
142	27	0.0	2	26 1
143	29	0.0	2	28 1
144	36	0.0	2	33 3
145	73	0.0	2	70 3
146	76	0.0	2	71 3 2
147	55	0.0	2	46 8 1
148	38	0.0	2	36 2
149	8	0.0	2	7 1
150	23	0.0	2	20 3
151	16	0.0	2	12 4
152	28	0.0	2	25 2 1
153	18	0.0	2	17 1
154	37	0.0	2	35 2
155	89	0.0	2	83 6
156	173	0.0	2	162 9 2
157	123	0.0	2	120 3
158	91	0.0	2	86 4 1
159	48	0.0	2	45 3
160	27	0.0	2	22 4 1
161	33	0.0	2	32 1
162	15	0.0	2	14 1
163	25	0.0	2	24 1
164	49	0.0	2	46 3
165	26	0.0	2	25 1
166	26	0.0	2	23 2 1
167	107	0.0	2	102 3 2
168	71	0.0	2	70 1
169	111	0.0	2	106 5
170	75	0.0	2	73 2
171	75	0.0	2	64 11
172	53	0.0	2	51 2
173	119	0.0	2	113 6
174	105	0.0	2	100 5
175	92	0.0	2	89 3
176	75	0.0	2	70 5
177	80	0.0	2	77 2 1
178	65	0.0	2	62 3
179	91	0.0	2	84 7
180	91	0.0	2	85 4 2
181	40	0.0	2	38 2
182	22	0.0	2	19 3
183	19	0.0	2	18 1
184	33	0.0	2	31 2
185	57	0.0	2	53 3 1
186	52	0.0	2	50 1 1
187	51	0.0	2	49 2
188	29	0.0	2	28 1
189	67	0.0	2	64 2 1
190	137	0.0	2	127 9 1
191	172	0.0	2	167 5
192	144	0.0	2	137 7
193	249	0.0	2	238 11
194	215	0.0	2	209 6
195	263	0.0	2	252 11
196	64	0.0	2	63 1
197	37	0.0	2	33 4
198	61	0.0	2	58 3
199	109	0.0	2	96 10 3
200	132	0.0	2	128 4
201	101	0.0	2	94 4 3
202	213	0.0	2	202 10 1
203	367	0.0	2	356 10 1
204	189	0.0	2	178 11
205	292	0.0	2	269 21 2
206	235	0.0	2	213 22
207	279	0.0	2	263 15 1
208	101	0.0	2	92 9
209	213	0.0	2	203 9 1
210	143	0.0	2	136 6 1
211	362	0.0	2	340 21 1
212	251	0.0	2	244 6 1
213	320	0.0	2	308 12
214	280	0.0	2	269 10 1
215	175	0.0	2	167 8
216	150	0.0	2	145 3 2
217	53	0.0	2	49 3 1
218	33	0.0	2	23 10
219	225	0.0	2	215 9 1
220	137	0.0	2	129 5 3
221	105	0.0	2	97 7 1
222	439	0.0	2	416 23
223	588	0.0	2	568 19 1
224	309	0.0	2	288 18 3
225	665	0.0	2	644 20 1
226	711	0.0	2	686 23 2
227	973	0.0	2	940 30 3
228	301	0.0	2	274 25 2
229	619	0.0	2	597 20 2
230	185	0.0	2	166 13 6
231	165	0.0	2	161 4
232	110	0.0	2	105 2 3
233	225	0.0	2	203 21 1
234	480	0.0	2	468 10 2
235	167	0.0	2	161 6
236	72	0.0	2	70 1 1
237	14	0.0	2	12 1 1
238	11	0.0	2	9 1 1
239	56	0.0	2	32 20 4
240	683	0.0	2	629 49 5
241	1455	0.0	2	1415 37 3
242	954	0.0	2	919 34 1
243	937	0.0	2	910 25 2
244	409	0.0	2	394 10 5
245	266	0.0	2	256 8 2
246	128	0.0	2	119 9
247	69	0.0	2	65 3 1
248	87	0.0	2	78 8 1
249	706	0.0	2	684 19 3
250	1474	0.0	2	1415 56 3
251	1359	0.0	2	1325 33 1
252	391	0.0	2	383 8
253	184	0.0	2	176 7 1
254	393	0.0	2	381 12
255	240	0.0	2	225 14 1
256	983	0.0	2	955 25 3
257	598	0.0	2	564 31 3
258	752	0.0	2	730 19 3
259	691	0.0	2	673 17 1
260	674	0.0	2	659 15
261	488	0.0	2	479 9
262	456	0.0	2	441 15
263	275	0.0	2	266 8 1
264	130	0.0	2	125 3 2
265	168	0.0	2	154 14
266	564	0.0	2	548 15 1
267	689	0.0	2	669 20
268	452	0.0	2	441 11
269	558	0.0	2	541 17
270	559	0.0	2	536 23
271	631	0.0	2	617 14
272	128	0.0	2	125 2 1
273	100	0.0	2	95 4 1
274	217	0.0	2	212 5
275	63	0.0	2	60 3
276	101	0.0	2	88 10 3
277	956	0.0	2	926 27 3
278	369	0.0	2	360 9
279	557	0.0	2	546 11
280	727	0.0	2	712 15
281	280	0.0	2	270 9 1
282	448	0.0	2	433 15
283	337	0.0	2	330 7
284	202	0.0	2	197 4 1
285	276	0.0	2	268 8
286	118	0.0	2	110 7 1
287	372	0.0	2	367 5
288	100	0.0	2	97 3
289	873	0.0	2	853 19 1
290	77	0.0	2	77
291	625	0.0	2	600 25
292	599	0.0	2	584 15
293	394	0.0	2	387 7
294	127	0.0	2	125 2
295	31	0.0	2	31
296	9	0.0	2	9
297	16	0.0	2	16
298	2	0.0	2	2
300	4691	0.0	2	4582 108 1
