This is cutadapt 2.6 with Python 3.7.16
Command line parameters: -a CCTACGGGNGGCWGCAG -A GACTACHVGGGTATCTAATCC -o trimmed_reads/Bact-4_S4_R1_trimmed.fastq.gz -p trimmed_reads/Bact-4_S4_R2_trimmed.fastq.gz clean_reads/Bact-4_S4_R1_clean.fastq.gz clean_reads/Bact-4_S4_R2_clean.fastq.gz
Processing reads on 1 core in paired-end mode ...
Finished in 0.86 s (34 us/read; 1.76 M reads/minute).

=== Summary ===

Total read pairs processed:             25,042
  Read 1 with adapter:                  24,973 (99.7%)
  Read 2 with adapter:                  25,000 (99.8%)
Pairs written (passing filters):        25,042 (100.0%)

Total basepairs processed:    13,019,906 bp
  Read 1:     6,804,278 bp
  Read 2:     6,215,628 bp
Total written (filtered):         27,765 bp (0.2%)
  Read 1:        19,424 bp
  Read 2:         8,341 bp

=== First read: Adapter 1 ===

Sequence: CCTACGGGNGGCWGCAG; Type: regular 3'; Length: 17; Trimmed: 24973 times.

No. of allowed errors:
0-9 bp: 0; 10-16 bp: 1

Bases preceding removed adapters:
  A: 0.0%
  C: 0.0%
  G: 0.1%
  T: 0.0%
  none/other: 99.9%

Overview of removed sequences
length	count	expect	max.err	error counts
6	1	6.1	0	1
46	1	0.0	1	1
50	8	0.0	1	8
51	17	0.0	1	17
52	6	0.0	1	6
53	1	0.0	1	1
54	5	0.0	1	5
55	13	0.0	1	13
57	2	0.0	1	2
58	1	0.0	1	1
59	6	0.0	1	6
60	5	0.0	1	5
61	1	0.0	1	1
62	6	0.0	1	5 1
63	2	0.0	1	2
64	2	0.0	1	2
65	3	0.0	1	3
66	12	0.0	1	12
67	14	0.0	1	14
68	10	0.0	1	10
69	8	0.0	1	7 1
70	4	0.0	1	4
71	2	0.0	1	2
72	1	0.0	1	1
73	5	0.0	1	4 1
74	10	0.0	1	10
75	6	0.0	1	6
76	7	0.0	1	6 1
77	12	0.0	1	11 1
78	15	0.0	1	15
79	12	0.0	1	12
80	12	0.0	1	12
81	7	0.0	1	7
82	1	0.0	1	1
83	3	0.0	1	3
84	4	0.0	1	4
85	6	0.0	1	6
86	5	0.0	1	5
87	20	0.0	1	20
88	4	0.0	1	4
90	2	0.0	1	2
91	4	0.0	1	3 1
92	16	0.0	1	16
93	7	0.0	1	7
94	6	0.0	1	6
95	10	0.0	1	10
96	5	0.0	1	5
97	8	0.0	1	8
98	3	0.0	1	3
99	20	0.0	1	20
100	26	0.0	1	26
101	23	0.0	1	23
102	13	0.0	1	13
103	7	0.0	1	7
104	8	0.0	1	7 1
105	6	0.0	1	5 1
106	6	0.0	1	5 1
107	7	0.0	1	7
108	10	0.0	1	10
109	3	0.0	1	3
110	2	0.0	1	2
111	18	0.0	1	15 3
112	38	0.0	1	38
113	28	0.0	1	27 1
114	33	0.0	1	33
115	32	0.0	1	32
116	36	0.0	1	35 1
117	28	0.0	1	27 1
118	25	0.0	1	25
119	13	0.0	1	13
120	15	0.0	1	15
121	21	0.0	1	21
122	28	0.0	1	26 2
123	20	0.0	1	20
124	18	0.0	1	18
125	20	0.0	1	20
126	13	0.0	1	13
127	23	0.0	1	23
128	37	0.0	1	34 3
129	10	0.0	1	10
130	11	0.0	1	10 1
131	15	0.0	1	15
132	8	0.0	1	8
133	12	0.0	1	12
134	6	0.0	1	4 2
135	16	0.0	1	16
136	11	0.0	1	11
137	10	0.0	1	10
138	9	0.0	1	9
139	10	0.0	1	10
140	10	0.0	1	10
141	9	0.0	1	9
142	14	0.0	1	14
143	13	0.0	1	13
144	14	0.0	1	14
145	11	0.0	1	11
146	14	0.0	1	13 1
147	13	0.0	1	13
148	12	0.0	1	10 2
149	19	0.0	1	18 1
150	8	0.0	1	8
151	13	0.0	1	13
152	4	0.0	1	4
153	8	0.0	1	8
154	7	0.0	1	7
155	13	0.0	1	12 1
156	4	0.0	1	4
157	3	0.0	1	3
158	3	0.0	1	3
159	9	0.0	1	9
160	8	0.0	1	7 1
161	7	0.0	1	7
162	14	0.0	1	14
163	23	0.0	1	23
164	12	0.0	1	12
165	14	0.0	1	13 1
166	12	0.0	1	12
167	20	0.0	1	19 1
168	12	0.0	1	12
169	23	0.0	1	23
170	13	0.0	1	12 1
171	18	0.0	1	17 1
172	39	0.0	1	38 1
173	26	0.0	1	26
174	26	0.0	1	25 1
175	18	0.0	1	17 1
176	12	0.0	1	12
177	11	0.0	1	10 1
178	7	0.0	1	7
179	15	0.0	1	14 1
180	11	0.0	1	11
181	9	0.0	1	9
182	22	0.0	1	22
183	22	0.0	1	22
184	17	0.0	1	17
185	22	0.0	1	21 1
186	18	0.0	1	18
187	23	0.0	1	19 4
188	16	0.0	1	16
189	15	0.0	1	15
190	16	0.0	1	14 2
191	15	0.0	1	14 1
192	14	0.0	1	12 2
193	29	0.0	1	25 4
194	19	0.0	1	19
195	25	0.0	1	24 1
196	27	0.0	1	26 1
197	32	0.0	1	32
198	27	0.0	1	27
199	32	0.0	1	31 1
200	18	0.0	1	18
201	36	0.0	1	33 3
202	13	0.0	1	13
203	27	0.0	1	27
204	19	0.0	1	18 1
205	27	0.0	1	27
206	31	0.0	1	30 1
207	31	0.0	1	30 1
208	31	0.0	1	29 2
209	60	0.0	1	59 1
210	37	0.0	1	36 1
211	57	0.0	1	56 1
212	56	0.0	1	52 4
213	42	0.0	1	40 2
214	39	0.0	1	38 1
215	42	0.0	1	41 1
216	34	0.0	1	33 1
217	44	0.0	1	42 2
218	46	0.0	1	44 2
219	60	0.0	1	59 1
220	33	0.0	1	32 1
221	31	0.0	1	29 2
222	43	0.0	1	41 2
223	44	0.0	1	42 2
224	58	0.0	1	56 2
225	30	0.0	1	29 1
226	32	0.0	1	32
227	61	0.0	1	61
228	60	0.0	1	59 1
229	46	0.0	1	46
230	51	0.0	1	51
231	44	0.0	1	44
232	47	0.0	1	45 2
233	64	0.0	1	61 3
234	75	0.0	1	75
235	58	0.0	1	58
236	57	0.0	1	56 1
237	79	0.0	1	74 5
238	100	0.0	1	97 3
239	125	0.0	1	125
240	156	0.0	1	152 4
241	45	0.0	1	44 1
242	31	0.0	1	30 1
243	32	0.0	1	30 2
244	64	0.0	1	60 4
245	47	0.0	1	45 2
246	76	0.0	1	73 3
247	122	0.0	1	118 4
248	111	0.0	1	108 3
249	72	0.0	1	71 1
250	73	0.0	1	72 1
251	115	0.0	1	113 2
252	135	0.0	1	130 5
253	184	0.0	1	176 8
254	76	0.0	1	72 4
255	48	0.0	1	46 2
256	66	0.0	1	65 1
257	127	0.0	1	126 1
258	126	0.0	1	121 5
259	74	0.0	1	73 1
260	144	0.0	1	141 3
261	137	0.0	1	133 4
262	113	0.0	1	108 5
263	186	0.0	1	184 2
264	173	0.0	1	169 4
265	137	0.0	1	132 5
266	206	0.0	1	203 3
267	309	0.0	1	296 13
268	247	0.0	1	241 6
269	175	0.0	1	168 7
270	187	0.0	1	180 7
271	221	0.0	1	218 3
272	235	0.0	1	228 7
273	144	0.0	1	142 2
274	211	0.0	1	205 6
275	139	0.0	1	133 6
276	136	0.0	1	133 3
277	196	0.0	1	193 3
278	158	0.0	1	155 3
279	173	0.0	1	168 5
280	112	0.0	1	111 1
281	220	0.0	1	216 4
282	220	0.0	1	213 7
283	235	0.0	1	226 9
284	271	0.0	1	259 12
285	281	0.0	1	269 12
286	220	0.0	1	214 6
287	217	0.0	1	210 7
288	205	0.0	1	197 8
289	350	0.0	1	338 12
290	241	0.0	1	230 11
291	246	0.0	1	235 11
292	253	0.0	1	244 9
293	185	0.0	1	174 11
294	230	0.0	1	227 3
295	196	0.0	1	191 5
296	182	0.0	1	174 8
297	74	0.0	1	71 3
298	3	0.0	1	3
299	6	0.0	1	5 1
300	11773	0.0	1	11409 364


=== Second read: Adapter 2 ===

Sequence: GACTACHVGGGTATCTAATCC; Type: regular 3'; Length: 21; Trimmed: 25000 times.

No. of allowed errors:
0-9 bp: 0; 10-19 bp: 1; 20-21 bp: 2

Bases preceding removed adapters:
  A: 0.0%
  C: 0.0%
  G: 0.0%
  T: 0.0%
  none/other: 100.0%

Overview of removed sequences
length	count	expect	max.err	error counts
4	1	97.8	0	1
50	4	0.0	2	2 2
51	1	0.0	2	1
53	2	0.0	2	2
54	11	0.0	2	8 2 1
55	22	0.0	2	19 3
56	27	0.0	2	27
57	40	0.0	2	40
58	34	0.0	2	32 2
59	20	0.0	2	19 1
60	11	0.0	2	11
61	5	0.0	2	5
62	4	0.0	2	4
63	2	0.0	2	1 1
64	2	0.0	2	2
65	2	0.0	2	2
66	5	0.0	2	4 1
67	20	0.0	2	19 1
68	26	0.0	2	26
69	38	0.0	2	34 4
70	10	0.0	2	9 1
71	9	0.0	2	5 3 1
72	3	0.0	2	2 1
73	2	0.0	2	2
74	2	0.0	2	2
75	3	0.0	2	3
77	2	0.0	2	2
79	1	0.0	2	1
81	3	0.0	2	2 1
82	5	0.0	2	5
83	2	0.0	2	2
84	4	0.0	2	3 1
85	2	0.0	2	0 1 1
86	9	0.0	2	5 3 1
87	3	0.0	2	2 1
88	2	0.0	2	2
89	1	0.0	2	1
90	2	0.0	2	2
91	4	0.0	2	2 2
92	2	0.0	2	2
93	12	0.0	2	11 1
94	14	0.0	2	14
95	5	0.0	2	5
96	4	0.0	2	4
97	6	0.0	2	6
98	10	0.0	2	8 2
99	9	0.0	2	9
100	1	0.0	2	1
101	3	0.0	2	1 2
102	1	0.0	2	1
103	2	0.0	2	2
104	4	0.0	2	4
105	2	0.0	2	2
106	3	0.0	2	3
107	4	0.0	2	4
108	2	0.0	2	2
109	5	0.0	2	4 1
110	2	0.0	2	1 1
111	2	0.0	2	2
112	1	0.0	2	0 1
113	3	0.0	2	3
115	5	0.0	2	5
116	4	0.0	2	4
117	1	0.0	2	1
118	10	0.0	2	10
119	3	0.0	2	2 0 1
120	2	0.0	2	1 1
121	2	0.0	2	2
122	7	0.0	2	7
123	17	0.0	2	17
124	4	0.0	2	3 1
125	14	0.0	2	14
126	5	0.0	2	5
127	12	0.0	2	10 2
128	2	0.0	2	2
129	2	0.0	2	2
130	4	0.0	2	2 2
131	3	0.0	2	1 1 1
132	6	0.0	2	6
133	61	0.0	2	59 2
134	64	0.0	2	62 2
135	44	0.0	2	40 4
136	17	0.0	2	17
137	4	0.0	2	4
138	1	0.0	2	0 1
139	1	0.0	2	0 1
140	10	0.0	2	10
141	6	0.0	2	5 1
142	12	0.0	2	12
143	22	0.0	2	22
144	36	0.0	2	32 4
145	38	0.0	2	35 2 1
146	37	0.0	2	36 1
147	23	0.0	2	22 1
148	15	0.0	2	14 1
149	10	0.0	2	10
150	14	0.0	2	13 1
151	7	0.0	2	5 2
152	9	0.0	2	9
153	13	0.0	2	10 1 2
154	9	0.0	2	8 0 1
155	42	0.0	2	40 2
156	86	0.0	2	82 4
157	58	0.0	2	56 2
158	38	0.0	2	36 2
159	21	0.0	2	21
160	18	0.0	2	16 2
161	21	0.0	2	21
162	10	0.0	2	8 2
163	6	0.0	2	6
164	20	0.0	2	18 1 1
165	7	0.0	2	7
166	22	0.0	2	19 2 1
167	46	0.0	2	46
168	37	0.0	2	35 2
169	54	0.0	2	51 3
170	28	0.0	2	22 4 2
171	26	0.0	2	25 1
172	27	0.0	2	27
173	50	0.0	2	47 2 1
174	58	0.0	2	56 2
175	46	0.0	2	42 4
176	36	0.0	2	36
177	60	0.0	2	58 2
178	25	0.0	2	24 1
179	47	0.0	2	47
180	48	0.0	2	48
181	14	0.0	2	13 0 1
182	14	0.0	2	13 0 1
183	13	0.0	2	11 2
184	17	0.0	2	15 1 1
185	25	0.0	2	24 1
186	38	0.0	2	35 2 1
187	12	0.0	2	12
188	7	0.0	2	7
189	31	0.0	2	30 1
190	58	0.0	2	52 6
191	72	0.0	2	70 2
192	87	0.0	2	83 4
193	127	0.0	2	124 2 1
194	105	0.0	2	102 2 1
195	95	0.0	2	89 6
196	38	0.0	2	36 2
197	14	0.0	2	14
198	31	0.0	2	28 3
199	57	0.0	2	52 5
200	57	0.0	2	54 3
201	39	0.0	2	32 6 1
202	102	0.0	2	99 3
203	183	0.0	2	176 7
204	89	0.0	2	86 3
205	124	0.0	2	116 6 2
206	88	0.0	2	82 5 1
207	119	0.0	2	113 5 1
208	61	0.0	2	55 6
209	93	0.0	2	86 5 2
210	64	0.0	2	62 1 1
211	160	0.0	2	154 5 1
212	106	0.0	2	101 4 1
213	161	0.0	2	154 7
214	102	0.0	2	96 6
215	65	0.0	2	64 1
216	62	0.0	2	57 5
217	19	0.0	2	17 2
218	12	0.0	2	9 3
219	131	0.0	2	124 6 1
220	49	0.0	2	46 2 1
221	59	0.0	2	53 5 1
222	209	0.0	2	199 10
223	260	0.0	2	250 9 1
224	143	0.0	2	136 7
225	317	0.0	2	304 13
226	312	0.0	2	300 11 1
227	466	0.0	2	456 10
228	134	0.0	2	126 7 1
229	263	0.0	2	252 9 2
230	102	0.0	2	88 12 2
231	93	0.0	2	85 6 2
232	56	0.0	2	54 2
233	123	0.0	2	119 4
234	247	0.0	2	234 13
235	67	0.0	2	62 5
236	30	0.0	2	29 1
237	5	0.0	2	4 1
238	10	0.0	2	8 0 2
239	34	0.0	2	17 15 2
240	348	0.0	2	323 23 2
241	676	0.0	2	656 19 1
242	470	0.0	2	454 16
243	451	0.0	2	434 16 1
244	190	0.0	2	183 7
245	130	0.0	2	122 7 1
246	69	0.0	2	63 6
247	37	0.0	2	35 1 1
248	50	0.0	2	48 2
249	323	0.0	2	302 19 2
250	768	0.0	2	741 27
251	740	0.0	2	717 21 2
252	218	0.0	2	206 12
253	82	0.0	2	74 6 2
254	161	0.0	2	151 10
255	152	0.0	2	146 5 1
256	463	0.0	2	448 15
257	255	0.0	2	248 6 1
258	345	0.0	2	332 13
259	369	0.0	2	358 10 1
260	393	0.0	2	383 10
261	236	0.0	2	232 4
262	264	0.0	2	261 3
263	135	0.0	2	126 9
264	61	0.0	2	61
265	59	0.0	2	52 6 1
266	300	0.0	2	294 5 1
267	354	0.0	2	348 5 1
268	232	0.0	2	229 3
269	325	0.0	2	314 10 1
270	304	0.0	2	293 11
271	386	0.0	2	378 7 1
272	66	0.0	2	65 0 1
273	62	0.0	2	60 2
274	115	0.0	2	111 4
275	40	0.0	2	36 3 1
276	65	0.0	2	55 8 2
277	576	0.0	2	555 20 1
278	277	0.0	2	272 3 2
279	320	0.0	2	315 5
280	432	0.0	2	421 10 1
281	174	0.0	2	167 7
282	273	0.0	2	269 4
283	194	0.0	2	192 2
284	109	0.0	2	107 2
285	158	0.0	2	156 2
286	75	0.0	2	71 4
287	198	0.0	2	192 6
288	63	0.0	2	60 3
289	537	0.0	2	529 8
290	44	0.0	2	42 1 1
291	311	0.0	2	306 4 1
292	353	0.0	2	346 7
293	255	0.0	2	253 2
294	72	0.0	2	70 2
295	17	0.0	2	17
296	4	0.0	2	4
297	19	0.0	2	19
298	1	0.0	2	1
300	3237	0.0	2	3170 67
