This is cutadapt 2.6 with Python 3.7.16
Command line parameters: -a CCTACGGGNGGCWGCAG -A GACTACHVGGGTATCTAATCC -o trimmed_reads/Bact-27_S26_R1_trimmed.fastq.gz -p trimmed_reads/Bact-27_S26_R2_trimmed.fastq.gz clean_reads/Bact-27_S26_R1_clean.fastq.gz clean_reads/Bact-27_S26_R2_clean.fastq.gz
Processing reads on 1 core in paired-end mode ...
Finished in 0.94 s (34 us/read; 1.76 M reads/minute).

=== Summary ===

Total read pairs processed:             27,679
  Read 1 with adapter:                  27,616 (99.8%)
  Read 2 with adapter:                  27,629 (99.8%)
Pairs written (passing filters):        27,679 (100.0%)

Total basepairs processed:    14,146,848 bp
  Read 1:     7,476,117 bp
  Read 2:     6,670,731 bp
Total written (filtered):         26,597 bp (0.2%)
  Read 1:        16,928 bp
  Read 2:         9,669 bp

=== First read: Adapter 1 ===

Sequence: CCTACGGGNGGCWGCAG; Type: regular 3'; Length: 17; Trimmed: 27616 times.

No. of allowed errors:
0-9 bp: 0; 10-16 bp: 1

Bases preceding removed adapters:
  A: 0.0%
  C: 0.0%
  G: 0.1%
  T: 0.0%
  none/other: 99.9%

Overview of removed sequences
length	count	expect	max.err	error counts
3	2	432.5	0	2
23	1	0.0	1	1
29	1	0.0	1	1
50	5	0.0	1	5
51	18	0.0	1	15 3
52	5	0.0	1	5
53	1	0.0	1	1
54	1	0.0	1	1
55	12	0.0	1	12
57	7	0.0	1	7
58	1	0.0	1	1
59	5	0.0	1	5
60	2	0.0	1	2
61	5	0.0	1	5
62	5	0.0	1	5
63	3	0.0	1	3
64	2	0.0	1	2
65	3	0.0	1	3
66	7	0.0	1	7
67	22	0.0	1	22
68	11	0.0	1	11
69	7	0.0	1	7
70	9	0.0	1	9
71	3	0.0	1	3
72	2	0.0	1	2
73	7	0.0	1	6 1
74	9	0.0	1	8 1
75	3	0.0	1	3
76	9	0.0	1	9
77	20	0.0	1	20
78	15	0.0	1	15
79	13	0.0	1	11 2
80	9	0.0	1	8 1
81	8	0.0	1	8
82	9	0.0	1	9
83	4	0.0	1	4
84	4	0.0	1	4
85	5	0.0	1	4 1
86	5	0.0	1	5
87	17	0.0	1	16 1
88	6	0.0	1	6
90	1	0.0	1	1
91	2	0.0	1	2
92	16	0.0	1	16
93	12	0.0	1	12
94	11	0.0	1	11
95	7	0.0	1	7
96	8	0.0	1	8
97	7	0.0	1	7
98	7	0.0	1	7
99	30	0.0	1	29 1
100	37	0.0	1	37
101	27	0.0	1	25 2
102	10	0.0	1	10
103	14	0.0	1	14
104	8	0.0	1	8
105	4	0.0	1	4
106	5	0.0	1	5
107	12	0.0	1	12
108	10	0.0	1	10
109	3	0.0	1	3
110	1	0.0	1	1
111	28	0.0	1	28
112	42	0.0	1	41 1
113	42	0.0	1	42
114	44	0.0	1	44
115	43	0.0	1	42 1
116	39	0.0	1	38 1
117	17	0.0	1	16 1
118	23	0.0	1	23
119	23	0.0	1	23
120	22	0.0	1	20 2
121	19	0.0	1	19
122	24	0.0	1	24
123	33	0.0	1	33
124	16	0.0	1	16
125	30	0.0	1	29 1
126	20	0.0	1	20
127	20	0.0	1	18 2
128	42	0.0	1	41 1
129	17	0.0	1	17
130	13	0.0	1	13
131	16	0.0	1	16
132	13	0.0	1	13
133	9	0.0	1	8 1
134	21	0.0	1	21
135	28	0.0	1	28
136	11	0.0	1	11
137	14	0.0	1	14
138	6	0.0	1	6
139	17	0.0	1	15 2
140	9	0.0	1	8 1
141	7	0.0	1	7
142	11	0.0	1	11
143	10	0.0	1	9 1
144	22	0.0	1	21 1
145	12	0.0	1	11 1
146	21	0.0	1	21
147	12	0.0	1	12
148	9	0.0	1	9
149	20	0.0	1	19 1
150	15	0.0	1	15
151	14	0.0	1	14
152	7	0.0	1	7
153	10	0.0	1	9 1
154	3	0.0	1	2 1
155	8	0.0	1	8
156	19	0.0	1	19
157	10	0.0	1	8 2
158	7	0.0	1	7
159	11	0.0	1	11
160	7	0.0	1	6 1
161	11	0.0	1	11
162	12	0.0	1	12
163	43	0.0	1	42 1
164	11	0.0	1	11
165	16	0.0	1	15 1
166	16	0.0	1	15 1
167	13	0.0	1	13
168	14	0.0	1	14
169	21	0.0	1	21
170	21	0.0	1	19 2
171	16	0.0	1	15 1
172	49	0.0	1	49
173	25	0.0	1	24 1
174	22	0.0	1	21 1
175	18	0.0	1	18
176	15	0.0	1	15
177	21	0.0	1	21
178	7	0.0	1	7
179	14	0.0	1	14
180	16	0.0	1	16
181	12	0.0	1	12
182	20	0.0	1	20
183	18	0.0	1	18
184	18	0.0	1	18
185	16	0.0	1	16
186	15	0.0	1	14 1
187	31	0.0	1	30 1
188	16	0.0	1	15 1
189	15	0.0	1	15
190	31	0.0	1	31
191	24	0.0	1	24
192	23	0.0	1	23
193	41	0.0	1	41
194	20	0.0	1	20
195	28	0.0	1	27 1
196	30	0.0	1	28 2
197	41	0.0	1	41
198	37	0.0	1	36 1
199	47	0.0	1	44 3
200	32	0.0	1	30 2
201	28	0.0	1	26 2
202	28	0.0	1	27 1
203	22	0.0	1	21 1
204	20	0.0	1	19 1
205	29	0.0	1	28 1
206	30	0.0	1	28 2
207	38	0.0	1	38
208	32	0.0	1	32
209	42	0.0	1	42
210	42	0.0	1	40 2
211	42	0.0	1	42
212	63	0.0	1	62 1
213	40	0.0	1	39 1
214	45	0.0	1	42 3
215	41	0.0	1	40 1
216	26	0.0	1	26
217	50	0.0	1	50
218	52	0.0	1	50 2
219	69	0.0	1	65 4
220	48	0.0	1	43 5
221	29	0.0	1	27 2
222	49	0.0	1	48 1
223	44	0.0	1	44
224	47	0.0	1	47
225	42	0.0	1	41 1
226	50	0.0	1	47 3
227	66	0.0	1	64 2
228	78	0.0	1	76 2
229	57	0.0	1	56 1
230	77	0.0	1	75 2
231	54	0.0	1	46 8
232	64	0.0	1	64
233	68	0.0	1	66 2
234	74	0.0	1	70 4
235	75	0.0	1	71 4
236	67	0.0	1	63 4
237	105	0.0	1	103 2
238	105	0.0	1	99 6
239	139	0.0	1	133 6
240	196	0.0	1	190 6
241	81	0.0	1	77 4
242	56	0.0	1	54 2
243	32	0.0	1	32
244	59	0.0	1	56 3
245	65	0.0	1	64 1
246	111	0.0	1	107 4
247	137	0.0	1	133 4
248	97	0.0	1	91 6
249	94	0.0	1	93 1
250	86	0.0	1	82 4
251	130	0.0	1	129 1
252	140	0.0	1	134 6
253	193	0.0	1	187 6
254	105	0.0	1	103 2
255	57	0.0	1	57
256	80	0.0	1	80
257	161	0.0	1	158 3
258	145	0.0	1	138 7
259	103	0.0	1	101 2
260	122	0.0	1	115 7
261	108	0.0	1	105 3
262	122	0.0	1	116 6
263	254	0.0	1	246 8
264	217	0.0	1	206 11
265	172	0.0	1	165 7
266	287	0.0	1	274 13
267	362	0.0	1	347 15
268	286	0.0	1	280 6
269	232	0.0	1	224 8
270	215	0.0	1	207 8
271	313	0.0	1	305 8
272	274	0.0	1	269 5
273	201	0.0	1	193 8
274	250	0.0	1	249 1
275	140	0.0	1	137 3
276	159	0.0	1	152 7
277	219	0.0	1	211 8
278	171	0.0	1	164 7
279	229	0.0	1	225 4
280	169	0.0	1	164 5
281	271	0.0	1	262 9
282	235	0.0	1	227 8
283	272	0.0	1	261 11
284	268	0.0	1	257 11
285	316	0.0	1	306 10
286	284	0.0	1	270 14
287	248	0.0	1	242 6
288	214	0.0	1	207 7
289	429	0.0	1	419 10
290	313	0.0	1	306 7
291	322	0.0	1	316 6
292	284	0.0	1	279 5
293	246	0.0	1	237 9
294	286	0.0	1	275 11
295	216	0.0	1	208 8
296	224	0.0	1	211 13
297	73	0.0	1	72 1
298	1	0.0	1	1
299	15	0.0	1	14 1
300	12045	0.0	1	11695 350


=== Second read: Adapter 2 ===

Sequence: GACTACHVGGGTATCTAATCC; Type: regular 3'; Length: 21; Trimmed: 27629 times.

No. of allowed errors:
0-9 bp: 0; 10-19 bp: 1; 20-21 bp: 2

Bases preceding removed adapters:
  A: 0.0%
  C: 0.0%
  G: 0.0%
  T: 0.0%
  none/other: 99.9%

Overview of removed sequences
length	count	expect	max.err	error counts
3	1	432.5	0	1
4	1	108.1	0	1
50	4	0.0	2	2 2
51	4	0.0	2	1 2 1
52	4	0.0	2	3 1
53	3	0.0	2	1 1 1
54	6	0.0	2	4 0 2
55	12	0.0	2	8 4
56	34	0.0	2	33 1
57	61	0.0	2	61
58	37	0.0	2	35 2
59	23	0.0	2	22 1
60	9	0.0	2	8 0 1
61	10	0.0	2	7 2 1
62	6	0.0	2	5 1
63	1	0.0	2	1
64	5	0.0	2	4 0 1
65	5	0.0	2	5
66	7	0.0	2	7
67	42	0.0	2	40 1 1
68	35	0.0	2	34 1
69	26	0.0	2	24 1 1
70	7	0.0	2	5 2
71	14	0.0	2	11 3
72	3	0.0	2	3
73	2	0.0	2	2
74	5	0.0	2	3 2
75	4	0.0	2	3 1
76	3	0.0	2	3
77	2	0.0	2	2
78	2	0.0	2	1 1
79	2	0.0	2	2
80	1	0.0	2	1
81	6	0.0	2	6
82	3	0.0	2	3
83	1	0.0	2	1
84	6	0.0	2	6
85	5	0.0	2	3 1 1
86	9	0.0	2	7 1 1
87	3	0.0	2	2 1
88	5	0.0	2	4 1
89	3	0.0	2	3
90	2	0.0	2	2
91	2	0.0	2	2
92	6	0.0	2	6
93	16	0.0	2	15 1
94	8	0.0	2	8
95	7	0.0	2	6 1
96	6	0.0	2	6
97	3	0.0	2	2 1
98	5	0.0	2	4 1
99	8	0.0	2	7 0 1
100	4	0.0	2	4
101	4	0.0	2	4
102	3	0.0	2	3
103	2	0.0	2	1 1
104	3	0.0	2	3
105	3	0.0	2	3
106	7	0.0	2	2 3 2
107	3	0.0	2	3
108	4	0.0	2	3 1
109	1	0.0	2	1
110	2	0.0	2	1 1
111	2	0.0	2	2
113	1	0.0	2	1
114	1	0.0	2	1
115	3	0.0	2	2 1
116	8	0.0	2	6 2
117	4	0.0	2	3 1
118	7	0.0	2	5 2
119	6	0.0	2	6
120	5	0.0	2	3 2
121	4	0.0	2	4
122	9	0.0	2	8 1
123	7	0.0	2	5 1 1
124	8	0.0	2	7 1
125	3	0.0	2	2 1
126	14	0.0	2	14
127	14	0.0	2	11 2 1
128	4	0.0	2	4
129	5	0.0	2	5
130	6	0.0	2	4 1 1
131	3	0.0	2	1 2
132	13	0.0	2	11 2
133	67	0.0	2	65 2
134	111	0.0	2	106 5
135	72	0.0	2	69 3
136	20	0.0	2	19 1
137	8	0.0	2	7 1
138	2	0.0	2	2
139	3	0.0	2	3
140	18	0.0	2	17 1
141	9	0.0	2	8 1
142	19	0.0	2	13 6
143	25	0.0	2	22 3
144	22	0.0	2	21 0 1
145	46	0.0	2	44 2
146	45	0.0	2	41 4
147	33	0.0	2	32 1
148	17	0.0	2	16 1
149	16	0.0	2	15 1
150	13	0.0	2	11 2
151	10	0.0	2	8 2
152	25	0.0	2	23 2
153	18	0.0	2	16 2
154	26	0.0	2	24 2
155	60	0.0	2	58 2
156	125	0.0	2	120 4 1
157	72	0.0	2	71 1
158	72	0.0	2	67 5
159	43	0.0	2	39 2 2
160	9	0.0	2	9
161	10	0.0	2	10
162	22	0.0	2	20 0 2
163	20	0.0	2	19 1
164	32	0.0	2	28 4
165	27	0.0	2	25 2
166	20	0.0	2	20
167	61	0.0	2	57 3 1
168	49	0.0	2	48 1
169	60	0.0	2	54 5 1
170	44	0.0	2	42 2
171	51	0.0	2	49 2
172	59	0.0	2	56 2 1
173	75	0.0	2	72 3
174	79	0.0	2	72 7
175	52	0.0	2	51 1
176	41	0.0	2	41
177	50	0.0	2	50
178	57	0.0	2	55 2
179	61	0.0	2	57 4
180	73	0.0	2	69 3 1
181	20	0.0	2	19 1
182	21	0.0	2	18 3
183	17	0.0	2	17
184	29	0.0	2	28 1
185	48	0.0	2	45 3
186	40	0.0	2	35 4 1
187	33	0.0	2	31 2
188	14	0.0	2	12 2
189	45	0.0	2	44 1
190	90	0.0	2	87 3
191	106	0.0	2	98 6 2
192	131	0.0	2	127 4
193	161	0.0	2	154 7
194	162	0.0	2	154 8
195	130	0.0	2	123 7
196	50	0.0	2	49 1
197	23	0.0	2	20 2 1
198	32	0.0	2	30 2
199	72	0.0	2	68 3 1
200	104	0.0	2	96 8
201	57	0.0	2	52 5
202	132	0.0	2	126 6
203	227	0.0	2	216 8 3
204	104	0.0	2	96 6 2
205	185	0.0	2	175 7 3
206	150	0.0	2	137 12 1
207	170	0.0	2	165 5
208	64	0.0	2	61 2 1
209	147	0.0	2	144 2 1
210	113	0.0	2	110 3
211	283	0.0	2	273 10
212	185	0.0	2	180 4 1
213	220	0.0	2	209 9 2
214	154	0.0	2	149 4 1
215	124	0.0	2	120 4
216	73	0.0	2	70 2 1
217	31	0.0	2	30 1
218	24	0.0	2	20 4
219	143	0.0	2	139 4
220	82	0.0	2	82
221	74	0.0	2	61 12 1
222	259	0.0	2	242 15 2
223	376	0.0	2	369 7
224	202	0.0	2	191 9 2
225	411	0.0	2	398 13
226	454	0.0	2	434 20
227	572	0.0	2	550 22
228	136	0.0	2	123 13
229	368	0.0	2	353 13 2
230	127	0.0	2	116 8 3
231	100	0.0	2	97 3
232	64	0.0	2	62 2
233	149	0.0	2	142 7
234	299	0.0	2	287 12
235	90	0.0	2	85 5
236	45	0.0	2	43 2
237	13	0.0	2	12 0 1
238	6	0.0	2	4 2
239	24	0.0	2	15 5 4
240	417	0.0	2	398 19
241	860	0.0	2	835 24 1
242	552	0.0	2	532 18 2
243	505	0.0	2	487 15 3
244	218	0.0	2	214 4
245	138	0.0	2	133 4 1
246	56	0.0	2	53 2 1
247	42	0.0	2	40 2
248	53	0.0	2	52 1
249	387	0.0	2	369 16 2
250	869	0.0	2	844 23 2
251	934	0.0	2	909 25
252	211	0.0	2	203 8
253	122	0.0	2	117 3 2
254	243	0.0	2	236 6 1
255	139	0.0	2	125 13 1
256	553	0.0	2	531 21 1
257	304	0.0	2	290 13 1
258	350	0.0	2	344 6
259	352	0.0	2	340 10 2
260	388	0.0	2	384 3 1
261	209	0.0	2	201 8
262	272	0.0	2	268 4
263	121	0.0	2	115 5 1
264	66	0.0	2	64 2
265	94	0.0	2	89 3 2
266	286	0.0	2	278 8
267	386	0.0	2	383 3
268	275	0.0	2	270 4 1
269	352	0.0	2	341 11
270	338	0.0	2	324 14
271	375	0.0	2	355 18 2
272	70	0.0	2	65 4 1
273	57	0.0	2	54 3
274	132	0.0	2	129 3
275	30	0.0	2	24 5 1
276	40	0.0	2	35 5
277	565	0.0	2	545 19 1
278	202	0.0	2	197 5
279	320	0.0	2	312 7 1
280	458	0.0	2	450 8
281	126	0.0	2	122 2 2
282	258	0.0	2	256 2
283	219	0.0	2	215 4
284	122	0.0	2	120 2
285	150	0.0	2	145 5
286	90	0.0	2	87 3
287	221	0.0	2	214 7
288	52	0.0	2	50 2
289	446	0.0	2	437 9
290	38	0.0	2	37 1
291	274	0.0	2	268 6
292	286	0.0	2	275 11
293	232	0.0	2	219 13
294	77	0.0	2	77
295	18	0.0	2	18
296	3	0.0	2	3
297	11	0.0	2	11
298	1	0.0	2	1
300	2302	0.0	2	2241 60 1
