This is cutadapt 2.6 with Python 3.7.16
Command line parameters: -a CCTACGGGNGGCWGCAG -A GACTACHVGGGTATCTAATCC -o trimmed_reads/Bact-42_S41_R1_trimmed.fastq.gz -p trimmed_reads/Bact-42_S41_R2_trimmed.fastq.gz clean_reads/Bact-42_S41_R1_clean.fastq.gz clean_reads/Bact-42_S41_R2_clean.fastq.gz
Processing reads on 1 core in paired-end mode ...
Finished in 1.44 s (32 us/read; 1.87 M reads/minute).

=== Summary ===

Total read pairs processed:             44,806
  Read 1 with adapter:                  44,691 (99.7%)
  Read 2 with adapter:                  44,741 (99.9%)
Pairs written (passing filters):        44,806 (100.0%)

Total basepairs processed:    23,148,903 bp
  Read 1:    12,163,910 bp
  Read 2:    10,984,993 bp
Total written (filtered):         44,884 bp (0.2%)
  Read 1:        31,688 bp
  Read 2:        13,196 bp

=== First read: Adapter 1 ===

Sequence: CCTACGGGNGGCWGCAG; Type: regular 3'; Length: 17; Trimmed: 44691 times.

No. of allowed errors:
0-9 bp: 0; 10-16 bp: 1

Bases preceding removed adapters:
  A: 0.0%
  C: 0.0%
  G: 0.1%
  T: 0.0%
  none/other: 99.9%

Overview of removed sequences
length	count	expect	max.err	error counts
3	2	700.1	0	2
12	1	0.0	1	1
27	1	0.0	1	1
30	1	0.0	1	1
42	1	0.0	1	1
50	19	0.0	1	17 2
51	20	0.0	1	17 3
52	8	0.0	1	7 1
53	2	0.0	1	2
54	6	0.0	1	6
55	20	0.0	1	20
57	3	0.0	1	3
58	4	0.0	1	4
59	8	0.0	1	5 3
60	8	0.0	1	8
61	2	0.0	1	1 1
62	6	0.0	1	6
63	4	0.0	1	3 1
64	3	0.0	1	2 1
65	5	0.0	1	4 1
66	11	0.0	1	10 1
67	20	0.0	1	18 2
68	13	0.0	1	12 1
69	15	0.0	1	14 1
70	15	0.0	1	15
71	2	0.0	1	2
72	3	0.0	1	3
73	6	0.0	1	6
74	21	0.0	1	20 1
75	3	0.0	1	3
76	23	0.0	1	23
77	28	0.0	1	27 1
78	20	0.0	1	20
79	9	0.0	1	9
80	11	0.0	1	10 1
81	3	0.0	1	3
82	10	0.0	1	10
83	4	0.0	1	4
84	8	0.0	1	8
85	7	0.0	1	7
86	13	0.0	1	12 1
87	31	0.0	1	31
88	2	0.0	1	2
89	3	0.0	1	3
91	9	0.0	1	8 1
92	21	0.0	1	21
93	24	0.0	1	23 1
94	22	0.0	1	22
95	6	0.0	1	6
96	16	0.0	1	15 1
97	16	0.0	1	16
98	18	0.0	1	18
99	50	0.0	1	50
100	53	0.0	1	52 1
101	61	0.0	1	60 1
102	18	0.0	1	17 1
103	17	0.0	1	16 1
104	11	0.0	1	11
105	11	0.0	1	11
106	8	0.0	1	8
107	15	0.0	1	15
108	18	0.0	1	17 1
109	10	0.0	1	10
110	8	0.0	1	8
111	42	0.0	1	40 2
112	72	0.0	1	72
113	57	0.0	1	57
114	69	0.0	1	65 4
115	60	0.0	1	58 2
116	77	0.0	1	76 1
117	51	0.0	1	50 1
118	44	0.0	1	44
119	39	0.0	1	38 1
120	38	0.0	1	37 1
121	38	0.0	1	38
122	34	0.0	1	32 2
123	41	0.0	1	40 1
124	43	0.0	1	43
125	40	0.0	1	39 1
126	35	0.0	1	34 1
127	51	0.0	1	50 1
128	88	0.0	1	87 1
129	18	0.0	1	17 1
130	24	0.0	1	24
131	27	0.0	1	27
132	18	0.0	1	17 1
133	24	0.0	1	24
134	15	0.0	1	15
135	25	0.0	1	25
136	14	0.0	1	14
137	14	0.0	1	14
138	17	0.0	1	17
139	8	0.0	1	8
140	21	0.0	1	21
141	12	0.0	1	12
142	14	0.0	1	14
143	17	0.0	1	17
144	31	0.0	1	31
145	22	0.0	1	20 2
146	30	0.0	1	29 1
147	24	0.0	1	24
148	14	0.0	1	14
149	30	0.0	1	30
150	22	0.0	1	22
151	16	0.0	1	16
152	17	0.0	1	17
153	18	0.0	1	17 1
154	14	0.0	1	13 1
155	20	0.0	1	20
156	14	0.0	1	12 2
157	19	0.0	1	19
158	9	0.0	1	9
159	11	0.0	1	10 1
160	16	0.0	1	16
161	23	0.0	1	23
162	28	0.0	1	26 2
163	36	0.0	1	35 1
164	23	0.0	1	21 2
165	35	0.0	1	34 1
166	27	0.0	1	24 3
167	29	0.0	1	29
168	32	0.0	1	32
169	35	0.0	1	34 1
170	47	0.0	1	46 1
171	49	0.0	1	48 1
172	59	0.0	1	58 1
173	53	0.0	1	53
174	21	0.0	1	21
175	37	0.0	1	35 2
176	19	0.0	1	19
177	28	0.0	1	28
178	15	0.0	1	15
179	16	0.0	1	16
180	24	0.0	1	22 2
181	23	0.0	1	22 1
182	34	0.0	1	33 1
183	34	0.0	1	32 2
184	29	0.0	1	28 1
185	38	0.0	1	38
186	47	0.0	1	45 2
187	38	0.0	1	38
188	43	0.0	1	43
189	32	0.0	1	30 2
190	46	0.0	1	45 1
191	38	0.0	1	38
192	20	0.0	1	20
193	54	0.0	1	52 2
194	38	0.0	1	37 1
195	60	0.0	1	59 1
196	49	0.0	1	49
197	42	0.0	1	40 2
198	60	0.0	1	55 5
199	47	0.0	1	45 2
200	44	0.0	1	43 1
201	46	0.0	1	41 5
202	38	0.0	1	37 1
203	34	0.0	1	32 2
204	28	0.0	1	26 2
205	45	0.0	1	43 2
206	50	0.0	1	49 1
207	61	0.0	1	60 1
208	56	0.0	1	56
209	77	0.0	1	73 4
210	70	0.0	1	67 3
211	65	0.0	1	63 2
212	75	0.0	1	72 3
213	52	0.0	1	50 2
214	49	0.0	1	47 2
215	58	0.0	1	57 1
216	44	0.0	1	40 4
217	91	0.0	1	88 3
218	78	0.0	1	71 7
219	123	0.0	1	119 4
220	60	0.0	1	59 1
221	46	0.0	1	46
222	87	0.0	1	86 1
223	74	0.0	1	72 2
224	71	0.0	1	65 6
225	56	0.0	1	53 3
226	73	0.0	1	72 1
227	93	0.0	1	90 3
228	100	0.0	1	95 5
229	94	0.0	1	89 5
230	100	0.0	1	93 7
231	77	0.0	1	72 5
232	85	0.0	1	84 1
233	102	0.0	1	99 3
234	123	0.0	1	120 3
235	120	0.0	1	117 3
236	90	0.0	1	85 5
237	112	0.0	1	105 7
238	153	0.0	1	149 4
239	193	0.0	1	186 7
240	304	0.0	1	294 10
241	93	0.0	1	90 3
242	76	0.0	1	74 2
243	53	0.0	1	49 4
244	89	0.0	1	87 2
245	70	0.0	1	65 5
246	133	0.0	1	128 5
247	189	0.0	1	181 8
248	125	0.0	1	123 2
249	137	0.0	1	132 5
250	107	0.0	1	102 5
251	168	0.0	1	161 7
252	213	0.0	1	203 10
253	324	0.0	1	315 9
254	137	0.0	1	131 6
255	92	0.0	1	88 4
256	145	0.0	1	139 6
257	174	0.0	1	172 2
258	201	0.0	1	191 10
259	135	0.0	1	130 5
260	213	0.0	1	204 9
261	204	0.0	1	199 5
262	208	0.0	1	199 9
263	325	0.0	1	318 7
264	354	0.0	1	340 14
265	263	0.0	1	253 10
266	445	0.0	1	432 13
267	531	0.0	1	509 22
268	434	0.0	1	422 12
269	365	0.0	1	358 7
270	327	0.0	1	312 15
271	490	0.0	1	475 15
272	415	0.0	1	401 14
273	303	0.0	1	286 17
274	480	0.0	1	471 9
275	218	0.0	1	210 8
276	217	0.0	1	203 14
277	316	0.0	1	308 8
278	277	0.0	1	263 14
279	337	0.0	1	325 12
280	258	0.0	1	249 9
281	457	0.0	1	443 14
282	331	0.0	1	309 22
283	344	0.0	1	333 11
284	413	0.0	1	398 15
285	439	0.0	1	419 20
286	514	0.0	1	497 17
287	393	0.0	1	377 16
288	346	0.0	1	334 12
289	658	0.0	1	634 24
290	481	0.0	1	469 12
291	429	0.0	1	417 12
292	578	0.0	1	553 25
293	406	0.0	1	396 10
294	461	0.0	1	433 28
295	304	0.0	1	291 13
296	375	0.0	1	358 17
297	135	0.0	1	131 4
298	8	0.0	1	8
299	13	0.0	1	11 2
300	20829	0.0	1	20126 703


=== Second read: Adapter 2 ===

Sequence: GACTACHVGGGTATCTAATCC; Type: regular 3'; Length: 21; Trimmed: 44741 times.

No. of allowed errors:
0-9 bp: 0; 10-19 bp: 1; 20-21 bp: 2

Bases preceding removed adapters:
  A: 0.0%
  C: 0.0%
  G: 0.0%
  T: 0.0%
  none/other: 100.0%

Overview of removed sequences
length	count	expect	max.err	error counts
3	1	700.1	0	1
4	1	175.0	0	1
50	11	0.0	2	7 3 1
51	2	0.0	2	1 0 1
52	4	0.0	2	2 2
53	4	0.0	2	4
54	16	0.0	2	8 4 4
55	15	0.0	2	13 1 1
56	48	0.0	2	47 1
57	83	0.0	2	82 1
58	59	0.0	2	58 1
59	37	0.0	2	36 1
60	24	0.0	2	23 1
61	14	0.0	2	13 0 1
62	10	0.0	2	9 1
63	7	0.0	2	7
64	6	0.0	2	6
65	5	0.0	2	5
66	3	0.0	2	3
67	52	0.0	2	49 3
68	49	0.0	2	48 1
69	27	0.0	2	26 1
70	24	0.0	2	24
71	10	0.0	2	9 1
72	11	0.0	2	10 1
73	4	0.0	2	4
74	2	0.0	2	2
75	4	0.0	2	3 1
76	3	0.0	2	2 1
77	3	0.0	2	2 1
78	4	0.0	2	2 2
79	3	0.0	2	3
80	2	0.0	2	1 1
81	8	0.0	2	8
82	9	0.0	2	8 1
83	5	0.0	2	3 2
84	4	0.0	2	3 1
85	7	0.0	2	4 2 1
86	7	0.0	2	3 4
87	6	0.0	2	3 2 1
88	6	0.0	2	5 1
89	3	0.0	2	2 0 1
90	2	0.0	2	2
91	6	0.0	2	4 2
92	11	0.0	2	10 1
93	23	0.0	2	23
94	16	0.0	2	15 0 1
95	10	0.0	2	9 1
96	16	0.0	2	12 4
97	14	0.0	2	13 1
98	11	0.0	2	9 1 1
99	17	0.0	2	15 2
100	4	0.0	2	4
101	10	0.0	2	9 1
102	4	0.0	2	3 1
103	2	0.0	2	1 1
104	4	0.0	2	3 1
105	4	0.0	2	3 1
106	5	0.0	2	5
107	2	0.0	2	2
108	4	0.0	2	4
109	7	0.0	2	7
110	3	0.0	2	2 1
111	5	0.0	2	4 0 1
112	5	0.0	2	5
113	2	0.0	2	1 1
114	2	0.0	2	2
115	3	0.0	2	2 1
116	6	0.0	2	4 2
117	6	0.0	2	3 3
118	16	0.0	2	13 3
119	2	0.0	2	2
120	7	0.0	2	4 3
121	4	0.0	2	4
122	13	0.0	2	12 1
123	28	0.0	2	25 3
124	13	0.0	2	13
125	27	0.0	2	26 0 1
126	20	0.0	2	20
127	14	0.0	2	12 2
128	8	0.0	2	7 1
129	1	0.0	2	1
130	8	0.0	2	7 0 1
131	2	0.0	2	1 1
132	13	0.0	2	12 0 1
133	103	0.0	2	95 7 1
134	125	0.0	2	122 3
135	87	0.0	2	83 4
136	29	0.0	2	29
137	8	0.0	2	8
138	3	0.0	2	3
139	6	0.0	2	4 2
140	22	0.0	2	22
141	12	0.0	2	9 3
142	21	0.0	2	20 1
143	38	0.0	2	34 4
144	27	0.0	2	24 3
145	65	0.0	2	60 4 1
146	55	0.0	2	52 3
147	50	0.0	2	46 4
148	18	0.0	2	16 2
149	19	0.0	2	14 5
150	28	0.0	2	25 2 1
151	12	0.0	2	11 1
152	22	0.0	2	19 3
153	25	0.0	2	24 1
154	30	0.0	2	27 3
155	78	0.0	2	75 3
156	176	0.0	2	168 8
157	108	0.0	2	101 7
158	89	0.0	2	87 2
159	58	0.0	2	56 2
160	32	0.0	2	29 3
161	21	0.0	2	21
162	24	0.0	2	24
163	22	0.0	2	22
164	42	0.0	2	39 3
165	32	0.0	2	32
166	43	0.0	2	43
167	84	0.0	2	79 5
168	69	0.0	2	66 3
169	104	0.0	2	101 3
170	63	0.0	2	55 8
171	72	0.0	2	68 4
172	63	0.0	2	61 1 1
173	85	0.0	2	80 4 1
174	131	0.0	2	128 3
175	97	0.0	2	90 7
176	56	0.0	2	54 2
177	93	0.0	2	90 3
178	72	0.0	2	70 1 1
179	84	0.0	2	82 1 1
180	111	0.0	2	107 4
181	33	0.0	2	30 3
182	39	0.0	2	34 4 1
183	38	0.0	2	37 1
184	56	0.0	2	50 5 1
185	76	0.0	2	71 5
186	59	0.0	2	53 6
187	48	0.0	2	46 2
188	34	0.0	2	29 4 1
189	94	0.0	2	89 4 1
190	156	0.0	2	154 2
191	209	0.0	2	202 7
192	188	0.0	2	178 8 2
193	270	0.0	2	255 14 1
194	241	0.0	2	221 18 2
195	198	0.0	2	192 6
196	77	0.0	2	76 1
197	30	0.0	2	27 3
198	44	0.0	2	42 2
199	129	0.0	2	119 10
200	156	0.0	2	148 7 1
201	106	0.0	2	102 4
202	171	0.0	2	164 5 2
203	361	0.0	2	348 11 2
204	200	0.0	2	190 9 1
205	270	0.0	2	257 12 1
206	202	0.0	2	184 18
207	282	0.0	2	263 18 1
208	118	0.0	2	109 9
209	208	0.0	2	198 10
210	172	0.0	2	161 10 1
211	328	0.0	2	318 10
212	288	0.0	2	280 8
213	276	0.0	2	265 11
214	244	0.0	2	229 15
215	160	0.0	2	156 4
216	126	0.0	2	120 4 2
217	55	0.0	2	51 3 1
218	29	0.0	2	24 3 2
219	239	0.0	2	224 10 5
220	140	0.0	2	134 6
221	124	0.0	2	107 13 4
222	377	0.0	2	351 25 1
223	607	0.0	2	588 18 1
224	294	0.0	2	267 24 3
225	596	0.0	2	572 22 2
226	611	0.0	2	577 33 1
227	877	0.0	2	839 38
228	218	0.0	2	199 18 1
229	554	0.0	2	531 19 4
230	184	0.0	2	166 16 2
231	178	0.0	2	171 7
232	99	0.0	2	97 1 1
233	231	0.0	2	215 16
234	387	0.0	2	377 7 3
235	131	0.0	2	121 9 1
236	58	0.0	2	55 3
237	12	0.0	2	9 2 1
238	17	0.0	2	15 0 2
239	41	0.0	2	26 13 2
240	598	0.0	2	563 32 3
241	1073	0.0	2	1043 28 2
242	989	0.0	2	961 25 3
243	691	0.0	2	664 26 1
244	349	0.0	2	332 15 2
245	216	0.0	2	205 9 2
246	109	0.0	2	99 8 2
247	48	0.0	2	43 3 2
248	78	0.0	2	71 5 2
249	501	0.0	2	473 24 4
250	1307	0.0	2	1269 36 2
251	1453	0.0	2	1405 47 1
252	383	0.0	2	370 13
253	162	0.0	2	153 9
254	338	0.0	2	323 14 1
255	218	0.0	2	205 12 1
256	753	0.0	2	724 26 3
257	455	0.0	2	427 28
258	582	0.0	2	555 25 2
259	531	0.0	2	515 12 4
260	624	0.0	2	606 18
261	367	0.0	2	357 10
262	406	0.0	2	388 18
263	218	0.0	2	211 7
264	106	0.0	2	101 3 2
265	162	0.0	2	154 8
266	522	0.0	2	508 14
267	526	0.0	2	513 12 1
268	432	0.0	2	424 8
269	576	0.0	2	562 13 1
270	468	0.0	2	449 19
271	694	0.0	2	672 20 2
272	100	0.0	2	97 3
273	93	0.0	2	86 7
274	203	0.0	2	200 3
275	51	0.0	2	46 5
276	78	0.0	2	67 10 1
277	969	0.0	2	945 24
278	391	0.0	2	376 14 1
279	527	0.0	2	509 18
280	767	0.0	2	748 19
281	311	0.0	2	302 9
282	472	0.0	2	461 11
283	360	0.0	2	350 10
284	194	0.0	2	188 6
285	273	0.0	2	263 9 1
286	131	0.0	2	122 8 1
287	389	0.0	2	379 10
288	108	0.0	2	105 3
289	892	0.0	2	870 21 1
290	80	0.0	2	79 1
291	582	0.0	2	569 12 1
292	564	0.0	2	544 20
293	428	0.0	2	411 16 1
294	137	0.0	2	132 5
295	35	0.0	2	32 3
296	9	0.0	2	8 1
297	27	0.0	2	27
298	3	0.0	2	3
300	5189	0.0	2	5077 110 2
