This is cutadapt 2.6 with Python 3.7.16
Command line parameters: -a CCTACGGGNGGCWGCAG -A GACTACHVGGGTATCTAATCC -o trimmed_reads/Bact-5_S5_R1_trimmed.fastq.gz -p trimmed_reads/Bact-5_S5_R2_trimmed.fastq.gz clean_reads/Bact-5_S5_R1_clean.fastq.gz clean_reads/Bact-5_S5_R2_clean.fastq.gz
Processing reads on 1 core in paired-end mode ...
Finished in 0.86 s (35 us/read; 1.70 M reads/minute).

=== Summary ===

Total read pairs processed:             24,451
  Read 1 with adapter:                  24,380 (99.7%)
  Read 2 with adapter:                  24,393 (99.8%)
Pairs written (passing filters):        24,451 (100.0%)

Total basepairs processed:    12,678,426 bp
  Read 1:     6,674,917 bp
  Read 2:     6,003,509 bp
Total written (filtered):         30,867 bp (0.2%)
  Read 1:        19,031 bp
  Read 2:        11,836 bp

=== First read: Adapter 1 ===

Sequence: CCTACGGGNGGCWGCAG; Type: regular 3'; Length: 17; Trimmed: 24380 times.

No. of allowed errors:
0-9 bp: 0; 10-16 bp: 1

Bases preceding removed adapters:
  A: 0.0%
  C: 0.0%
  G: 0.0%
  T: 0.0%
  none/other: 99.9%

Overview of removed sequences
length	count	expect	max.err	error counts
15	1	0.0	1	1
33	1	0.0	1	1
50	9	0.0	1	9
51	6	0.0	1	4 2
52	3	0.0	1	3
54	5	0.0	1	5
55	5	0.0	1	5
56	6	0.0	1	5 1
57	2	0.0	1	1 1
58	1	0.0	1	1
59	1	0.0	1	1
60	2	0.0	1	2
62	4	0.0	1	4
64	1	0.0	1	1
65	3	0.0	1	3
66	15	0.0	1	14 1
67	10	0.0	1	10
68	4	0.0	1	4
69	5	0.0	1	5
70	2	0.0	1	2
71	3	0.0	1	2 1
73	5	0.0	1	5
74	9	0.0	1	9
75	2	0.0	1	1 1
76	8	0.0	1	8
77	6	0.0	1	6
78	9	0.0	1	9
79	11	0.0	1	10 1
80	5	0.0	1	5
81	3	0.0	1	3
82	6	0.0	1	6
83	2	0.0	1	2
84	5	0.0	1	5
85	9	0.0	1	8 1
86	3	0.0	1	3
87	12	0.0	1	11 1
88	2	0.0	1	2
91	5	0.0	1	4 1
92	11	0.0	1	11
93	11	0.0	1	11
94	11	0.0	1	11
95	12	0.0	1	12
96	10	0.0	1	10
97	10	0.0	1	10
98	6	0.0	1	6
99	20	0.0	1	20
100	20	0.0	1	20
101	21	0.0	1	21
102	10	0.0	1	10
103	9	0.0	1	9
104	10	0.0	1	10
105	8	0.0	1	7 1
106	5	0.0	1	5
107	3	0.0	1	2 1
108	8	0.0	1	8
109	1	0.0	1	1
110	8	0.0	1	8
111	21	0.0	1	21
112	35	0.0	1	34 1
113	28	0.0	1	27 1
114	27	0.0	1	27
115	30	0.0	1	30
116	20	0.0	1	20
117	29	0.0	1	29
118	11	0.0	1	11
119	17	0.0	1	17
120	21	0.0	1	21
121	24	0.0	1	24
122	30	0.0	1	30
123	23	0.0	1	22 1
124	17	0.0	1	17
125	14	0.0	1	14
126	13	0.0	1	13
127	24	0.0	1	23 1
128	47	0.0	1	45 2
129	10	0.0	1	10
130	18	0.0	1	17 1
131	11	0.0	1	11
132	10	0.0	1	10
133	8	0.0	1	8
134	8	0.0	1	8
135	20	0.0	1	19 1
136	5	0.0	1	5
137	14	0.0	1	13 1
138	9	0.0	1	9
139	7	0.0	1	7
140	10	0.0	1	9 1
141	9	0.0	1	9
142	9	0.0	1	9
143	12	0.0	1	12
144	6	0.0	1	6
145	10	0.0	1	10
146	14	0.0	1	14
147	9	0.0	1	9
148	16	0.0	1	15 1
149	16	0.0	1	15 1
150	19	0.0	1	18 1
151	3	0.0	1	3
152	10	0.0	1	10
153	5	0.0	1	5
154	5	0.0	1	5
155	5	0.0	1	5
156	13	0.0	1	13
157	11	0.0	1	11
158	4	0.0	1	4
159	7	0.0	1	5 2
160	10	0.0	1	9 1
161	10	0.0	1	10
162	10	0.0	1	10
163	34	0.0	1	31 3
164	3	0.0	1	3
165	8	0.0	1	8
166	10	0.0	1	9 1
167	12	0.0	1	11 1
168	11	0.0	1	10 1
169	10	0.0	1	10
170	13	0.0	1	13
171	18	0.0	1	17 1
172	28	0.0	1	28
173	28	0.0	1	27 1
174	25	0.0	1	23 2
175	17	0.0	1	16 1
176	11	0.0	1	10 1
177	9	0.0	1	9
178	12	0.0	1	12
179	16	0.0	1	15 1
180	16	0.0	1	15 1
181	16	0.0	1	16
182	13	0.0	1	12 1
183	23	0.0	1	22 1
184	7	0.0	1	7
185	15	0.0	1	14 1
186	21	0.0	1	21
187	23	0.0	1	22 1
188	13	0.0	1	13
189	11	0.0	1	10 1
190	20	0.0	1	20
191	14	0.0	1	13 1
192	18	0.0	1	17 1
193	28	0.0	1	27 1
194	24	0.0	1	24
195	14	0.0	1	14
196	25	0.0	1	23 2
197	17	0.0	1	16 1
198	22	0.0	1	21 1
199	30	0.0	1	29 1
200	29	0.0	1	27 2
201	24	0.0	1	24
202	22	0.0	1	22
203	20	0.0	1	20
204	22	0.0	1	22
205	25	0.0	1	23 2
206	23	0.0	1	22 1
207	28	0.0	1	28
208	30	0.0	1	28 2
209	35	0.0	1	35
210	51	0.0	1	48 3
211	43	0.0	1	43
212	79	0.0	1	73 6
213	45	0.0	1	45
214	43	0.0	1	42 1
215	32	0.0	1	30 2
216	31	0.0	1	29 2
217	55	0.0	1	53 2
218	46	0.0	1	46
219	60	0.0	1	58 2
220	21	0.0	1	20 1
221	26	0.0	1	26
222	40	0.0	1	40
223	48	0.0	1	46 2
224	54	0.0	1	53 1
225	53	0.0	1	52 1
226	45	0.0	1	44 1
227	51	0.0	1	50 1
228	58	0.0	1	58
229	44	0.0	1	42 2
230	41	0.0	1	41
231	44	0.0	1	44
232	48	0.0	1	45 3
233	51	0.0	1	50 1
234	48	0.0	1	48
235	61	0.0	1	59 2
236	69	0.0	1	67 2
237	95	0.0	1	94 1
238	89	0.0	1	85 4
239	135	0.0	1	128 7
240	139	0.0	1	135 4
241	56	0.0	1	54 2
242	31	0.0	1	30 1
243	18	0.0	1	18
244	61	0.0	1	59 2
245	46	0.0	1	44 2
246	77	0.0	1	75 2
247	102	0.0	1	100 2
248	66	0.0	1	61 5
249	62	0.0	1	58 4
250	66	0.0	1	64 2
251	105	0.0	1	100 5
252	131	0.0	1	130 1
253	187	0.0	1	184 3
254	66	0.0	1	62 4
255	54	0.0	1	51 3
256	67	0.0	1	66 1
257	119	0.0	1	116 3
258	122	0.0	1	119 3
259	74	0.0	1	71 3
260	110	0.0	1	107 3
261	108	0.0	1	103 5
262	135	0.0	1	132 3
263	177	0.0	1	174 3
264	172	0.0	1	167 5
265	126	0.0	1	117 9
266	187	0.0	1	180 7
267	212	0.0	1	202 10
268	232	0.0	1	225 7
269	166	0.0	1	162 4
270	168	0.0	1	164 4
271	219	0.0	1	211 8
272	201	0.0	1	195 6
273	149	0.0	1	140 9
274	182	0.0	1	177 5
275	116	0.0	1	110 6
276	132	0.0	1	130 2
277	167	0.0	1	159 8
278	160	0.0	1	156 4
279	158	0.0	1	152 6
280	167	0.0	1	157 10
281	220	0.0	1	209 11
282	173	0.0	1	171 2
283	166	0.0	1	161 5
284	275	0.0	1	267 8
285	254	0.0	1	243 11
286	243	0.0	1	232 11
287	236	0.0	1	230 6
288	175	0.0	1	166 9
289	368	0.0	1	360 8
290	258	0.0	1	249 9
291	260	0.0	1	254 6
292	258	0.0	1	251 7
293	211	0.0	1	199 12
294	190	0.0	1	187 3
295	166	0.0	1	157 9
296	184	0.0	1	179 5
297	60	0.0	1	59 1
298	3	0.0	1	3
299	2	0.0	1	2
300	11927	0.0	1	11550 377


=== Second read: Adapter 2 ===

Sequence: GACTACHVGGGTATCTAATCC; Type: regular 3'; Length: 21; Trimmed: 24393 times.

No. of allowed errors:
0-9 bp: 0; 10-19 bp: 1; 20-21 bp: 2

Bases preceding removed adapters:
  A: 0.0%
  C: 0.0%
  G: 0.0%
  T: 0.0%
  none/other: 100.0%

Overview of removed sequences
length	count	expect	max.err	error counts
3	1	382.0	0	1
50	4	0.0	2	3 1
52	1	0.0	2	1
54	4	0.0	2	2 2
55	24	0.0	2	21 3
56	26	0.0	2	26
57	27	0.0	2	27
58	24	0.0	2	23 1
59	18	0.0	2	16 1 1
60	11	0.0	2	11
61	3	0.0	2	3
62	8	0.0	2	8
63	3	0.0	2	3
64	2	0.0	2	2
65	3	0.0	2	2 1
66	1	0.0	2	1
67	29	0.0	2	29
68	37	0.0	2	37
69	30	0.0	2	27 3
70	15	0.0	2	14 0 1
71	10	0.0	2	9 1
72	3	0.0	2	1 2
73	3	0.0	2	2 1
74	4	0.0	2	4
75	3	0.0	2	2 0 1
76	1	0.0	2	1
77	4	0.0	2	3 1
80	2	0.0	2	2
81	3	0.0	2	3
82	7	0.0	2	5 1 1
83	6	0.0	2	5 1
84	4	0.0	2	4
85	2	0.0	2	1 1
86	7	0.0	2	3 2 2
87	5	0.0	2	4 0 1
89	1	0.0	2	1
90	5	0.0	2	3 2
91	3	0.0	2	3
92	4	0.0	2	4
93	18	0.0	2	18
94	23	0.0	2	23
95	15	0.0	2	13 2
96	18	0.0	2	16 0 2
97	5	0.0	2	5
98	3	0.0	2	2 1
99	6	0.0	2	5 1
100	3	0.0	2	3
101	1	0.0	2	1
102	1	0.0	2	1
104	3	0.0	2	3
105	2	0.0	2	2
106	2	0.0	2	1 1
108	2	0.0	2	2
109	4	0.0	2	4
110	3	0.0	2	3
111	2	0.0	2	2
112	2	0.0	2	1 1
113	1	0.0	2	1
114	2	0.0	2	2
115	3	0.0	2	3
116	9	0.0	2	8 0 1
117	3	0.0	2	3
118	7	0.0	2	6 1
119	2	0.0	2	2
120	5	0.0	2	5
122	7	0.0	2	6 1
123	16	0.0	2	15 1
124	9	0.0	2	9
125	18	0.0	2	17 1
126	8	0.0	2	8
127	9	0.0	2	8 1
128	5	0.0	2	5
129	3	0.0	2	3
130	4	0.0	2	4
131	4	0.0	2	3 1
132	6	0.0	2	6
133	52	0.0	2	50 1 1
134	90	0.0	2	86 3 1
135	34	0.0	2	34
136	18	0.0	2	18
137	8	0.0	2	4 3 1
138	4	0.0	2	4
139	4	0.0	2	1 3
140	23	0.0	2	21 1 1
141	9	0.0	2	8 1
142	16	0.0	2	14 2
143	20	0.0	2	19 1
144	21	0.0	2	20 1
145	30	0.0	2	28 1 1
146	38	0.0	2	37 0 1
147	35	0.0	2	34 1
148	30	0.0	2	27 3
149	10	0.0	2	8 2
150	13	0.0	2	12 1
151	6	0.0	2	6
152	15	0.0	2	13 2
153	10	0.0	2	10
154	19	0.0	2	19
155	37	0.0	2	35 2
156	90	0.0	2	88 2
157	61	0.0	2	59 2
158	48	0.0	2	47 1
159	22	0.0	2	22
160	8	0.0	2	7 1
161	9	0.0	2	8 1
162	20	0.0	2	17 3
163	13	0.0	2	13
164	28	0.0	2	27 1
165	20	0.0	2	19 1
166	14	0.0	2	14
167	73	0.0	2	67 5 1
168	34	0.0	2	32 2
169	66	0.0	2	64 2
170	28	0.0	2	25 3
171	28	0.0	2	26 2
172	22	0.0	2	22
173	71	0.0	2	68 3
174	46	0.0	2	44 2
175	41	0.0	2	38 2 1
176	27	0.0	2	27
177	38	0.0	2	37 1
178	28	0.0	2	27 1
179	37	0.0	2	33 4
180	34	0.0	2	34
181	28	0.0	2	24 3 1
182	8	0.0	2	8
183	22	0.0	2	18 3 1
184	12	0.0	2	11 1
185	23	0.0	2	23
186	31	0.0	2	28 3
187	22	0.0	2	20 2
188	11	0.0	2	10 1
189	46	0.0	2	42 4
190	58	0.0	2	56 2
191	75	0.0	2	73 2
192	80	0.0	2	78 1 1
193	114	0.0	2	110 4
194	129	0.0	2	122 6 1
195	102	0.0	2	98 4
196	44	0.0	2	43 1
197	20	0.0	2	19 1
198	20	0.0	2	19 1
199	44	0.0	2	43 1
200	61	0.0	2	55 6
201	41	0.0	2	40 1
202	119	0.0	2	114 5
203	197	0.0	2	189 7 1
204	88	0.0	2	84 3 1
205	133	0.0	2	131 2
206	110	0.0	2	99 11
207	91	0.0	2	84 5 2
208	64	0.0	2	58 6
209	78	0.0	2	76 1 1
210	64	0.0	2	63 1
211	146	0.0	2	142 4
212	98	0.0	2	97 1
213	142	0.0	2	134 8
214	111	0.0	2	109 1 1
215	82	0.0	2	79 3
216	71	0.0	2	67 3 1
217	27	0.0	2	27
218	18	0.0	2	14 4
219	96	0.0	2	91 4 1
220	40	0.0	2	38 1 1
221	48	0.0	2	41 6 1
222	191	0.0	2	177 14
223	291	0.0	2	284 7
224	175	0.0	2	164 11
225	353	0.0	2	334 17 2
226	377	0.0	2	355 22
227	534	0.0	2	511 22 1
228	126	0.0	2	113 12 1
229	246	0.0	2	236 9 1
230	96	0.0	2	89 6 1
231	86	0.0	2	84 2
232	62	0.0	2	59 2 1
233	111	0.0	2	108 3
234	269	0.0	2	264 5
235	86	0.0	2	83 3
236	28	0.0	2	27 1
237	3	0.0	2	3
238	10	0.0	2	10
239	34	0.0	2	17 13 4
240	392	0.0	2	373 17 2
241	634	0.0	2	622 11 1
242	468	0.0	2	451 15 2
243	497	0.0	2	482 14 1
244	207	0.0	2	198 8 1
245	149	0.0	2	145 4
246	47	0.0	2	45 1 1
247	43	0.0	2	36 5 2
248	45	0.0	2	41 4
249	433	0.0	2	423 10
250	795	0.0	2	777 17 1
251	641	0.0	2	627 11 3
252	205	0.0	2	198 7
253	83	0.0	2	74 8 1
254	203	0.0	2	195 8
255	119	0.0	2	107 12
256	513	0.0	2	493 19 1
257	316	0.0	2	304 12
258	399	0.0	2	388 11
259	438	0.0	2	429 7 2
260	350	0.0	2	338 12
261	246	0.0	2	235 9 2
262	263	0.0	2	259 4
263	121	0.0	2	117 2 2
264	69	0.0	2	63 6
265	65	0.0	2	60 4 1
266	268	0.0	2	263 5
267	403	0.0	2	394 9
268	221	0.0	2	215 5 1
269	270	0.0	2	266 4
270	275	0.0	2	270 5
271	333	0.0	2	326 7
272	70	0.0	2	66 2 2
273	66	0.0	2	61 5
274	107	0.0	2	101 6
275	22	0.0	2	20 1 1
276	37	0.0	2	32 5
277	476	0.0	2	466 10
278	195	0.0	2	189 6
279	250	0.0	2	243 7
280	390	0.0	2	382 8
281	184	0.0	2	181 3
282	206	0.0	2	203 3
283	162	0.0	2	155 7
284	92	0.0	2	89 3
285	145	0.0	2	138 7
286	57	0.0	2	57
287	165	0.0	2	162 2 1
288	59	0.0	2	56 3
289	468	0.0	2	463 5
290	47	0.0	2	45 2
291	355	0.0	2	350 5
292	372	0.0	2	358 14
293	236	0.0	2	227 9
294	60	0.0	2	60
295	18	0.0	2	17 1
296	9	0.0	2	9
297	10	0.0	2	10
300	2702	0.0	2	2652 49 1
