This is cutadapt 2.6 with Python 3.7.16
Command line parameters: -a CCTACGGGNGGCWGCAG -A GACTACHVGGGTATCTAATCC -o trimmed_reads/Bact-29_S28_R1_trimmed.fastq.gz -p trimmed_reads/Bact-29_S28_R2_trimmed.fastq.gz clean_reads/Bact-29_S28_R1_clean.fastq.gz clean_reads/Bact-29_S28_R2_clean.fastq.gz
Processing reads on 1 core in paired-end mode ...
Finished in 0.89 s (33 us/read; 1.83 M reads/minute).

=== Summary ===

Total read pairs processed:             27,247
  Read 1 with adapter:                  27,189 (99.8%)
  Read 2 with adapter:                  27,204 (99.8%)
Pairs written (passing filters):        27,247 (100.0%)

Total basepairs processed:    13,459,566 bp
  Read 1:     7,084,313 bp
  Read 2:     6,375,253 bp
Total written (filtered):         25,138 bp (0.2%)
  Read 1:        16,850 bp
  Read 2:         8,288 bp

=== First read: Adapter 1 ===

Sequence: CCTACGGGNGGCWGCAG; Type: regular 3'; Length: 17; Trimmed: 27189 times.

No. of allowed errors:
0-9 bp: 0; 10-16 bp: 1

Bases preceding removed adapters:
  A: 0.0%
  C: 0.0%
  G: 0.0%
  T: 0.0%
  none/other: 99.9%

Overview of removed sequences
length	count	expect	max.err	error counts
3	1	425.7	0	1
10	1	0.0	1	1
13	1	0.0	1	1
37	1	0.0	1	1
49	1	0.0	1	1
50	13	0.0	1	13
51	11	0.0	1	10 1
52	6	0.0	1	6
53	1	0.0	1	1
54	5	0.0	1	5
55	10	0.0	1	10
56	2	0.0	1	2
57	6	0.0	1	6
58	5	0.0	1	4 1
59	2	0.0	1	2
60	6	0.0	1	6
61	4	0.0	1	3 1
62	5	0.0	1	5
63	3	0.0	1	2 1
64	3	0.0	1	3
65	4	0.0	1	4
66	10	0.0	1	10
67	15	0.0	1	13 2
68	9	0.0	1	9
69	13	0.0	1	12 1
70	6	0.0	1	6
71	5	0.0	1	3 2
72	5	0.0	1	5
73	11	0.0	1	11
74	12	0.0	1	10 2
75	6	0.0	1	5 1
76	9	0.0	1	9
77	28	0.0	1	28
78	19	0.0	1	18 1
79	9	0.0	1	9
80	18	0.0	1	18
81	11	0.0	1	11
82	9	0.0	1	9
83	5	0.0	1	5
84	4	0.0	1	3 1
85	9	0.0	1	9
86	5	0.0	1	4 1
87	22	0.0	1	21 1
88	5	0.0	1	5
89	2	0.0	1	1 1
91	5	0.0	1	5
92	25	0.0	1	25
93	17	0.0	1	17
94	16	0.0	1	14 2
95	10	0.0	1	10
96	10	0.0	1	9 1
97	11	0.0	1	11
98	7	0.0	1	7
99	26	0.0	1	26
100	30	0.0	1	30
101	31	0.0	1	30 1
102	10	0.0	1	10
103	10	0.0	1	9 1
104	9	0.0	1	9
105	7	0.0	1	6 1
106	7	0.0	1	6 1
107	11	0.0	1	10 1
108	8	0.0	1	8
109	5	0.0	1	5
110	4	0.0	1	4
111	21	0.0	1	20 1
112	36	0.0	1	34 2
113	38	0.0	1	37 1
114	33	0.0	1	33
115	40	0.0	1	39 1
116	43	0.0	1	42 1
117	44	0.0	1	42 2
118	29	0.0	1	29
119	25	0.0	1	25
120	24	0.0	1	24
121	18	0.0	1	18
122	21	0.0	1	21
123	25	0.0	1	25
124	27	0.0	1	27
125	23	0.0	1	23
126	23	0.0	1	21 2
127	23	0.0	1	23
128	61	0.0	1	57 4
129	10	0.0	1	10
130	21	0.0	1	20 1
131	16	0.0	1	16
132	20	0.0	1	20
133	17	0.0	1	17
134	16	0.0	1	14 2
135	19	0.0	1	19
136	13	0.0	1	12 1
137	21	0.0	1	21
138	19	0.0	1	18 1
139	7	0.0	1	6 1
140	17	0.0	1	17
141	12	0.0	1	12
142	14	0.0	1	14
143	5	0.0	1	5
144	9	0.0	1	9
145	18	0.0	1	18
146	20	0.0	1	20
147	14	0.0	1	14
148	15	0.0	1	15
149	11	0.0	1	11
150	11	0.0	1	10 1
151	12	0.0	1	12
152	13	0.0	1	12 1
153	19	0.0	1	19
154	17	0.0	1	17
155	14	0.0	1	13 1
156	18	0.0	1	18
157	20	0.0	1	20
158	10	0.0	1	9 1
159	7	0.0	1	7
160	12	0.0	1	12
161	22	0.0	1	22
162	14	0.0	1	13 1
163	30	0.0	1	29 1
164	18	0.0	1	18
165	16	0.0	1	16
166	21	0.0	1	20 1
167	25	0.0	1	25
168	33	0.0	1	32 1
169	30	0.0	1	30
170	35	0.0	1	34 1
171	24	0.0	1	23 1
172	61	0.0	1	58 3
173	39	0.0	1	35 4
174	37	0.0	1	34 3
175	34	0.0	1	34
176	32	0.0	1	29 3
177	22	0.0	1	21 1
178	10	0.0	1	9 1
179	21	0.0	1	21
180	22	0.0	1	20 2
181	14	0.0	1	13 1
182	39	0.0	1	37 2
183	22	0.0	1	20 2
184	20	0.0	1	20
185	26	0.0	1	25 1
186	28	0.0	1	25 3
187	34	0.0	1	32 2
188	31	0.0	1	29 2
189	26	0.0	1	25 1
190	31	0.0	1	31
191	41	0.0	1	40 1
192	28	0.0	1	28
193	41	0.0	1	39 2
194	37	0.0	1	37
195	61	0.0	1	60 1
196	64	0.0	1	64
197	46	0.0	1	44 2
198	72	0.0	1	69 3
199	72	0.0	1	69 3
200	42	0.0	1	39 3
201	68	0.0	1	68
202	48	0.0	1	44 4
203	40	0.0	1	38 2
204	38	0.0	1	32 6
205	52	0.0	1	47 5
206	56	0.0	1	51 5
207	53	0.0	1	50 3
208	69	0.0	1	68 1
209	81	0.0	1	80 1
210	62	0.0	1	59 3
211	65	0.0	1	61 4
212	89	0.0	1	84 5
213	70	0.0	1	69 1
214	51	0.0	1	49 2
215	87	0.0	1	85 2
216	58	0.0	1	54 4
217	93	0.0	1	90 3
218	78	0.0	1	76 2
219	128	0.0	1	123 5
220	79	0.0	1	74 5
221	62	0.0	1	61 1
222	81	0.0	1	78 3
223	98	0.0	1	98
224	81	0.0	1	80 1
225	66	0.0	1	61 5
226	82	0.0	1	78 4
227	118	0.0	1	116 2
228	151	0.0	1	147 4
229	80	0.0	1	77 3
230	107	0.0	1	102 5
231	98	0.0	1	96 2
232	105	0.0	1	104 1
233	109	0.0	1	103 6
234	120	0.0	1	119 1
235	143	0.0	1	142 1
236	89	0.0	1	83 6
237	148	0.0	1	139 9
238	139	0.0	1	136 3
239	196	0.0	1	193 3
240	250	0.0	1	244 6
241	114	0.0	1	109 5
242	97	0.0	1	95 2
243	68	0.0	1	65 3
244	92	0.0	1	89 3
245	97	0.0	1	91 6
246	138	0.0	1	134 4
247	163	0.0	1	160 3
248	146	0.0	1	142 4
249	149	0.0	1	145 4
250	128	0.0	1	125 3
251	165	0.0	1	161 4
252	190	0.0	1	186 4
253	294	0.0	1	286 8
254	131	0.0	1	126 5
255	114	0.0	1	111 3
256	124	0.0	1	123 1
257	180	0.0	1	178 2
258	207	0.0	1	202 5
259	148	0.0	1	145 3
260	159	0.0	1	156 3
261	213	0.0	1	208 5
262	184	0.0	1	175 9
263	322	0.0	1	309 13
264	256	0.0	1	245 11
265	224	0.0	1	217 7
266	362	0.0	1	353 9
267	385	0.0	1	373 12
268	352	0.0	1	335 17
269	271	0.0	1	261 10
270	247	0.0	1	241 6
271	328	0.0	1	315 13
272	360	0.0	1	345 15
273	231	0.0	1	221 10
274	365	0.0	1	358 7
275	192	0.0	1	184 8
276	193	0.0	1	188 5
277	250	0.0	1	239 11
278	205	0.0	1	197 8
279	254	0.0	1	246 8
280	185	0.0	1	181 4
281	318	0.0	1	305 13
282	268	0.0	1	258 10
283	285	0.0	1	279 6
284	320	0.0	1	307 13
285	339	0.0	1	332 7
286	308	0.0	1	297 11
287	247	0.0	1	243 4
288	199	0.0	1	190 9
289	378	0.0	1	359 19
290	282	0.0	1	276 6
291	292	0.0	1	281 11
292	328	0.0	1	320 8
293	231	0.0	1	220 11
294	277	0.0	1	271 6
295	208	0.0	1	199 9
296	199	0.0	1	192 7
297	74	0.0	1	71 3
298	4	0.0	1	4
299	3	0.0	1	3
300	7719	0.0	1	7471 248


=== Second read: Adapter 2 ===

Sequence: GACTACHVGGGTATCTAATCC; Type: regular 3'; Length: 21; Trimmed: 27204 times.

No. of allowed errors:
0-9 bp: 0; 10-19 bp: 1; 20-21 bp: 2

Bases preceding removed adapters:
  A: 0.0%
  C: 0.0%
  G: 0.1%
  T: 0.0%
  none/other: 99.9%

Overview of removed sequences
length	count	expect	max.err	error counts
50	11	0.0	2	7 2 2
51	3	0.0	2	0 0 3
52	3	0.0	2	3
53	1	0.0	2	0 1
54	11	0.0	2	10 0 1
55	14	0.0	2	8 4 2
56	32	0.0	2	31 1
57	43	0.0	2	42 0 1
58	30	0.0	2	28 2
59	20	0.0	2	18 2
60	8	0.0	2	7 0 1
61	5	0.0	2	4 1
62	6	0.0	2	5 1
63	1	0.0	2	0 1
64	2	0.0	2	2
65	5	0.0	2	5
66	5	0.0	2	4 1
67	33	0.0	2	33
68	30	0.0	2	27 3
69	20	0.0	2	19 1
70	10	0.0	2	10
71	6	0.0	2	5 0 1
72	3	0.0	2	2 1
73	3	0.0	2	3
74	5	0.0	2	4 1
75	1	0.0	2	1
76	2	0.0	2	2
77	3	0.0	2	3
78	2	0.0	2	2
79	1	0.0	2	1
80	1	0.0	2	0 1
81	3	0.0	2	3
82	5	0.0	2	5
83	8	0.0	2	8
84	3	0.0	2	2 1
85	5	0.0	2	5
86	10	0.0	2	7 1 2
87	6	0.0	2	6
88	6	0.0	2	6
89	1	0.0	2	1
90	4	0.0	2	4
91	4	0.0	2	2 2
92	1	0.0	2	1
93	8	0.0	2	8
94	21	0.0	2	19 2
95	10	0.0	2	10
96	11	0.0	2	11
97	7	0.0	2	7
98	8	0.0	2	7 1
99	7	0.0	2	7
100	9	0.0	2	7 2
101	11	0.0	2	11
102	2	0.0	2	2
103	5	0.0	2	3 2
104	1	0.0	2	1
105	2	0.0	2	1 1
106	1	0.0	2	0 1
107	3	0.0	2	3
108	2	0.0	2	2
109	4	0.0	2	4
110	5	0.0	2	5
111	2	0.0	2	2
113	2	0.0	2	1 0 1
115	5	0.0	2	3 2
116	12	0.0	2	11 0 1
117	2	0.0	2	1 1
118	5	0.0	2	3 2
119	11	0.0	2	10 1
120	5	0.0	2	4 1
121	2	0.0	2	2
122	6	0.0	2	5 1
123	7	0.0	2	7
124	11	0.0	2	10 1
125	14	0.0	2	14
126	17	0.0	2	15 2
127	11	0.0	2	10 1
128	4	0.0	2	4
129	3	0.0	2	2 0 1
130	6	0.0	2	5 1
131	4	0.0	2	4
132	11	0.0	2	9 2
133	56	0.0	2	55 1
134	82	0.0	2	79 3
135	64	0.0	2	63 1
136	13	0.0	2	12 1
137	9	0.0	2	7 1 1
139	5	0.0	2	3 2
140	22	0.0	2	19 3
141	6	0.0	2	6
142	19	0.0	2	19
143	27	0.0	2	26 1
144	38	0.0	2	33 5
145	53	0.0	2	49 3 1
146	56	0.0	2	54 1 1
147	36	0.0	2	36
148	16	0.0	2	16
149	7	0.0	2	7
150	9	0.0	2	9
151	8	0.0	2	8
152	25	0.0	2	23 2
153	21	0.0	2	20 1
154	26	0.0	2	26
155	54	0.0	2	52 2
156	146	0.0	2	141 5
157	76	0.0	2	74 2
158	62	0.0	2	59 3
159	41	0.0	2	40 1
160	16	0.0	2	16
161	21	0.0	2	18 2 1
162	25	0.0	2	24 1
163	13	0.0	2	13
164	29	0.0	2	28 1
165	16	0.0	2	16
166	21	0.0	2	21
167	56	0.0	2	54 2
168	65	0.0	2	63 2
169	85	0.0	2	81 4
170	60	0.0	2	56 4
171	64	0.0	2	60 3 1
172	49	0.0	2	48 1
173	64	0.0	2	60 3 1
174	84	0.0	2	82 2
175	59	0.0	2	58 1
176	69	0.0	2	67 2
177	69	0.0	2	68 1
178	53	0.0	2	51 2
179	93	0.0	2	88 5
180	113	0.0	2	106 6 1
181	44	0.0	2	42 2
182	38	0.0	2	35 3
183	37	0.0	2	30 5 2
184	31	0.0	2	29 2
185	89	0.0	2	83 6
186	78	0.0	2	71 7
187	44	0.0	2	43 1
188	15	0.0	2	14 1
189	57	0.0	2	52 5
190	110	0.0	2	106 4
191	169	0.0	2	161 7 1
192	207	0.0	2	196 11
193	236	0.0	2	229 7
194	199	0.0	2	189 10
195	145	0.0	2	137 8
196	50	0.0	2	50
197	32	0.0	2	30 1 1
198	50	0.0	2	48 2
199	103	0.0	2	95 6 2
200	163	0.0	2	158 5
201	79	0.0	2	71 6 2
202	166	0.0	2	157 9
203	325	0.0	2	312 13
204	147	0.0	2	135 11 1
205	272	0.0	2	259 13
206	206	0.0	2	189 17
207	211	0.0	2	205 4 2
208	62	0.0	2	54 8
209	137	0.0	2	133 4
210	106	0.0	2	101 5
211	351	0.0	2	339 11 1
212	249	0.0	2	244 4 1
213	286	0.0	2	276 9 1
214	232	0.0	2	227 4 1
215	167	0.0	2	157 10
216	116	0.0	2	108 7 1
217	44	0.0	2	39 4 1
218	39	0.0	2	30 8 1
219	165	0.0	2	157 8
220	106	0.0	2	102 3 1
221	89	0.0	2	77 11 1
222	323	0.0	2	306 16 1
223	490	0.0	2	476 13 1
224	209	0.0	2	197 11 1
225	398	0.0	2	385 13
226	436	0.0	2	427 9
227	625	0.0	2	603 22
228	172	0.0	2	168 3 1
229	384	0.0	2	375 9
230	162	0.0	2	144 14 4
231	142	0.0	2	138 4
232	89	0.0	2	86 2 1
233	185	0.0	2	179 6
234	340	0.0	2	335 5
235	114	0.0	2	111 3
236	49	0.0	2	46 3
237	7	0.0	2	7
238	8	0.0	2	8
239	47	0.0	2	30 16 1
240	544	0.0	2	514 28 2
241	1040	0.0	2	1018 22
242	528	0.0	2	512 16
243	554	0.0	2	541 13
244	284	0.0	2	275 9
245	145	0.0	2	141 4
246	68	0.0	2	68
247	44	0.0	2	42 2
248	76	0.0	2	70 6
249	430	0.0	2	409 21
250	902	0.0	2	875 26 1
251	808	0.0	2	794 14
252	206	0.0	2	194 11 1
253	119	0.0	2	115 4
254	255	0.0	2	251 4
255	124	0.0	2	121 3
256	466	0.0	2	451 15
257	270	0.0	2	258 12
258	301	0.0	2	294 5 2
259	373	0.0	2	364 8 1
260	365	0.0	2	356 9
261	172	0.0	2	167 5
262	207	0.0	2	205 2
263	145	0.0	2	144 1
264	59	0.0	2	57 2
265	84	0.0	2	81 3
266	260	0.0	2	254 6
267	249	0.0	2	238 11
268	206	0.0	2	203 2 1
269	309	0.0	2	301 7 1
270	298	0.0	2	295 3
271	338	0.0	2	328 9 1
272	62	0.0	2	60 2
273	46	0.0	2	46
274	138	0.0	2	137 1
275	28	0.0	2	28
276	37	0.0	2	36 1
277	519	0.0	2	505 14
278	194	0.0	2	190 4
279	245	0.0	2	242 3
280	329	0.0	2	325 4
281	112	0.0	2	108 4
282	195	0.0	2	189 6
283	131	0.0	2	130 1
284	101	0.0	2	101
285	108	0.0	2	105 3
286	59	0.0	2	57 2
287	169	0.0	2	165 4
288	31	0.0	2	29 2
289	252	0.0	2	245 7
290	11	0.0	2	11
291	145	0.0	2	142 3
292	193	0.0	2	190 3
293	130	0.0	2	123 6 1
294	61	0.0	2	59 2
295	6	0.0	2	6
296	3	0.0	2	3
297	11	0.0	2	10 1
298	1	0.0	2	1
300	1292	0.0	2	1275 17
