This is cutadapt 2.6 with Python 3.7.16
Command line parameters: -a CCTACGGGNGGCWGCAG -A GACTACHVGGGTATCTAATCC -o trimmed_reads/Bact-47_S46_R1_trimmed.fastq.gz -p trimmed_reads/Bact-47_S46_R2_trimmed.fastq.gz clean_reads/Bact-47_S46_R1_clean.fastq.gz clean_reads/Bact-47_S46_R2_clean.fastq.gz
Processing reads on 1 core in paired-end mode ...
Finished in 1.62 s (31 us/read; 1.96 M reads/minute).

=== Summary ===

Total read pairs processed:             53,044
  Read 1 with adapter:                  52,924 (99.8%)
  Read 2 with adapter:                  52,971 (99.9%)
Pairs written (passing filters):        53,044 (100.0%)

Total basepairs processed:    27,369,667 bp
  Read 1:    14,331,800 bp
  Read 2:    13,037,867 bp
Total written (filtered):         47,591 bp (0.2%)
  Read 1:        32,581 bp
  Read 2:        15,010 bp

=== First read: Adapter 1 ===

Sequence: CCTACGGGNGGCWGCAG; Type: regular 3'; Length: 17; Trimmed: 52924 times.

No. of allowed errors:
0-9 bp: 0; 10-16 bp: 1

Bases preceding removed adapters:
  A: 0.0%
  C: 0.0%
  G: 0.1%
  T: 0.0%
  none/other: 99.9%

Overview of removed sequences
length	count	expect	max.err	error counts
3	2	828.8	0	2
23	1	0.0	1	1
50	19	0.0	1	19
51	17	0.0	1	16 1
52	8	0.0	1	7 1
53	3	0.0	1	3
54	10	0.0	1	10
55	19	0.0	1	19
56	3	0.0	1	3
57	4	0.0	1	4
58	4	0.0	1	4
59	6	0.0	1	6
60	8	0.0	1	8
61	6	0.0	1	6
62	8	0.0	1	8
64	5	0.0	1	5
65	17	0.0	1	16 1
66	24	0.0	1	24
67	21	0.0	1	20 1
68	13	0.0	1	12 1
69	17	0.0	1	17
70	10	0.0	1	10
71	2	0.0	1	2
72	3	0.0	1	3
73	9	0.0	1	8 1
74	15	0.0	1	15
75	5	0.0	1	5
76	11	0.0	1	11
77	21	0.0	1	21
78	29	0.0	1	29
79	18	0.0	1	18
80	29	0.0	1	29
81	13	0.0	1	13
82	22	0.0	1	22
83	8	0.0	1	8
84	7	0.0	1	7
85	23	0.0	1	23
86	13	0.0	1	13
87	39	0.0	1	38 1
88	7	0.0	1	7
89	3	0.0	1	2 1
90	1	0.0	1	1
91	9	0.0	1	8 1
92	24	0.0	1	24
93	31	0.0	1	29 2
94	22	0.0	1	22
95	20	0.0	1	20
96	19	0.0	1	18 1
97	15	0.0	1	15
98	10	0.0	1	10
99	37	0.0	1	37
100	48	0.0	1	46 2
101	53	0.0	1	52 1
102	23	0.0	1	22 1
103	17	0.0	1	17
104	14	0.0	1	14
105	13	0.0	1	13
106	20	0.0	1	20
107	24	0.0	1	24
108	24	0.0	1	24
109	11	0.0	1	10 1
110	12	0.0	1	12
111	44	0.0	1	42 2
112	69	0.0	1	69
113	83	0.0	1	80 3
114	92	0.0	1	91 1
115	69	0.0	1	68 1
116	74	0.0	1	72 2
117	60	0.0	1	59 1
118	51	0.0	1	50 1
119	43	0.0	1	40 3
120	32	0.0	1	30 2
121	33	0.0	1	33
122	26	0.0	1	25 1
123	49	0.0	1	48 1
124	37	0.0	1	37
125	42	0.0	1	41 1
126	52	0.0	1	52
127	40	0.0	1	38 2
128	76	0.0	1	73 3
129	27	0.0	1	27
130	25	0.0	1	24 1
131	22	0.0	1	22
132	27	0.0	1	26 1
133	22	0.0	1	22
134	15	0.0	1	14 1
135	34	0.0	1	34
136	25	0.0	1	24 1
137	35	0.0	1	35
138	17	0.0	1	17
139	23	0.0	1	23
140	26	0.0	1	24 2
141	18	0.0	1	16 2
142	21	0.0	1	20 1
143	26	0.0	1	26
144	25	0.0	1	23 2
145	26	0.0	1	26
146	32	0.0	1	31 1
147	33	0.0	1	33
148	24	0.0	1	23 1
149	42	0.0	1	39 3
150	22	0.0	1	22
151	18	0.0	1	17 1
152	17	0.0	1	15 2
153	16	0.0	1	14 2
154	18	0.0	1	16 2
155	31	0.0	1	31
156	17	0.0	1	17
157	21	0.0	1	20 1
158	17	0.0	1	17
159	12	0.0	1	12
160	20	0.0	1	20
161	17	0.0	1	17
162	30	0.0	1	27 3
163	61	0.0	1	55 6
164	22	0.0	1	21 1
165	51	0.0	1	46 5
166	38	0.0	1	38
167	38	0.0	1	38
168	48	0.0	1	47 1
169	48	0.0	1	47 1
170	42	0.0	1	42
171	41	0.0	1	40 1
172	84	0.0	1	82 2
173	53	0.0	1	52 1
174	50	0.0	1	47 3
175	31	0.0	1	30 1
176	39	0.0	1	37 2
177	41	0.0	1	41
178	19	0.0	1	17 2
179	32	0.0	1	31 1
180	31	0.0	1	31
181	34	0.0	1	33 1
182	35	0.0	1	35
183	51	0.0	1	48 3
184	39	0.0	1	37 2
185	45	0.0	1	44 1
186	60	0.0	1	58 2
187	40	0.0	1	39 1
188	29	0.0	1	28 1
189	33	0.0	1	32 1
190	47	0.0	1	46 1
191	50	0.0	1	47 3
192	28	0.0	1	27 1
193	57	0.0	1	56 1
194	63	0.0	1	60 3
195	69	0.0	1	66 3
196	83	0.0	1	81 2
197	63	0.0	1	61 2
198	93	0.0	1	90 3
199	67	0.0	1	66 1
200	79	0.0	1	73 6
201	85	0.0	1	84 1
202	53	0.0	1	51 2
203	48	0.0	1	45 3
204	66	0.0	1	62 4
205	37	0.0	1	36 1
206	46	0.0	1	46
207	64	0.0	1	60 4
208	66	0.0	1	65 1
209	108	0.0	1	104 4
210	86	0.0	1	83 3
211	88	0.0	1	84 4
212	109	0.0	1	102 7
213	73	0.0	1	73
214	69	0.0	1	67 2
215	76	0.0	1	74 2
216	72	0.0	1	70 2
217	96	0.0	1	94 2
218	99	0.0	1	97 2
219	161	0.0	1	153 8
220	77	0.0	1	72 5
221	70	0.0	1	69 1
222	87	0.0	1	85 2
223	117	0.0	1	113 4
224	129	0.0	1	125 4
225	79	0.0	1	79
226	64	0.0	1	63 1
227	131	0.0	1	129 2
228	146	0.0	1	138 8
229	105	0.0	1	103 2
230	165	0.0	1	162 3
231	97	0.0	1	92 5
232	101	0.0	1	100 1
233	115	0.0	1	110 5
234	126	0.0	1	123 3
235	153	0.0	1	151 2
236	125	0.0	1	117 8
237	196	0.0	1	190 6
238	193	0.0	1	189 4
239	262	0.0	1	253 9
240	392	0.0	1	384 8
241	154	0.0	1	149 5
242	106	0.0	1	103 3
243	70	0.0	1	70
244	92	0.0	1	90 2
245	115	0.0	1	110 5
246	168	0.0	1	160 8
247	251	0.0	1	248 3
248	171	0.0	1	165 6
249	172	0.0	1	166 6
250	178	0.0	1	174 4
251	225	0.0	1	222 3
252	260	0.0	1	250 10
253	357	0.0	1	354 3
254	201	0.0	1	193 8
255	112	0.0	1	107 5
256	159	0.0	1	157 2
257	234	0.0	1	228 6
258	267	0.0	1	256 11
259	173	0.0	1	166 7
260	222	0.0	1	217 5
261	226	0.0	1	215 11
262	264	0.0	1	255 9
263	393	0.0	1	382 11
264	430	0.0	1	416 14
265	369	0.0	1	358 11
266	507	0.0	1	483 24
267	662	0.0	1	639 23
268	573	0.0	1	554 19
269	475	0.0	1	459 16
270	386	0.0	1	375 11
271	617	0.0	1	595 22
272	522	0.0	1	510 12
273	364	0.0	1	351 13
274	649	0.0	1	634 15
275	330	0.0	1	321 9
276	277	0.0	1	268 9
277	444	0.0	1	430 14
278	315	0.0	1	308 7
279	423	0.0	1	413 10
280	313	0.0	1	302 11
281	468	0.0	1	455 13
282	478	0.0	1	461 17
283	463	0.0	1	446 17
284	530	0.0	1	514 16
285	614	0.0	1	595 19
286	544	0.0	1	525 19
287	474	0.0	1	460 14
288	354	0.0	1	344 10
289	830	0.0	1	805 25
290	577	0.0	1	563 14
291	554	0.0	1	538 16
292	647	0.0	1	628 19
293	456	0.0	1	436 20
294	524	0.0	1	506 18
295	472	0.0	1	457 15
296	440	0.0	1	432 8
297	147	0.0	1	140 7
298	7	0.0	1	6 1
299	19	0.0	1	17 2
300	23112	0.0	1	22383 729


=== Second read: Adapter 2 ===

Sequence: GACTACHVGGGTATCTAATCC; Type: regular 3'; Length: 21; Trimmed: 52971 times.

No. of allowed errors:
0-9 bp: 0; 10-19 bp: 1; 20-21 bp: 2

Bases preceding removed adapters:
  A: 0.0%
  C: 0.0%
  G: 0.0%
  T: 0.0%
  none/other: 100.0%

Overview of removed sequences
length	count	expect	max.err	error counts
50	9	0.0	2	5 2 2
51	3	0.0	2	1 1 1
52	4	0.0	2	4
53	2	0.0	2	1 1
54	12	0.0	2	9 2 1
55	22	0.0	2	16 6
56	61	0.0	2	59 2
57	69	0.0	2	67 2
58	59	0.0	2	57 2
59	45	0.0	2	40 5
60	23	0.0	2	22 1
61	17	0.0	2	14 3
62	8	0.0	2	8
63	3	0.0	2	3
64	4	0.0	2	2 2
65	4	0.0	2	3 1
66	6	0.0	2	5 1
67	80	0.0	2	79 1
68	67	0.0	2	64 3
69	44	0.0	2	42 1 1
70	27	0.0	2	27
71	9	0.0	2	8 1
72	12	0.0	2	11 1
73	7	0.0	2	7
74	7	0.0	2	6 0 1
75	5	0.0	2	5
76	2	0.0	2	2
77	1	0.0	2	1
78	3	0.0	2	2 1
79	6	0.0	2	5 1
80	2	0.0	2	2
81	13	0.0	2	11 2
82	10	0.0	2	10
83	6	0.0	2	5 0 1
84	4	0.0	2	3 1
85	8	0.0	2	3 3 2
86	10	0.0	2	6 3 1
87	4	0.0	2	2 2
88	5	0.0	2	3 2
89	2	0.0	2	1 1
90	5	0.0	2	5
91	4	0.0	2	4
92	6	0.0	2	5 0 1
93	20	0.0	2	20
94	19	0.0	2	18 1
95	10	0.0	2	9 1
96	13	0.0	2	11 2
97	8	0.0	2	7 1
98	6	0.0	2	6
99	10	0.0	2	8 2
100	11	0.0	2	11
101	7	0.0	2	7
102	5	0.0	2	4 1
103	2	0.0	2	2
104	7	0.0	2	5 2
105	5	0.0	2	4 0 1
106	7	0.0	2	5 1 1
107	5	0.0	2	4 0 1
108	6	0.0	2	4 2
109	5	0.0	2	5
110	5	0.0	2	4 1
111	6	0.0	2	4 2
112	4	0.0	2	3 1
114	1	0.0	2	1
115	5	0.0	2	3 2
116	13	0.0	2	13
117	13	0.0	2	8 5
118	12	0.0	2	9 2 1
119	8	0.0	2	6 1 1
120	12	0.0	2	9 3
121	11	0.0	2	11
122	10	0.0	2	9 1
123	21	0.0	2	20 1
124	19	0.0	2	19
125	26	0.0	2	22 3 1
126	20	0.0	2	17 3
127	19	0.0	2	14 3 2
128	7	0.0	2	6 1
129	5	0.0	2	4 1
130	9	0.0	2	8 1
131	5	0.0	2	5
132	10	0.0	2	9 1
133	120	0.0	2	114 6
134	160	0.0	2	156 4
135	102	0.0	2	98 4
136	32	0.0	2	31 1
137	10	0.0	2	10
138	2	0.0	2	2
139	10	0.0	2	7 2 1
140	23	0.0	2	23
141	8	0.0	2	7 1
142	17	0.0	2	17
143	40	0.0	2	36 4
144	38	0.0	2	36 2
145	69	0.0	2	67 0 2
146	86	0.0	2	76 8 2
147	74	0.0	2	69 4 1
148	43	0.0	2	41 2
149	10	0.0	2	10
150	42	0.0	2	38 4
151	16	0.0	2	13 3
152	37	0.0	2	35 1 1
153	21	0.0	2	20 1
154	29	0.0	2	28 1
155	99	0.0	2	94 5
156	196	0.0	2	188 8
157	116	0.0	2	113 2 1
158	125	0.0	2	119 6
159	70	0.0	2	66 3 1
160	32	0.0	2	30 2
161	25	0.0	2	24 1
162	29	0.0	2	28 1
163	27	0.0	2	24 2 1
164	49	0.0	2	47 1 1
165	29	0.0	2	28 1
166	50	0.0	2	48 2
167	116	0.0	2	111 4 1
168	77	0.0	2	73 3 1
169	98	0.0	2	92 5 1
170	72	0.0	2	68 4
171	73	0.0	2	66 7
172	58	0.0	2	55 3
173	109	0.0	2	104 5
174	125	0.0	2	117 6 2
175	91	0.0	2	86 3 2
176	80	0.0	2	75 5
177	114	0.0	2	107 6 1
178	84	0.0	2	79 5
179	103	0.0	2	99 3 1
180	106	0.0	2	98 8
181	34	0.0	2	32 1 1
182	41	0.0	2	37 4
183	34	0.0	2	33 0 1
184	28	0.0	2	25 3
185	74	0.0	2	67 7
186	73	0.0	2	67 6
187	33	0.0	2	30 2 1
188	23	0.0	2	22 1
189	89	0.0	2	83 6
190	134	0.0	2	127 5 2
191	221	0.0	2	213 8
192	163	0.0	2	157 6
193	304	0.0	2	290 13 1
194	217	0.0	2	205 12
195	213	0.0	2	199 14
196	53	0.0	2	50 2 1
197	39	0.0	2	35 2 2
198	49	0.0	2	37 10 2
199	117	0.0	2	106 11
200	167	0.0	2	163 3 1
201	98	0.0	2	94 3 1
202	212	0.0	2	194 16 2
203	394	0.0	2	380 14
204	203	0.0	2	185 15 3
205	327	0.0	2	308 19
206	236	0.0	2	212 23 1
207	303	0.0	2	291 11 1
208	130	0.0	2	118 10 2
209	204	0.0	2	196 5 3
210	172	0.0	2	162 9 1
211	424	0.0	2	402 22
212	298	0.0	2	282 15 1
213	372	0.0	2	356 16
214	298	0.0	2	287 10 1
215	182	0.0	2	176 5 1
216	176	0.0	2	168 8
217	57	0.0	2	52 3 2
218	29	0.0	2	21 8
219	255	0.0	2	240 15
220	146	0.0	2	139 6 1
221	118	0.0	2	107 9 2
222	505	0.0	2	472 31 2
223	693	0.0	2	679 14
224	357	0.0	2	325 30 2
225	623	0.0	2	601 21 1
226	810	0.0	2	781 29
227	1028	0.0	2	992 35 1
228	336	0.0	2	311 24 1
229	609	0.0	2	591 14 4
230	212	0.0	2	193 17 2
231	203	0.0	2	195 8
232	118	0.0	2	110 6 2
233	254	0.0	2	235 16 3
234	598	0.0	2	578 18 2
235	172	0.0	2	165 7
236	82	0.0	2	78 4
237	9	0.0	2	8 1
238	16	0.0	2	15 0 1
239	59	0.0	2	34 23 2
240	741	0.0	2	698 42 1
241	1542	0.0	2	1497 43 2
242	1056	0.0	2	1030 24 2
243	942	0.0	2	922 18 2
244	414	0.0	2	402 12
245	276	0.0	2	262 13 1
246	128	0.0	2	118 10
247	89	0.0	2	85 3 1
248	106	0.0	2	99 6 1
249	588	0.0	2	559 27 2
250	1702	0.0	2	1648 50 4
251	1704	0.0	2	1659 43 2
252	483	0.0	2	475 8
253	195	0.0	2	185 10
254	414	0.0	2	398 16
255	278	0.0	2	265 13
256	1041	0.0	2	1001 38 2
257	580	0.0	2	558 22
258	655	0.0	2	627 25 3
259	657	0.0	2	634 23
260	766	0.0	2	746 19 1
261	355	0.0	2	345 9 1
262	484	0.0	2	471 13
263	329	0.0	2	314 14 1
264	109	0.0	2	103 4 2
265	186	0.0	2	172 14
266	615	0.0	2	600 13 2
267	646	0.0	2	630 15 1
268	423	0.0	2	409 13 1
269	743	0.0	2	730 12 1
270	671	0.0	2	656 15
271	846	0.0	2	826 19 1
272	119	0.0	2	115 3 1
273	125	0.0	2	119 6
274	272	0.0	2	262 10
275	75	0.0	2	65 10
276	109	0.0	2	102 7
277	1237	0.0	2	1199 38
278	521	0.0	2	511 10
279	682	0.0	2	667 14 1
280	912	0.0	2	901 10 1
281	376	0.0	2	366 10
282	590	0.0	2	574 16
283	409	0.0	2	404 5
284	281	0.0	2	271 9 1
285	326	0.0	2	319 7
286	149	0.0	2	145 4
287	475	0.0	2	460 15
288	128	0.0	2	121 7
289	960	0.0	2	937 23
290	91	0.0	2	87 4
291	535	0.0	2	526 9
292	634	0.0	2	626 8
293	517	0.0	2	507 10
294	150	0.0	2	147 3
295	41	0.0	2	40 1
296	3	0.0	2	3
297	34	0.0	2	34
298	3	0.0	2	3
300	5800	0.0	2	5690 109 1
