This is cutadapt 2.6 with Python 3.7.16
Command line parameters: -a CCTACGGGNGGCWGCAG -A GACTACHVGGGTATCTAATCC -o trimmed_reads/Bact-49_S47_R1_trimmed.fastq.gz -p trimmed_reads/Bact-49_S47_R2_trimmed.fastq.gz clean_reads/Bact-49_S47_R1_clean.fastq.gz clean_reads/Bact-49_S47_R2_clean.fastq.gz
Processing reads on 1 core in paired-end mode ...
Finished in 1.55 s (31 us/read; 1.91 M reads/minute).

=== Summary ===

Total read pairs processed:             49,437
  Read 1 with adapter:                  49,325 (99.8%)
  Read 2 with adapter:                  49,360 (99.8%)
Pairs written (passing filters):        49,437 (100.0%)

Total basepairs processed:    25,182,668 bp
  Read 1:    13,230,435 bp
  Read 2:    11,952,233 bp
Total written (filtered):         45,005 bp (0.2%)
  Read 1:        29,721 bp
  Read 2:        15,284 bp

=== First read: Adapter 1 ===

Sequence: CCTACGGGNGGCWGCAG; Type: regular 3'; Length: 17; Trimmed: 49325 times.

No. of allowed errors:
0-9 bp: 0; 10-16 bp: 1

Bases preceding removed adapters:
  A: 0.0%
  C: 0.0%
  G: 0.0%
  T: 0.0%
  none/other: 99.9%

Overview of removed sequences
length	count	expect	max.err	error counts
31	1	0.0	1	1
45	1	0.0	1	1
50	29	0.0	1	28 1
51	23	0.0	1	23
52	10	0.0	1	7 3
53	3	0.0	1	3
54	5	0.0	1	4 1
55	11	0.0	1	11
57	17	0.0	1	15 2
58	3	0.0	1	3
59	9	0.0	1	9
60	10	0.0	1	10
61	4	0.0	1	4
62	7	0.0	1	6 1
64	4	0.0	1	4
65	6	0.0	1	6
66	19	0.0	1	19
67	29	0.0	1	28 1
68	16	0.0	1	15 1
69	11	0.0	1	11
70	9	0.0	1	8 1
71	4	0.0	1	4
72	4	0.0	1	4
73	11	0.0	1	11
74	13	0.0	1	13
75	4	0.0	1	4
76	20	0.0	1	20
77	35	0.0	1	34 1
78	28	0.0	1	25 3
79	29	0.0	1	29
80	11	0.0	1	11
81	9	0.0	1	9
82	11	0.0	1	11
83	7	0.0	1	7
84	11	0.0	1	11
85	17	0.0	1	16 1
86	10	0.0	1	10
87	23	0.0	1	22 1
88	3	0.0	1	3
89	1	0.0	1	1
90	3	0.0	1	3
91	16	0.0	1	15 1
92	35	0.0	1	35
93	14	0.0	1	14
94	18	0.0	1	17 1
95	10	0.0	1	10
96	12	0.0	1	9 3
97	9	0.0	1	9
98	11	0.0	1	11
99	48	0.0	1	48
100	66	0.0	1	65 1
101	70	0.0	1	69 1
102	31	0.0	1	31
103	19	0.0	1	19
104	11	0.0	1	11
105	10	0.0	1	10
106	7	0.0	1	7
107	10	0.0	1	10
108	26	0.0	1	24 2
109	10	0.0	1	9 1
110	7	0.0	1	6 1
111	40	0.0	1	40
112	78	0.0	1	77 1
113	82	0.0	1	81 1
114	85	0.0	1	83 2
115	98	0.0	1	98
116	84	0.0	1	84
117	70	0.0	1	69 1
118	41	0.0	1	40 1
119	49	0.0	1	49
120	31	0.0	1	31
121	36	0.0	1	35 1
122	39	0.0	1	38 1
123	52	0.0	1	49 3
124	36	0.0	1	36
125	48	0.0	1	47 1
126	42	0.0	1	40 2
127	34	0.0	1	34
128	84	0.0	1	81 3
129	19	0.0	1	19
130	23	0.0	1	23
131	19	0.0	1	18 1
132	28	0.0	1	28
133	22	0.0	1	22
134	23	0.0	1	23
135	38	0.0	1	37 1
136	32	0.0	1	31 1
137	26	0.0	1	26
138	23	0.0	1	22 1
139	19	0.0	1	19
140	28	0.0	1	28
141	12	0.0	1	12
142	30	0.0	1	29 1
143	17	0.0	1	16 1
144	24	0.0	1	23 1
145	29	0.0	1	28 1
146	36	0.0	1	36
147	18	0.0	1	16 2
148	25	0.0	1	25
149	29	0.0	1	29
150	39	0.0	1	39
151	19	0.0	1	18 1
152	18	0.0	1	18
153	31	0.0	1	30 1
154	15	0.0	1	13 2
155	30	0.0	1	30
156	15	0.0	1	15
157	12	0.0	1	12
158	14	0.0	1	13 1
159	14	0.0	1	14
160	31	0.0	1	31
161	23	0.0	1	23
162	33	0.0	1	33
163	48	0.0	1	45 3
164	24	0.0	1	24
165	39	0.0	1	39
166	31	0.0	1	30 1
167	35	0.0	1	35
168	56	0.0	1	54 2
169	46	0.0	1	45 1
170	60	0.0	1	58 2
171	54	0.0	1	52 2
172	85	0.0	1	79 6
173	70	0.0	1	67 3
174	54	0.0	1	51 3
175	46	0.0	1	46
176	30	0.0	1	28 2
177	37	0.0	1	36 1
178	18	0.0	1	17 1
179	26	0.0	1	26
180	28	0.0	1	28
181	37	0.0	1	37
182	37	0.0	1	37
183	37	0.0	1	37
184	31	0.0	1	30 1
185	38	0.0	1	38
186	46	0.0	1	45 1
187	39	0.0	1	38 1
188	33	0.0	1	32 1
189	31	0.0	1	30 1
190	41	0.0	1	41
191	33	0.0	1	32 1
192	36	0.0	1	35 1
193	44	0.0	1	43 1
194	46	0.0	1	44 2
195	63	0.0	1	62 1
196	73	0.0	1	71 2
197	74	0.0	1	72 2
198	52	0.0	1	51 1
199	77	0.0	1	72 5
200	79	0.0	1	78 1
201	91	0.0	1	88 3
202	53	0.0	1	50 3
203	48	0.0	1	47 1
204	50	0.0	1	48 2
205	60	0.0	1	58 2
206	46	0.0	1	46
207	59	0.0	1	57 2
208	84	0.0	1	83 1
209	108	0.0	1	104 4
210	85	0.0	1	81 4
211	87	0.0	1	86 1
212	96	0.0	1	92 4
213	75	0.0	1	74 1
214	87	0.0	1	84 3
215	89	0.0	1	86 3
216	72	0.0	1	67 5
217	102	0.0	1	98 4
218	92	0.0	1	91 1
219	183	0.0	1	175 8
220	91	0.0	1	90 1
221	71	0.0	1	67 4
222	114	0.0	1	107 7
223	101	0.0	1	98 3
224	95	0.0	1	91 4
225	84	0.0	1	81 3
226	92	0.0	1	89 3
227	139	0.0	1	131 8
228	165	0.0	1	163 2
229	125	0.0	1	121 4
230	189	0.0	1	185 4
231	128	0.0	1	125 3
232	111	0.0	1	110 1
233	156	0.0	1	147 9
234	137	0.0	1	133 4
235	143	0.0	1	140 3
236	113	0.0	1	105 8
237	156	0.0	1	142 14
238	169	0.0	1	162 7
239	303	0.0	1	294 9
240	380	0.0	1	368 12
241	132	0.0	1	126 6
242	96	0.0	1	94 2
243	78	0.0	1	70 8
244	91	0.0	1	88 3
245	107	0.0	1	101 6
246	198	0.0	1	193 5
247	240	0.0	1	232 8
248	178	0.0	1	171 7
249	185	0.0	1	180 5
250	156	0.0	1	154 2
251	282	0.0	1	269 13
252	251	0.0	1	245 6
253	412	0.0	1	403 9
254	171	0.0	1	163 8
255	130	0.0	1	122 8
256	156	0.0	1	147 9
257	302	0.0	1	298 4
258	287	0.0	1	280 7
259	175	0.0	1	169 6
260	228	0.0	1	219 9
261	220	0.0	1	214 6
262	324	0.0	1	315 9
263	405	0.0	1	382 23
264	400	0.0	1	389 11
265	363	0.0	1	351 12
266	495	0.0	1	477 18
267	640	0.0	1	621 19
268	534	0.0	1	522 12
269	428	0.0	1	412 16
270	391	0.0	1	380 11
271	572	0.0	1	548 24
272	516	0.0	1	498 18
273	409	0.0	1	391 18
274	647	0.0	1	620 27
275	316	0.0	1	307 9
276	314	0.0	1	303 11
277	392	0.0	1	384 8
278	292	0.0	1	284 8
279	469	0.0	1	446 23
280	402	0.0	1	388 14
281	550	0.0	1	535 15
282	480	0.0	1	460 20
283	450	0.0	1	429 21
284	545	0.0	1	521 24
285	597	0.0	1	572 25
286	512	0.0	1	495 17
287	468	0.0	1	453 15
288	353	0.0	1	337 16
289	804	0.0	1	780 24
290	504	0.0	1	485 19
291	627	0.0	1	604 23
292	657	0.0	1	633 24
293	576	0.0	1	558 18
294	581	0.0	1	557 24
295	443	0.0	1	421 22
296	381	0.0	1	361 20
297	145	0.0	1	143 2
298	12	0.0	1	12
299	10	0.0	1	9 1
300	19119	0.0	1	18460 659


=== Second read: Adapter 2 ===

Sequence: GACTACHVGGGTATCTAATCC; Type: regular 3'; Length: 21; Trimmed: 49360 times.

No. of allowed errors:
0-9 bp: 0; 10-19 bp: 1; 20-21 bp: 2

Bases preceding removed adapters:
  A: 0.0%
  C: 0.0%
  G: 0.0%
  T: 0.0%
  none/other: 99.9%

Overview of removed sequences
length	count	expect	max.err	error counts
3	2	772.5	0	2
4	1	193.1	0	1
50	10	0.0	2	7 2 1
51	2	0.0	2	0 2
52	5	0.0	2	2 3
53	4	0.0	2	1 3
54	11	0.0	2	6 4 1
55	26	0.0	2	20 6
56	69	0.0	2	65 4
57	94	0.0	2	92 2
58	51	0.0	2	48 3
59	34	0.0	2	34
60	24	0.0	2	20 2 2
61	17	0.0	2	17
62	8	0.0	2	7 1
63	10	0.0	2	9 1
64	4	0.0	2	3 1
65	4	0.0	2	4
66	11	0.0	2	9 1 1
67	76	0.0	2	76
68	78	0.0	2	78
69	43	0.0	2	39 4
70	18	0.0	2	18
71	12	0.0	2	7 4 1
72	7	0.0	2	7
73	3	0.0	2	2 1
74	5	0.0	2	4 1
75	4	0.0	2	4
76	4	0.0	2	3 0 1
77	5	0.0	2	4 0 1
78	3	0.0	2	3
79	1	0.0	2	1
80	4	0.0	2	2 2
81	15	0.0	2	12 3
82	9	0.0	2	9
83	3	0.0	2	3
84	9	0.0	2	7 2
85	9	0.0	2	6 3
86	11	0.0	2	9 1 1
87	10	0.0	2	9 1
88	3	0.0	2	3
89	4	0.0	2	3 1
90	9	0.0	2	7 2
91	5	0.0	2	5
92	10	0.0	2	10
93	24	0.0	2	23 1
94	27	0.0	2	26 1
95	12	0.0	2	12
96	10	0.0	2	9 1
97	11	0.0	2	9 1 1
98	10	0.0	2	10
99	13	0.0	2	11 2
100	3	0.0	2	2 1
101	10	0.0	2	10
102	5	0.0	2	4 1
103	5	0.0	2	5
104	5	0.0	2	5
105	5	0.0	2	4 1
106	9	0.0	2	8 1
107	5	0.0	2	3 1 1
108	2	0.0	2	2
109	2	0.0	2	2
110	3	0.0	2	3
111	9	0.0	2	7 1 1
112	4	0.0	2	3 1
113	4	0.0	2	4
114	4	0.0	2	4
115	7	0.0	2	6 1
116	7	0.0	2	6 1
117	12	0.0	2	7 4 1
118	7	0.0	2	5 2
119	10	0.0	2	10
120	10	0.0	2	8 2
121	8	0.0	2	8
122	16	0.0	2	14 2
123	25	0.0	2	22 2 1
124	19	0.0	2	19
125	22	0.0	2	20 1 1
126	30	0.0	2	24 5 1
127	12	0.0	2	7 4 1
128	7	0.0	2	6 1
129	3	0.0	2	1 1 1
130	15	0.0	2	13 1 1
131	2	0.0	2	2
132	14	0.0	2	12 1 1
133	111	0.0	2	107 4
134	123	0.0	2	119 4
135	109	0.0	2	103 6
136	41	0.0	2	39 2
137	14	0.0	2	13 1
138	2	0.0	2	2
139	5	0.0	2	2 3
140	37	0.0	2	34 2 1
141	15	0.0	2	15
142	35	0.0	2	33 1 1
143	48	0.0	2	43 4 1
144	60	0.0	2	53 5 2
145	79	0.0	2	73 4 2
146	67	0.0	2	61 6
147	58	0.0	2	57 1
148	28	0.0	2	25 3
149	13	0.0	2	13
150	27	0.0	2	24 3
151	12	0.0	2	12
152	31	0.0	2	26 5
153	24	0.0	2	21 3
154	36	0.0	2	33 3
155	74	0.0	2	71 2 1
156	197	0.0	2	191 6
157	128	0.0	2	119 8 1
158	104	0.0	2	101 3
159	71	0.0	2	69 2
160	35	0.0	2	31 4
161	29	0.0	2	27 2
162	32	0.0	2	31 1
163	22	0.0	2	21 1
164	59	0.0	2	51 6 2
165	41	0.0	2	38 3
166	40	0.0	2	36 4
167	128	0.0	2	125 3
168	70	0.0	2	69 1
169	112	0.0	2	101 10 1
170	76	0.0	2	73 3
171	78	0.0	2	73 5
172	81	0.0	2	77 4
173	132	0.0	2	121 10 1
174	161	0.0	2	151 9 1
175	127	0.0	2	119 7 1
176	121	0.0	2	114 7
177	127	0.0	2	120 7
178	88	0.0	2	87 1
179	100	0.0	2	90 10
180	109	0.0	2	106 3
181	46	0.0	2	42 4
182	37	0.0	2	34 2 1
183	21	0.0	2	21
184	41	0.0	2	35 6
185	77	0.0	2	69 7 1
186	80	0.0	2	72 8
187	47	0.0	2	43 3 1
188	24	0.0	2	23 0 1
189	90	0.0	2	87 3
190	164	0.0	2	153 7 4
191	162	0.0	2	153 9
192	206	0.0	2	190 16
193	350	0.0	2	336 13 1
194	275	0.0	2	259 9 7
195	261	0.0	2	250 10 1
196	55	0.0	2	53 2
197	39	0.0	2	37 2
198	48	0.0	2	45 3
199	109	0.0	2	106 3
200	167	0.0	2	162 4 1
201	134	0.0	2	123 9 2
202	236	0.0	2	220 13 3
203	399	0.0	2	388 10 1
204	216	0.0	2	201 14 1
205	260	0.0	2	240 19 1
206	236	0.0	2	221 15
207	293	0.0	2	280 11 2
208	135	0.0	2	121 11 3
209	266	0.0	2	257 9
210	226	0.0	2	218 7 1
211	469	0.0	2	447 21 1
212	369	0.0	2	364 5
213	406	0.0	2	390 16
214	306	0.0	2	295 11
215	221	0.0	2	207 14
216	149	0.0	2	142 7
217	87	0.0	2	82 4 1
218	42	0.0	2	32 8 2
219	252	0.0	2	249 3
220	131	0.0	2	127 3 1
221	137	0.0	2	117 16 4
222	550	0.0	2	512 38
223	715	0.0	2	697 17 1
224	303	0.0	2	282 18 3
225	703	0.0	2	681 21 1
226	861	0.0	2	833 26 2
227	1076	0.0	2	1034 38 4
228	249	0.0	2	229 19 1
229	681	0.0	2	660 18 3
230	230	0.0	2	200 28 2
231	161	0.0	2	148 12 1
232	117	0.0	2	111 5 1
233	268	0.0	2	253 15
234	443	0.0	2	431 12
235	143	0.0	2	134 9
236	65	0.0	2	63 2
237	17	0.0	2	16 1
238	12	0.0	2	9 2 1
239	71	0.0	2	39 28 4
240	851	0.0	2	790 56 5
241	1440	0.0	2	1386 54
242	1030	0.0	2	984 45 1
243	925	0.0	2	887 36 2
244	453	0.0	2	443 8 2
245	216	0.0	2	208 7 1
246	115	0.0	2	108 7
247	73	0.0	2	64 8 1
248	97	0.0	2	86 10 1
249	583	0.0	2	550 30 3
250	1614	0.0	2	1571 43
251	1541	0.0	2	1495 46
252	382	0.0	2	369 13
253	184	0.0	2	174 9 1
254	410	0.0	2	397 13
255	249	0.0	2	236 12 1
256	959	0.0	2	927 31 1
257	508	0.0	2	481 26 1
258	664	0.0	2	639 25
259	668	0.0	2	648 20
260	650	0.0	2	635 15
261	293	0.0	2	283 10
262	414	0.0	2	402 12
263	227	0.0	2	218 9
264	108	0.0	2	105 3
265	162	0.0	2	150 12
266	545	0.0	2	527 18
267	643	0.0	2	632 11
268	427	0.0	2	419 6 2
269	600	0.0	2	588 10 2
270	622	0.0	2	607 13 2
271	723	0.0	2	703 19 1
272	110	0.0	2	107 3
273	103	0.0	2	97 6
274	244	0.0	2	237 7
275	44	0.0	2	43 1
276	80	0.0	2	73 7
277	986	0.0	2	962 24
278	453	0.0	2	433 17 3
279	570	0.0	2	554 16
280	754	0.0	2	734 20
281	298	0.0	2	290 8
282	472	0.0	2	463 9
283	344	0.0	2	338 5 1
284	202	0.0	2	196 6
285	276	0.0	2	273 2 1
286	146	0.0	2	141 5
287	363	0.0	2	355 8
288	83	0.0	2	76 7
289	822	0.0	2	803 19
290	58	0.0	2	57 1
291	469	0.0	2	456 13
292	581	0.0	2	569 12
293	432	0.0	2	424 8
294	142	0.0	2	140 2
295	27	0.0	2	27
296	3	0.0	2	3
297	27	0.0	2	27
298	1	0.0	2	1
299	1	0.0	2	1
300	4487	0.0	2	4386 98 3
