This is cutadapt 2.6 with Python 3.7.16
Command line parameters: -a CCTACGGGNGGCWGCAG -A GACTACHVGGGTATCTAATCC -o trimmed_reads/Bact-40_S39_R1_trimmed.fastq.gz -p trimmed_reads/Bact-40_S39_R2_trimmed.fastq.gz clean_reads/Bact-40_S39_R1_clean.fastq.gz clean_reads/Bact-40_S39_R2_clean.fastq.gz
Processing reads on 1 core in paired-end mode ...
Finished in 1.15 s (34 us/read; 1.76 M reads/minute).

=== Summary ===

Total read pairs processed:             33,856
  Read 1 with adapter:                  33,776 (99.8%)
  Read 2 with adapter:                  33,806 (99.9%)
Pairs written (passing filters):        33,856 (100.0%)

Total basepairs processed:    17,321,132 bp
  Read 1:     9,185,114 bp
  Read 2:     8,136,018 bp
Total written (filtered):         30,724 bp (0.2%)
  Read 1:        20,766 bp
  Read 2:         9,958 bp

=== First read: Adapter 1 ===

Sequence: CCTACGGGNGGCWGCAG; Type: regular 3'; Length: 17; Trimmed: 33776 times.

No. of allowed errors:
0-9 bp: 0; 10-16 bp: 1

Bases preceding removed adapters:
  A: 0.0%
  C: 0.0%
  G: 0.1%
  T: 0.0%
  none/other: 99.9%

Overview of removed sequences
length	count	expect	max.err	error counts
3	1	529.0	0	1
16	1	0.0	1	1
50	10	0.0	1	10
51	16	0.0	1	13 3
52	8	0.0	1	7 1
53	1	0.0	1	0 1
54	7	0.0	1	7
55	11	0.0	1	11
56	3	0.0	1	3
57	11	0.0	1	8 3
58	2	0.0	1	2
59	3	0.0	1	3
60	6	0.0	1	6
61	2	0.0	1	2
62	4	0.0	1	4
63	1	0.0	1	1
64	1	0.0	1	1
65	5	0.0	1	5
66	9	0.0	1	9
67	23	0.0	1	20 3
68	11	0.0	1	10 1
69	10	0.0	1	10
70	9	0.0	1	9
71	1	0.0	1	1
72	2	0.0	1	2
73	8	0.0	1	7 1
74	6	0.0	1	6
75	1	0.0	1	1
76	9	0.0	1	8 1
77	16	0.0	1	16
78	21	0.0	1	21
79	14	0.0	1	14
80	8	0.0	1	8
81	4	0.0	1	4
82	8	0.0	1	8
83	3	0.0	1	3
84	3	0.0	1	3
85	16	0.0	1	16
86	10	0.0	1	10
87	15	0.0	1	15
88	1	0.0	1	1
90	1	0.0	1	1
91	4	0.0	1	4
92	9	0.0	1	9
93	25	0.0	1	25
94	16	0.0	1	16
95	11	0.0	1	11
96	10	0.0	1	10
97	10	0.0	1	10
98	7	0.0	1	7
99	25	0.0	1	25
100	46	0.0	1	44 2
101	53	0.0	1	53
102	11	0.0	1	10 1
103	7	0.0	1	7
104	9	0.0	1	8 1
105	9	0.0	1	7 2
106	6	0.0	1	6
107	9	0.0	1	8 1
108	8	0.0	1	8
109	10	0.0	1	10
110	7	0.0	1	6 1
111	17	0.0	1	16 1
112	39	0.0	1	39
113	59	0.0	1	58 1
114	59	0.0	1	54 5
115	45	0.0	1	44 1
116	34	0.0	1	33 1
117	43	0.0	1	43
118	19	0.0	1	19
119	22	0.0	1	22
120	14	0.0	1	14
121	19	0.0	1	19
122	28	0.0	1	26 2
123	37	0.0	1	37
124	36	0.0	1	36
125	38	0.0	1	38
126	17	0.0	1	17
127	23	0.0	1	23
128	65	0.0	1	62 3
129	10	0.0	1	10
130	18	0.0	1	18
131	14	0.0	1	14
132	16	0.0	1	16
133	11	0.0	1	10 1
134	16	0.0	1	16
135	20	0.0	1	20
136	17	0.0	1	17
137	12	0.0	1	12
138	9	0.0	1	9
139	10	0.0	1	10
140	12	0.0	1	12
141	10	0.0	1	9 1
142	17	0.0	1	16 1
143	14	0.0	1	14
144	13	0.0	1	13
145	16	0.0	1	16
146	24	0.0	1	24
147	21	0.0	1	20 1
148	15	0.0	1	15
149	12	0.0	1	10 2
150	14	0.0	1	14
151	4	0.0	1	4
152	13	0.0	1	13
153	9	0.0	1	9
154	14	0.0	1	13 1
155	16	0.0	1	15 1
156	17	0.0	1	17
157	6	0.0	1	6
158	13	0.0	1	12 1
159	16	0.0	1	15 1
160	8	0.0	1	7 1
161	9	0.0	1	9
162	14	0.0	1	14
163	28	0.0	1	27 1
164	14	0.0	1	14
165	18	0.0	1	17 1
166	21	0.0	1	21
167	14	0.0	1	14
168	23	0.0	1	23
169	36	0.0	1	35 1
170	38	0.0	1	37 1
171	20	0.0	1	20
172	43	0.0	1	43
173	30	0.0	1	30
174	28	0.0	1	28
175	38	0.0	1	37 1
176	19	0.0	1	18 1
177	16	0.0	1	15 1
178	15	0.0	1	15
179	23	0.0	1	23
180	9	0.0	1	9
181	18	0.0	1	18
182	13	0.0	1	13
183	33	0.0	1	32 1
184	25	0.0	1	23 2
185	25	0.0	1	25
186	30	0.0	1	30
187	27	0.0	1	24 3
188	29	0.0	1	28 1
189	19	0.0	1	19
190	42	0.0	1	42
191	30	0.0	1	30
192	22	0.0	1	22
193	43	0.0	1	43
194	34	0.0	1	29 5
195	43	0.0	1	41 2
196	55	0.0	1	52 3
197	50	0.0	1	50
198	37	0.0	1	37
199	45	0.0	1	45
200	46	0.0	1	46
201	44	0.0	1	43 1
202	19	0.0	1	19
203	31	0.0	1	31
204	39	0.0	1	36 3
205	33	0.0	1	30 3
206	23	0.0	1	22 1
207	46	0.0	1	46
208	41	0.0	1	41
209	67	0.0	1	65 2
210	58	0.0	1	55 3
211	56	0.0	1	54 2
212	67	0.0	1	65 2
213	45	0.0	1	40 5
214	49	0.0	1	46 3
215	46	0.0	1	44 2
216	33	0.0	1	32 1
217	68	0.0	1	67 1
218	66	0.0	1	65 1
219	80	0.0	1	78 2
220	54	0.0	1	52 2
221	39	0.0	1	37 2
222	60	0.0	1	57 3
223	65	0.0	1	61 4
224	59	0.0	1	54 5
225	42	0.0	1	40 2
226	55	0.0	1	53 2
227	97	0.0	1	91 6
228	91	0.0	1	88 3
229	54	0.0	1	54
230	80	0.0	1	77 3
231	60	0.0	1	59 1
232	66	0.0	1	62 4
233	83	0.0	1	80 3
234	103	0.0	1	99 4
235	79	0.0	1	76 3
236	87	0.0	1	82 5
237	101	0.0	1	94 7
238	114	0.0	1	110 4
239	154	0.0	1	152 2
240	238	0.0	1	233 5
241	94	0.0	1	94
242	51	0.0	1	47 4
243	47	0.0	1	45 2
244	61	0.0	1	59 2
245	53	0.0	1	50 3
246	106	0.0	1	103 3
247	145	0.0	1	143 2
248	120	0.0	1	115 5
249	117	0.0	1	114 3
250	113	0.0	1	108 5
251	152	0.0	1	146 6
252	161	0.0	1	153 8
253	258	0.0	1	249 9
254	130	0.0	1	127 3
255	73	0.0	1	72 1
256	97	0.0	1	94 3
257	150	0.0	1	144 6
258	144	0.0	1	140 4
259	103	0.0	1	102 1
260	141	0.0	1	139 2
261	173	0.0	1	168 5
262	174	0.0	1	170 4
263	308	0.0	1	298 10
264	275	0.0	1	266 9
265	228	0.0	1	223 5
266	317	0.0	1	308 9
267	460	0.0	1	448 12
268	315	0.0	1	301 14
269	280	0.0	1	261 19
270	229	0.0	1	221 8
271	296	0.0	1	290 6
272	362	0.0	1	348 14
273	252	0.0	1	235 17
274	333	0.0	1	323 10
275	207	0.0	1	198 9
276	166	0.0	1	159 7
277	243	0.0	1	232 11
278	171	0.0	1	165 6
279	244	0.0	1	241 3
280	176	0.0	1	169 7
281	352	0.0	1	336 16
282	301	0.0	1	293 8
283	278	0.0	1	263 15
284	350	0.0	1	340 10
285	365	0.0	1	352 13
286	340	0.0	1	328 12
287	311	0.0	1	300 11
288	250	0.0	1	241 9
289	449	0.0	1	433 16
290	371	0.0	1	361 10
291	332	0.0	1	325 7
292	367	0.0	1	357 10
293	298	0.0	1	287 11
294	375	0.0	1	363 12
295	299	0.0	1	291 8
296	250	0.0	1	240 10
297	95	0.0	1	93 2
298	11	0.0	1	10 1
299	12	0.0	1	8 4
300	15386	0.0	1	14884 502


=== Second read: Adapter 2 ===

Sequence: GACTACHVGGGTATCTAATCC; Type: regular 3'; Length: 21; Trimmed: 33806 times.

No. of allowed errors:
0-9 bp: 0; 10-19 bp: 1; 20-21 bp: 2

Bases preceding removed adapters:
  A: 0.0%
  C: 0.0%
  G: 0.0%
  T: 0.0%
  none/other: 99.9%

Overview of removed sequences
length	count	expect	max.err	error counts
3	2	529.0	0	2
4	1	132.2	0	1
50	7	0.0	2	4 2 1
51	3	0.0	2	1 1 1
52	3	0.0	2	2 1
53	2	0.0	2	2
54	11	0.0	2	7 1 3
55	11	0.0	2	7 4
56	51	0.0	2	47 4
57	53	0.0	2	51 2
58	52	0.0	2	49 3
59	31	0.0	2	30 1
60	24	0.0	2	21 3
61	12	0.0	2	10 1 1
62	5	0.0	2	4 1
63	5	0.0	2	3 2
64	6	0.0	2	5 1
65	6	0.0	2	5 1
66	6	0.0	2	5 1
67	46	0.0	2	45 1
68	38	0.0	2	35 3
69	37	0.0	2	35 2
70	15	0.0	2	13 2
71	20	0.0	2	19 1
72	10	0.0	2	8 2
73	5	0.0	2	4 1
74	2	0.0	2	2
75	3	0.0	2	3
76	5	0.0	2	3 2
77	3	0.0	2	3
78	1	0.0	2	0 0 1
79	1	0.0	2	1
80	3	0.0	2	2 1
81	5	0.0	2	3 2
82	6	0.0	2	6
83	4	0.0	2	4
84	5	0.0	2	5
85	5	0.0	2	3 1 1
86	4	0.0	2	4
87	7	0.0	2	7
88	3	0.0	2	3
89	2	0.0	2	1 0 1
90	5	0.0	2	5
91	2	0.0	2	1 1
92	7	0.0	2	5 1 1
93	14	0.0	2	12 2
94	12	0.0	2	12
95	6	0.0	2	6
96	18	0.0	2	16 1 1
97	10	0.0	2	9 1
98	18	0.0	2	17 1
99	15	0.0	2	12 1 2
100	8	0.0	2	6 1 1
101	7	0.0	2	7
102	4	0.0	2	4
103	6	0.0	2	5 1
104	3	0.0	2	3
105	4	0.0	2	3 1
106	9	0.0	2	5 3 1
107	1	0.0	2	1
108	4	0.0	2	4
109	8	0.0	2	8
110	7	0.0	2	7
111	5	0.0	2	5
112	5	0.0	2	4 1
114	1	0.0	2	1
115	4	0.0	2	2 2
116	11	0.0	2	11
117	12	0.0	2	8 4
118	12	0.0	2	9 3
119	5	0.0	2	5
120	10	0.0	2	7 3
121	7	0.0	2	6 1
122	4	0.0	2	4
123	12	0.0	2	8 4
124	16	0.0	2	16
125	20	0.0	2	20
126	12	0.0	2	11 1
127	15	0.0	2	14 0 1
128	8	0.0	2	8
129	3	0.0	2	3
130	4	0.0	2	4
131	3	0.0	2	3
132	6	0.0	2	5 1
133	72	0.0	2	69 3
134	104	0.0	2	102 2
135	71	0.0	2	69 2
136	25	0.0	2	23 2
137	12	0.0	2	12
138	2	0.0	2	1 1
139	2	0.0	2	0 1 1
140	26	0.0	2	25 0 1
141	10	0.0	2	8 2
142	18	0.0	2	17 1
143	38	0.0	2	36 2
144	28	0.0	2	24 4
145	71	0.0	2	66 5
146	51	0.0	2	47 3 1
147	44	0.0	2	42 2
148	26	0.0	2	24 1 1
149	17	0.0	2	14 3
150	17	0.0	2	16 0 1
151	10	0.0	2	8 1 1
152	33	0.0	2	29 4
153	18	0.0	2	17 1
154	37	0.0	2	36 1
155	71	0.0	2	68 3
156	155	0.0	2	146 9
157	93	0.0	2	90 3
158	89	0.0	2	85 3 1
159	62	0.0	2	57 3 2
160	26	0.0	2	24 2
161	14	0.0	2	13 1
162	23	0.0	2	21 1 1
163	20	0.0	2	16 4
164	31	0.0	2	27 4
165	20	0.0	2	20
166	18	0.0	2	18
167	63	0.0	2	60 3
168	65	0.0	2	64 1
169	80	0.0	2	76 4
170	50	0.0	2	43 7
171	55	0.0	2	52 1 2
172	39	0.0	2	35 4
173	67	0.0	2	63 4
174	83	0.0	2	81 2
175	62	0.0	2	59 3
176	64	0.0	2	61 3
177	96	0.0	2	93 2 1
178	64	0.0	2	59 4 1
179	66	0.0	2	58 7 1
180	82	0.0	2	75 5 2
181	34	0.0	2	28 5 1
182	19	0.0	2	17 2
183	31	0.0	2	30 1
184	41	0.0	2	36 4 1
185	58	0.0	2	56 2
186	67	0.0	2	62 5
187	33	0.0	2	31 1 1
188	24	0.0	2	23 1
189	76	0.0	2	74 2
190	122	0.0	2	117 3 2
191	121	0.0	2	111 9 1
192	170	0.0	2	165 4 1
193	233	0.0	2	220 13
194	205	0.0	2	201 4
195	162	0.0	2	153 8 1
196	68	0.0	2	66 1 1
197	25	0.0	2	22 2 1
198	39	0.0	2	31 5 3
199	92	0.0	2	89 3
200	141	0.0	2	136 4 1
201	76	0.0	2	74 1 1
202	180	0.0	2	167 13
203	284	0.0	2	273 11
204	123	0.0	2	111 12
205	270	0.0	2	259 11
206	200	0.0	2	176 22 2
207	239	0.0	2	231 6 2
208	83	0.0	2	74 8 1
209	134	0.0	2	129 4 1
210	115	0.0	2	105 10
211	337	0.0	2	319 17 1
212	239	0.0	2	229 10
213	306	0.0	2	298 8
214	234	0.0	2	228 6
215	123	0.0	2	114 9
216	130	0.0	2	121 9
217	46	0.0	2	39 5 2
218	31	0.0	2	21 9 1
219	212	0.0	2	206 6
220	113	0.0	2	110 3
221	90	0.0	2	77 13
222	356	0.0	2	342 13 1
223	507	0.0	2	494 13
224	228	0.0	2	221 7
225	524	0.0	2	501 22 1
226	445	0.0	2	424 20 1
227	698	0.0	2	678 18 2
228	238	0.0	2	227 10 1
229	466	0.0	2	449 14 3
230	167	0.0	2	150 16 1
231	159	0.0	2	151 8
232	101	0.0	2	97 4
233	211	0.0	2	192 18 1
234	376	0.0	2	366 10
235	141	0.0	2	137 4
236	53	0.0	2	52 1
237	10	0.0	2	9 1
238	14	0.0	2	10 1 3
239	38	0.0	2	24 13 1
240	510	0.0	2	472 34 4
241	974	0.0	2	947 26 1
242	629	0.0	2	607 22
243	579	0.0	2	560 19
244	311	0.0	2	301 10
245	170	0.0	2	164 6
246	101	0.0	2	94 7
247	54	0.0	2	49 5
248	71	0.0	2	66 4 1
249	398	0.0	2	383 11 4
250	991	0.0	2	956 34 1
251	1051	0.0	2	1018 30 3
252	319	0.0	2	310 8 1
253	125	0.0	2	116 9
254	262	0.0	2	252 9 1
255	215	0.0	2	206 8 1
256	642	0.0	2	615 26 1
257	360	0.0	2	351 9
258	403	0.0	2	395 7 1
259	393	0.0	2	383 10
260	453	0.0	2	441 11 1
261	227	0.0	2	220 7
262	296	0.0	2	292 4
263	200	0.0	2	190 9 1
264	80	0.0	2	78 2
265	87	0.0	2	85 2
266	407	0.0	2	394 12 1
267	405	0.0	2	389 15 1
268	259	0.0	2	253 6
269	445	0.0	2	438 6 1
270	383	0.0	2	367 16
271	474	0.0	2	466 8
272	78	0.0	2	75 3
273	79	0.0	2	73 6
274	176	0.0	2	172 4
275	43	0.0	2	39 4
276	59	0.0	2	56 3
277	704	0.0	2	680 24
278	318	0.0	2	310 8
279	369	0.0	2	359 9 1
280	538	0.0	2	520 16 2
281	181	0.0	2	178 3
282	307	0.0	2	300 7
283	234	0.0	2	225 8 1
284	148	0.0	2	147 1
285	182	0.0	2	177 5
286	98	0.0	2	94 4
287	247	0.0	2	244 3
288	55	0.0	2	49 6
289	515	0.0	2	496 19
290	46	0.0	2	46
291	270	0.0	2	264 6
292	342	0.0	2	328 13 1
293	288	0.0	2	282 6
294	83	0.0	2	82 1
295	26	0.0	2	26
296	5	0.0	2	5
297	22	0.0	2	21 1
298	1	0.0	2	1
299	1	0.0	2	0 1
300	2905	0.0	2	2845 60
