This is cutadapt 2.6 with Python 3.7.16
Command line parameters: -a CCTACGGGNGGCWGCAG -A GACTACHVGGGTATCTAATCC -o trimmed_reads/Bact-37_S36_R1_trimmed.fastq.gz -p trimmed_reads/Bact-37_S36_R2_trimmed.fastq.gz clean_reads/Bact-37_S36_R1_clean.fastq.gz clean_reads/Bact-37_S36_R2_clean.fastq.gz
Processing reads on 1 core in paired-end mode ...
Finished in 0.71 s (40 us/read; 1.48 M reads/minute).

=== Summary ===

Total read pairs processed:             17,602
  Read 1 with adapter:                  17,549 (99.7%)
  Read 2 with adapter:                  17,578 (99.9%)
Pairs written (passing filters):        17,602 (100.0%)

Total basepairs processed:     9,100,938 bp
  Read 1:     4,771,910 bp
  Read 2:     4,329,028 bp
Total written (filtered):         19,537 bp (0.2%)
  Read 1:        15,171 bp
  Read 2:         4,366 bp

=== First read: Adapter 1 ===

Sequence: CCTACGGGNGGCWGCAG; Type: regular 3'; Length: 17; Trimmed: 17549 times.

No. of allowed errors:
0-9 bp: 0; 10-16 bp: 1

Bases preceding removed adapters:
  A: 0.0%
  C: 0.0%
  G: 0.1%
  T: 0.0%
  none/other: 99.9%

Overview of removed sequences
length	count	expect	max.err	error counts
6	1	4.3	0	1
50	11	0.0	1	9 2
51	6	0.0	1	6
52	4	0.0	1	4
53	2	0.0	1	2
54	1	0.0	1	1
55	7	0.0	1	7
56	1	0.0	1	1
57	2	0.0	1	2
59	5	0.0	1	5
60	4	0.0	1	4
62	2	0.0	1	2
63	1	0.0	1	1
64	3	0.0	1	3
65	1	0.0	1	1
66	8	0.0	1	7 1
67	6	0.0	1	6
68	2	0.0	1	2
69	3	0.0	1	3
70	3	0.0	1	2 1
71	3	0.0	1	3
72	1	0.0	1	1
73	4	0.0	1	4
74	6	0.0	1	6
75	3	0.0	1	3
76	5	0.0	1	4 1
77	11	0.0	1	11
78	9	0.0	1	9
79	7	0.0	1	7
80	7	0.0	1	7
81	3	0.0	1	3
82	2	0.0	1	2
83	1	0.0	1	1
84	1	0.0	1	1
85	8	0.0	1	8
86	7	0.0	1	7
87	14	0.0	1	14
88	2	0.0	1	2
90	1	0.0	1	1
91	2	0.0	1	2
92	5	0.0	1	5
93	5	0.0	1	5
94	6	0.0	1	6
95	5	0.0	1	5
97	8	0.0	1	8
98	5	0.0	1	5
99	17	0.0	1	17
100	18	0.0	1	17 1
101	16	0.0	1	15 1
102	17	0.0	1	17
103	5	0.0	1	5
104	6	0.0	1	6
105	5	0.0	1	5
106	2	0.0	1	2
107	4	0.0	1	4
108	8	0.0	1	8
109	6	0.0	1	6
110	1	0.0	1	1
111	13	0.0	1	12 1
112	21	0.0	1	21
113	27	0.0	1	26 1
114	23	0.0	1	23
115	22	0.0	1	22
116	18	0.0	1	18
117	15	0.0	1	15
118	12	0.0	1	12
119	13	0.0	1	13
120	8	0.0	1	8
121	14	0.0	1	12 2
122	7	0.0	1	7
123	14	0.0	1	13 1
124	11	0.0	1	11
125	13	0.0	1	12 1
126	12	0.0	1	11 1
127	13	0.0	1	13
128	20	0.0	1	20
129	16	0.0	1	16
130	5	0.0	1	5
131	8	0.0	1	7 1
132	3	0.0	1	3
133	11	0.0	1	10 1
134	5	0.0	1	5
135	12	0.0	1	12
136	13	0.0	1	13
137	4	0.0	1	4
138	6	0.0	1	6
139	3	0.0	1	3
140	6	0.0	1	5 1
141	4	0.0	1	4
142	4	0.0	1	4
143	9	0.0	1	9
144	4	0.0	1	4
145	8	0.0	1	8
146	17	0.0	1	17
147	12	0.0	1	12
148	6	0.0	1	6
149	12	0.0	1	12
150	17	0.0	1	17
151	4	0.0	1	4
152	7	0.0	1	7
153	9	0.0	1	9
154	6	0.0	1	6
155	12	0.0	1	12
156	11	0.0	1	11
157	7	0.0	1	6 1
158	3	0.0	1	3
159	2	0.0	1	2
160	7	0.0	1	7
161	10	0.0	1	10
162	10	0.0	1	10
163	23	0.0	1	22 1
164	7	0.0	1	7
165	12	0.0	1	12
166	5	0.0	1	5
167	9	0.0	1	9
168	9	0.0	1	9
169	9	0.0	1	8 1
170	14	0.0	1	14
171	13	0.0	1	13
172	23	0.0	1	20 3
173	15	0.0	1	15
174	16	0.0	1	16
175	17	0.0	1	16 1
176	14	0.0	1	14
177	13	0.0	1	13
178	11	0.0	1	11
179	13	0.0	1	13
180	8	0.0	1	8
181	6	0.0	1	6
182	16	0.0	1	15 1
183	8	0.0	1	8
184	8	0.0	1	7 1
185	15	0.0	1	15
186	16	0.0	1	15 1
187	12	0.0	1	12
188	10	0.0	1	10
189	14	0.0	1	13 1
190	12	0.0	1	12
191	29	0.0	1	27 2
192	11	0.0	1	11
193	23	0.0	1	23
194	22	0.0	1	22
195	19	0.0	1	18 1
196	24	0.0	1	24
197	28	0.0	1	28
198	25	0.0	1	25
199	41	0.0	1	38 3
200	29	0.0	1	28 1
201	27	0.0	1	26 1
202	16	0.0	1	16
203	23	0.0	1	23
204	14	0.0	1	14
205	16	0.0	1	14 2
206	15	0.0	1	14 1
207	13	0.0	1	13
208	19	0.0	1	18 1
209	34	0.0	1	34
210	30	0.0	1	28 2
211	37	0.0	1	33 4
212	44	0.0	1	41 3
213	20	0.0	1	18 2
214	28	0.0	1	27 1
215	29	0.0	1	29
216	25	0.0	1	24 1
217	38	0.0	1	37 1
218	24	0.0	1	24
219	45	0.0	1	44 1
220	28	0.0	1	26 2
221	23	0.0	1	23
222	34	0.0	1	33 1
223	28	0.0	1	28
224	39	0.0	1	37 2
225	24	0.0	1	24
226	33	0.0	1	32 1
227	35	0.0	1	32 3
228	61	0.0	1	60 1
229	36	0.0	1	34 2
230	57	0.0	1	56 1
231	40	0.0	1	40
232	36	0.0	1	35 1
233	37	0.0	1	36 1
234	48	0.0	1	46 2
235	45	0.0	1	44 1
236	27	0.0	1	26 1
237	62	0.0	1	61 1
238	63	0.0	1	60 3
239	84	0.0	1	79 5
240	122	0.0	1	117 5
241	42	0.0	1	40 2
242	32	0.0	1	30 2
243	24	0.0	1	24
244	47	0.0	1	46 1
245	28	0.0	1	25 3
246	54	0.0	1	53 1
247	71	0.0	1	69 2
248	75	0.0	1	73 2
249	45	0.0	1	44 1
250	50	0.0	1	50
251	86	0.0	1	84 2
252	81	0.0	1	77 4
253	153	0.0	1	150 3
254	56	0.0	1	56
255	38	0.0	1	35 3
256	67	0.0	1	65 2
257	77	0.0	1	75 2
258	95	0.0	1	92 3
259	60	0.0	1	57 3
260	77	0.0	1	74 3
261	79	0.0	1	76 3
262	89	0.0	1	86 3
263	140	0.0	1	135 5
264	132	0.0	1	127 5
265	114	0.0	1	111 3
266	180	0.0	1	177 3
267	204	0.0	1	196 8
268	150	0.0	1	147 3
269	127	0.0	1	123 4
270	117	0.0	1	113 4
271	194	0.0	1	188 6
272	168	0.0	1	163 5
273	126	0.0	1	125 1
274	164	0.0	1	159 5
275	83	0.0	1	80 3
276	90	0.0	1	88 2
277	159	0.0	1	157 2
278	91	0.0	1	88 3
279	137	0.0	1	133 4
280	80	0.0	1	76 4
281	182	0.0	1	176 6
282	145	0.0	1	137 8
283	159	0.0	1	154 5
284	159	0.0	1	157 2
285	164	0.0	1	161 3
286	153	0.0	1	145 8
287	172	0.0	1	161 11
288	128	0.0	1	124 4
289	288	0.0	1	282 6
290	187	0.0	1	180 7
291	232	0.0	1	228 4
292	204	0.0	1	200 4
293	146	0.0	1	141 5
294	189	0.0	1	188 1
295	141	0.0	1	138 3
296	138	0.0	1	135 3
297	51	0.0	1	50 1
298	1	0.0	1	1
299	5	0.0	1	5
300	7907	0.0	1	7669 238


=== Second read: Adapter 2 ===

Sequence: GACTACHVGGGTATCTAATCC; Type: regular 3'; Length: 21; Trimmed: 17578 times.

No. of allowed errors:
0-9 bp: 0; 10-19 bp: 1; 20-21 bp: 2

Bases preceding removed adapters:
  A: 0.0%
  C: 0.0%
  G: 0.0%
  T: 0.0%
  none/other: 100.0%

Overview of removed sequences
length	count	expect	max.err	error counts
4	1	68.8	0	1
50	6	0.0	2	5 1
51	2	0.0	2	1 1
52	1	0.0	2	1
53	2	0.0	2	1 1
54	3	0.0	2	2 0 1
55	9	0.0	2	8 1
56	19	0.0	2	18 1
57	38	0.0	2	38
58	26	0.0	2	24 2
59	10	0.0	2	10
60	12	0.0	2	12
61	3	0.0	2	3
62	4	0.0	2	3 1
63	2	0.0	2	2
64	3	0.0	2	3
65	2	0.0	2	1 1
67	21	0.0	2	21
68	26	0.0	2	25 1
69	24	0.0	2	22 1 1
70	10	0.0	2	10
71	7	0.0	2	7
72	6	0.0	2	5 1
73	1	0.0	2	1
74	1	0.0	2	1
75	2	0.0	2	2
77	1	0.0	2	1
78	1	0.0	2	1
79	1	0.0	2	1
81	3	0.0	2	2 0 1
82	3	0.0	2	2 1
83	3	0.0	2	3
84	7	0.0	2	5 2
85	1	0.0	2	0 1
86	3	0.0	2	1 1 1
87	2	0.0	2	2
88	1	0.0	2	1
90	3	0.0	2	2 0 1
91	2	0.0	2	2
92	3	0.0	2	3
93	14	0.0	2	13 1
94	5	0.0	2	5
95	8	0.0	2	8
96	5	0.0	2	4 1
97	2	0.0	2	2
98	4	0.0	2	4
99	6	0.0	2	4 2
100	1	0.0	2	1
101	3	0.0	2	3
102	3	0.0	2	2 1
103	3	0.0	2	3
104	2	0.0	2	2
105	2	0.0	2	0 0 2
106	2	0.0	2	1 0 1
107	1	0.0	2	1
108	1	0.0	2	1
109	1	0.0	2	0 1
110	1	0.0	2	1
111	3	0.0	2	2 1
112	2	0.0	2	1 1
116	4	0.0	2	4
117	1	0.0	2	1
118	2	0.0	2	2
119	4	0.0	2	4
120	3	0.0	2	2 1
121	1	0.0	2	1
122	1	0.0	2	1
123	5	0.0	2	5
124	7	0.0	2	6 1
125	8	0.0	2	6 1 1
126	7	0.0	2	7
127	6	0.0	2	6
128	3	0.0	2	3
129	3	0.0	2	3
130	4	0.0	2	2 2
131	2	0.0	2	2
132	4	0.0	2	3 1
133	41	0.0	2	40 1
134	53	0.0	2	53
135	37	0.0	2	36 1
136	14	0.0	2	14
137	2	0.0	2	2
138	1	0.0	2	0 1
139	4	0.0	2	2 2
140	9	0.0	2	8 1
141	2	0.0	2	2
142	8	0.0	2	7 1
143	12	0.0	2	11 1
144	19	0.0	2	18 1
145	18	0.0	2	17 1
146	18	0.0	2	17 1
147	14	0.0	2	13 1
148	10	0.0	2	9 1
149	5	0.0	2	4 1
150	9	0.0	2	8 1
151	4	0.0	2	3 1
152	12	0.0	2	11 1
153	6	0.0	2	6
154	10	0.0	2	10
155	25	0.0	2	25
156	55	0.0	2	53 2
157	34	0.0	2	32 2
158	34	0.0	2	31 3
159	22	0.0	2	21 1
160	5	0.0	2	5
161	4	0.0	2	4
162	11	0.0	2	10 1
163	8	0.0	2	8
164	10	0.0	2	10
165	15	0.0	2	14 1
166	13	0.0	2	12 1
167	35	0.0	2	33 2
168	34	0.0	2	32 2
169	28	0.0	2	26 2
170	21	0.0	2	18 3
171	33	0.0	2	29 4
172	14	0.0	2	14
173	38	0.0	2	36 2
174	43	0.0	2	43
175	34	0.0	2	31 3
176	28	0.0	2	26 2
177	31	0.0	2	31
178	20	0.0	2	18 2
179	34	0.0	2	30 4
180	40	0.0	2	38 2
181	10	0.0	2	9 1
182	13	0.0	2	10 2 1
183	15	0.0	2	14 1
184	15	0.0	2	14 1
185	28	0.0	2	28
186	30	0.0	2	28 2
187	23	0.0	2	21 2
188	6	0.0	2	4 1 1
189	38	0.0	2	35 3
190	48	0.0	2	46 2
191	72	0.0	2	68 4
192	65	0.0	2	63 2
193	83	0.0	2	77 6
194	96	0.0	2	84 12
195	73	0.0	2	70 3
196	25	0.0	2	25
197	13	0.0	2	12 1
198	8	0.0	2	7 1
199	34	0.0	2	33 1
200	56	0.0	2	55 1
201	37	0.0	2	36 1
202	68	0.0	2	64 3 1
203	129	0.0	2	126 3
204	86	0.0	2	76 10
205	100	0.0	2	92 8
206	54	0.0	2	52 2
207	102	0.0	2	97 5
208	48	0.0	2	47 1
209	73	0.0	2	70 3
210	66	0.0	2	64 2
211	126	0.0	2	120 6
212	116	0.0	2	112 4
213	128	0.0	2	128
214	86	0.0	2	78 8
215	60	0.0	2	55 5
216	40	0.0	2	37 3
217	14	0.0	2	13 1
218	13	0.0	2	8 5
219	74	0.0	2	71 3
220	44	0.0	2	43 0 1
221	38	0.0	2	34 4
222	151	0.0	2	141 9 1
223	225	0.0	2	219 6
224	93	0.0	2	89 4
225	202	0.0	2	193 9
226	257	0.0	2	248 9
227	357	0.0	2	346 10 1
228	93	0.0	2	85 7 1
229	191	0.0	2	185 6
230	81	0.0	2	77 3 1
231	51	0.0	2	50 0 1
232	33	0.0	2	32 0 1
233	77	0.0	2	72 5
234	144	0.0	2	139 4 1
235	48	0.0	2	44 3 1
236	23	0.0	2	20 2 1
237	3	0.0	2	3
238	6	0.0	2	6
239	28	0.0	2	17 11
240	216	0.0	2	202 13 1
241	526	0.0	2	504 20 2
242	342	0.0	2	331 11
243	301	0.0	2	291 10
244	138	0.0	2	133 4 1
245	83	0.0	2	79 4
246	40	0.0	2	37 3
247	22	0.0	2	21 1
248	35	0.0	2	34 1
249	230	0.0	2	224 6
250	540	0.0	2	522 18
251	580	0.0	2	569 11
252	147	0.0	2	141 6
253	44	0.0	2	41 3
254	145	0.0	2	139 6
255	114	0.0	2	109 5
256	330	0.0	2	312 18
257	206	0.0	2	192 14
258	257	0.0	2	250 7
259	230	0.0	2	221 9
260	232	0.0	2	226 6
261	146	0.0	2	142 3 1
262	157	0.0	2	154 3
263	98	0.0	2	94 4
264	31	0.0	2	29 1 1
265	61	0.0	2	59 2
266	205	0.0	2	199 6
267	239	0.0	2	234 5
268	185	0.0	2	182 3
269	260	0.0	2	252 8
270	213	0.0	2	206 6 1
271	244	0.0	2	236 8
272	48	0.0	2	45 3
273	40	0.0	2	37 3
274	93	0.0	2	92 1
275	19	0.0	2	19
276	27	0.0	2	25 2
277	459	0.0	2	449 10
278	152	0.0	2	150 2
279	222	0.0	2	221 1
280	293	0.0	2	284 7 2
281	131	0.0	2	130 1
282	207	0.0	2	205 2
283	145	0.0	2	142 3
284	94	0.0	2	92 2
285	125	0.0	2	123 2
286	52	0.0	2	49 3
287	169	0.0	2	164 5
288	55	0.0	2	51 4
289	351	0.0	2	346 5
290	32	0.0	2	30 2
291	202	0.0	2	197 5
292	227	0.0	2	225 2
293	175	0.0	2	171 4
294	50	0.0	2	47 3
295	12	0.0	2	12
297	11	0.0	2	9 2
300	1888	0.0	2	1842 46
