This is cutadapt 2.6 with Python 3.7.16
Command line parameters: -a CCTACGGGNGGCWGCAG -A GACTACHVGGGTATCTAATCC -o trimmed_reads/Bact-52_S50_R1_trimmed.fastq.gz -p trimmed_reads/Bact-52_S50_R2_trimmed.fastq.gz clean_reads/Bact-52_S50_R1_clean.fastq.gz clean_reads/Bact-52_S50_R2_clean.fastq.gz
Processing reads on 1 core in paired-end mode ...
Finished in 0.97 s (33 us/read; 1.85 M reads/minute).

=== Summary ===

Total read pairs processed:             29,977
  Read 1 with adapter:                  29,905 (99.8%)
  Read 2 with adapter:                  29,935 (99.9%)
Pairs written (passing filters):        29,977 (100.0%)

Total basepairs processed:    15,363,538 bp
  Read 1:     8,130,365 bp
  Read 2:     7,233,173 bp
Total written (filtered):         26,485 bp (0.2%)
  Read 1:        18,754 bp
  Read 2:         7,731 bp

=== First read: Adapter 1 ===

Sequence: CCTACGGGNGGCWGCAG; Type: regular 3'; Length: 17; Trimmed: 29905 times.

No. of allowed errors:
0-9 bp: 0; 10-16 bp: 1

Bases preceding removed adapters:
  A: 0.0%
  C: 0.0%
  G: 0.1%
  T: 0.0%
  none/other: 99.9%

Overview of removed sequences
length	count	expect	max.err	error counts
3	1	468.4	0	1
38	1	0.0	1	1
50	11	0.0	1	11
51	6	0.0	1	6
52	3	0.0	1	3
53	4	0.0	1	4
54	1	0.0	1	1
55	6	0.0	1	6
56	4	0.0	1	4
57	2	0.0	1	2
58	6	0.0	1	6
59	6	0.0	1	6
60	4	0.0	1	3 1
61	1	0.0	1	1
62	4	0.0	1	4
63	3	0.0	1	3
64	2	0.0	1	2
65	7	0.0	1	7
66	5	0.0	1	5
67	18	0.0	1	17 1
68	5	0.0	1	5
69	10	0.0	1	10
70	5	0.0	1	5
73	3	0.0	1	3
74	5	0.0	1	5
75	4	0.0	1	4
76	7	0.0	1	7
77	15	0.0	1	15
78	14	0.0	1	14
79	8	0.0	1	8
80	8	0.0	1	8
81	5	0.0	1	5
82	8	0.0	1	7 1
83	2	0.0	1	2
84	4	0.0	1	4
85	6	0.0	1	6
86	8	0.0	1	7 1
87	19	0.0	1	19
88	3	0.0	1	3
89	2	0.0	1	2
91	6	0.0	1	5 1
92	18	0.0	1	18
93	15	0.0	1	15
94	9	0.0	1	9
95	6	0.0	1	6
96	16	0.0	1	16
97	12	0.0	1	12
98	3	0.0	1	3
99	26	0.0	1	26
100	25	0.0	1	25
101	40	0.0	1	40
102	20	0.0	1	20
103	5	0.0	1	5
104	10	0.0	1	10
105	4	0.0	1	4
106	10	0.0	1	10
107	9	0.0	1	9
108	10	0.0	1	10
109	8	0.0	1	8
110	3	0.0	1	3
111	21	0.0	1	21
112	53	0.0	1	52 1
113	45	0.0	1	42 3
114	39	0.0	1	38 1
115	35	0.0	1	34 1
116	46	0.0	1	46
117	34	0.0	1	33 1
118	21	0.0	1	20 1
119	15	0.0	1	14 1
120	24	0.0	1	23 1
121	18	0.0	1	17 1
122	37	0.0	1	37
123	24	0.0	1	24
124	25	0.0	1	25
125	13	0.0	1	13
126	32	0.0	1	32
127	22	0.0	1	21 1
128	59	0.0	1	56 3
129	13	0.0	1	13
130	15	0.0	1	15
131	14	0.0	1	13 1
132	13	0.0	1	13
133	8	0.0	1	8
134	13	0.0	1	13
135	17	0.0	1	17
136	16	0.0	1	14 2
137	14	0.0	1	13 1
138	13	0.0	1	13
139	12	0.0	1	12
140	12	0.0	1	12
141	8	0.0	1	8
142	20	0.0	1	20
143	11	0.0	1	11
144	17	0.0	1	16 1
145	12	0.0	1	12
146	18	0.0	1	18
147	8	0.0	1	8
148	17	0.0	1	16 1
149	15	0.0	1	14 1
150	9	0.0	1	9
151	7	0.0	1	7
152	7	0.0	1	7
153	6	0.0	1	6
154	7	0.0	1	7
155	14	0.0	1	13 1
156	8	0.0	1	7 1
157	11	0.0	1	9 2
158	9	0.0	1	9
159	8	0.0	1	8
160	15	0.0	1	15
161	9	0.0	1	8 1
162	22	0.0	1	21 1
163	24	0.0	1	22 2
164	14	0.0	1	14
165	21	0.0	1	20 1
166	20	0.0	1	20
167	17	0.0	1	16 1
168	31	0.0	1	30 1
169	27	0.0	1	25 2
170	29	0.0	1	27 2
171	32	0.0	1	31 1
172	35	0.0	1	33 2
173	37	0.0	1	36 1
174	35	0.0	1	31 4
175	30	0.0	1	30
176	16	0.0	1	14 2
177	14	0.0	1	14
178	10	0.0	1	9 1
179	22	0.0	1	22
180	12	0.0	1	12
181	15	0.0	1	15
182	24	0.0	1	24
183	21	0.0	1	20 1
184	17	0.0	1	17
185	21	0.0	1	21
186	26	0.0	1	26
187	16	0.0	1	16
188	14	0.0	1	14
189	15	0.0	1	14 1
190	27	0.0	1	27
191	24	0.0	1	24
192	10	0.0	1	10
193	39	0.0	1	39
194	32	0.0	1	32
195	32	0.0	1	30 2
196	46	0.0	1	44 2
197	38	0.0	1	35 3
198	42	0.0	1	39 3
199	47	0.0	1	45 2
200	29	0.0	1	28 1
201	41	0.0	1	39 2
202	30	0.0	1	28 2
203	31	0.0	1	31
204	27	0.0	1	27
205	26	0.0	1	22 4
206	39	0.0	1	39
207	20	0.0	1	20
208	29	0.0	1	29
209	56	0.0	1	53 3
210	39	0.0	1	39
211	44	0.0	1	42 2
212	44	0.0	1	44
213	33	0.0	1	32 1
214	43	0.0	1	41 2
215	47	0.0	1	47
216	36	0.0	1	36
217	62	0.0	1	61 1
218	45	0.0	1	45
219	91	0.0	1	87 4
220	51	0.0	1	50 1
221	37	0.0	1	37
222	48	0.0	1	47 1
223	60	0.0	1	58 2
224	51	0.0	1	48 3
225	40	0.0	1	39 1
226	43	0.0	1	42 1
227	75	0.0	1	73 2
228	76	0.0	1	74 2
229	65	0.0	1	64 1
230	77	0.0	1	75 2
231	65	0.0	1	65
232	72	0.0	1	70 2
233	72	0.0	1	70 2
234	79	0.0	1	76 3
235	79	0.0	1	77 2
236	56	0.0	1	56
237	100	0.0	1	98 2
238	125	0.0	1	119 6
239	125	0.0	1	124 1
240	210	0.0	1	203 7
241	78	0.0	1	77 1
242	51	0.0	1	51
243	40	0.0	1	36 4
244	51	0.0	1	50 1
245	56	0.0	1	52 4
246	95	0.0	1	94 1
247	154	0.0	1	149 5
248	115	0.0	1	113 2
249	95	0.0	1	92 3
250	79	0.0	1	78 1
251	120	0.0	1	118 2
252	148	0.0	1	146 2
253	242	0.0	1	232 10
254	103	0.0	1	100 3
255	70	0.0	1	67 3
256	103	0.0	1	98 5
257	140	0.0	1	137 3
258	138	0.0	1	135 3
259	82	0.0	1	80 2
260	117	0.0	1	112 5
261	149	0.0	1	143 6
262	154	0.0	1	147 7
263	272	0.0	1	266 6
264	235	0.0	1	225 10
265	191	0.0	1	189 2
266	271	0.0	1	266 5
267	418	0.0	1	410 8
268	283	0.0	1	278 5
269	265	0.0	1	253 12
270	199	0.0	1	189 10
271	285	0.0	1	277 8
272	308	0.0	1	294 14
273	238	0.0	1	230 8
274	362	0.0	1	349 13
275	183	0.0	1	176 7
276	164	0.0	1	155 9
277	215	0.0	1	203 12
278	188	0.0	1	183 5
279	214	0.0	1	212 2
280	174	0.0	1	166 8
281	291	0.0	1	285 6
282	241	0.0	1	235 6
283	252	0.0	1	244 8
284	325	0.0	1	310 15
285	307	0.0	1	295 12
286	323	0.0	1	301 22
287	310	0.0	1	303 7
288	237	0.0	1	230 7
289	403	0.0	1	384 19
290	345	0.0	1	335 10
291	293	0.0	1	290 3
292	354	0.0	1	344 10
293	296	0.0	1	290 6
294	329	0.0	1	319 10
295	272	0.0	1	260 12
296	234	0.0	1	227 7
297	81	0.0	1	79 2
298	8	0.0	1	8
299	9	0.0	1	8 1
300	13328	0.0	1	12909 419


=== Second read: Adapter 2 ===

Sequence: GACTACHVGGGTATCTAATCC; Type: regular 3'; Length: 21; Trimmed: 29935 times.

No. of allowed errors:
0-9 bp: 0; 10-19 bp: 1; 20-21 bp: 2

Bases preceding removed adapters:
  A: 0.0%
  C: 0.0%
  G: 0.1%
  T: 0.0%
  none/other: 99.9%

Overview of removed sequences
length	count	expect	max.err	error counts
50	6	0.0	2	4 2
51	3	0.0	2	0 3
52	2	0.0	2	1 0 1
53	3	0.0	2	1 2
54	10	0.0	2	7 3
55	9	0.0	2	9
56	44	0.0	2	41 3
57	43	0.0	2	42 1
58	33	0.0	2	31 2
59	23	0.0	2	23
60	15	0.0	2	14 1
61	8	0.0	2	7 1
62	4	0.0	2	3 1
63	3	0.0	2	2 1
64	1	0.0	2	1
65	4	0.0	2	2 1 1
66	4	0.0	2	4
67	26	0.0	2	25 1
68	21	0.0	2	18 3
69	20	0.0	2	19 1
70	19	0.0	2	17 2
71	3	0.0	2	2 1
72	6	0.0	2	6
73	1	0.0	2	1
74	2	0.0	2	2
75	3	0.0	2	2 1
76	3	0.0	2	3
77	4	0.0	2	4
79	2	0.0	2	2
80	1	0.0	2	0 1
81	3	0.0	2	2 0 1
82	4	0.0	2	3 1
83	9	0.0	2	8 1
84	7	0.0	2	6 1
85	2	0.0	2	2
86	4	0.0	2	3 1
87	4	0.0	2	2 2
88	2	0.0	2	1 1
89	2	0.0	2	2
90	7	0.0	2	6 1
91	2	0.0	2	2
92	3	0.0	2	3
93	16	0.0	2	13 3
94	14	0.0	2	14
95	9	0.0	2	9
96	12	0.0	2	10 1 1
97	5	0.0	2	4 1
98	8	0.0	2	8
99	4	0.0	2	4
100	5	0.0	2	4 0 1
101	5	0.0	2	5
102	3	0.0	2	3
103	5	0.0	2	5
104	2	0.0	2	2
105	1	0.0	2	1
106	4	0.0	2	3 1
107	7	0.0	2	5 2
108	2	0.0	2	1 1
109	3	0.0	2	2 1
110	2	0.0	2	2
111	2	0.0	2	2
112	3	0.0	2	2 1
113	2	0.0	2	1 1
114	1	0.0	2	1
115	6	0.0	2	4 2
116	10	0.0	2	9 1
117	10	0.0	2	10
118	8	0.0	2	8
119	3	0.0	2	3
120	2	0.0	2	2
121	6	0.0	2	6
122	2	0.0	2	2
123	12	0.0	2	11 1
124	13	0.0	2	11 2
125	17	0.0	2	17
126	12	0.0	2	11 1
127	13	0.0	2	10 2 1
128	6	0.0	2	5 1
129	5	0.0	2	5
130	5	0.0	2	5
131	2	0.0	2	1 1
132	9	0.0	2	8 1
133	69	0.0	2	66 2 1
134	84	0.0	2	81 3
135	62	0.0	2	62
136	20	0.0	2	20
137	6	0.0	2	5 1
138	1	0.0	2	1
139	8	0.0	2	3 4 1
140	27	0.0	2	25 2
141	13	0.0	2	11 1 1
142	12	0.0	2	11 1
143	27	0.0	2	26 1
144	22	0.0	2	20 2
145	53	0.0	2	51 2
146	42	0.0	2	40 2
147	40	0.0	2	36 4
148	18	0.0	2	17 1
149	7	0.0	2	5 1 1
150	12	0.0	2	10 2
151	10	0.0	2	10
152	15	0.0	2	14 0 1
153	14	0.0	2	13 1
154	20	0.0	2	19 1
155	62	0.0	2	61 0 1
156	138	0.0	2	132 6
157	101	0.0	2	96 5
158	59	0.0	2	57 2
159	44	0.0	2	42 2
160	22	0.0	2	19 3
161	24	0.0	2	22 2
162	23	0.0	2	23
163	18	0.0	2	17 1
164	25	0.0	2	25
165	20	0.0	2	18 1 1
166	20	0.0	2	19 1
167	47	0.0	2	45 2
168	36	0.0	2	34 2
169	66	0.0	2	64 2
170	56	0.0	2	52 4
171	45	0.0	2	40 4 1
172	44	0.0	2	42 2
173	62	0.0	2	58 4
174	60	0.0	2	58 2
175	70	0.0	2	67 3
176	41	0.0	2	37 2 2
177	88	0.0	2	83 5
178	51	0.0	2	51
179	74	0.0	2	71 3
180	80	0.0	2	73 7
181	28	0.0	2	26 1 1
182	22	0.0	2	20 1 1
183	28	0.0	2	26 2
184	28	0.0	2	26 2
185	45	0.0	2	41 4
186	73	0.0	2	67 5 1
187	32	0.0	2	26 4 2
188	14	0.0	2	11 2 1
189	63	0.0	2	60 3
190	115	0.0	2	106 8 1
191	140	0.0	2	134 5 1
192	146	0.0	2	140 6
193	191	0.0	2	177 13 1
194	172	0.0	2	164 8
195	143	0.0	2	135 7 1
196	53	0.0	2	51 2
197	23	0.0	2	22 1
198	33	0.0	2	28 5
199	86	0.0	2	83 3
200	111	0.0	2	107 4
201	60	0.0	2	50 7 3
202	169	0.0	2	158 9 2
203	281	0.0	2	271 10
204	137	0.0	2	122 15
205	232	0.0	2	217 13 2
206	177	0.0	2	163 13 1
207	230	0.0	2	221 8 1
208	80	0.0	2	71 7 2
209	151	0.0	2	141 8 2
210	120	0.0	2	108 10 2
211	295	0.0	2	278 16 1
212	206	0.0	2	194 11 1
213	244	0.0	2	236 8
214	208	0.0	2	203 4 1
215	131	0.0	2	127 3 1
216	98	0.0	2	95 1 2
217	36	0.0	2	34 1 1
218	28	0.0	2	25 3
219	172	0.0	2	159 11 2
220	86	0.0	2	84 2
221	91	0.0	2	78 10 3
222	309	0.0	2	292 17
223	446	0.0	2	428 16 2
224	209	0.0	2	195 11 3
225	438	0.0	2	428 10
226	375	0.0	2	363 11 1
227	635	0.0	2	610 24 1
228	201	0.0	2	182 18 1
229	459	0.0	2	444 14 1
230	130	0.0	2	118 9 3
231	137	0.0	2	131 6
232	95	0.0	2	91 3 1
233	166	0.0	2	155 11
234	306	0.0	2	292 13 1
235	81	0.0	2	79 2
236	48	0.0	2	45 3
237	5	0.0	2	5
238	8	0.0	2	8
239	31	0.0	2	17 12 2
240	496	0.0	2	469 24 3
241	896	0.0	2	865 29 2
242	612	0.0	2	593 17 2
243	552	0.0	2	538 14
244	261	0.0	2	253 8
245	159	0.0	2	152 7
246	66	0.0	2	62 4
247	51	0.0	2	46 4 1
248	55	0.0	2	49 6
249	314	0.0	2	304 9 1
250	822	0.0	2	799 23
251	925	0.0	2	902 23
252	268	0.0	2	260 8
253	111	0.0	2	107 4
254	234	0.0	2	225 8 1
255	172	0.0	2	164 8
256	592	0.0	2	569 23
257	335	0.0	2	315 20
258	360	0.0	2	349 11
259	359	0.0	2	348 11
260	349	0.0	2	339 9 1
261	185	0.0	2	181 4
262	229	0.0	2	221 7 1
263	171	0.0	2	166 5
264	73	0.0	2	67 5 1
265	94	0.0	2	87 6 1
266	397	0.0	2	388 9
267	425	0.0	2	414 10 1
268	389	0.0	2	377 11 1
269	426	0.0	2	418 7 1
270	457	0.0	2	448 9
271	428	0.0	2	418 10
272	83	0.0	2	81 0 2
273	58	0.0	2	57 1
274	140	0.0	2	140
275	26	0.0	2	22 3 1
276	53	0.0	2	45 8
277	570	0.0	2	555 14 1
278	255	0.0	2	245 10
279	313	0.0	2	307 6
280	466	0.0	2	457 8 1
281	172	0.0	2	167 5
282	293	0.0	2	285 8
283	225	0.0	2	217 8
284	131	0.0	2	127 3 1
285	175	0.0	2	170 4 1
286	72	0.0	2	68 4
287	199	0.0	2	195 4
288	54	0.0	2	52 2
289	510	0.0	2	497 13
290	49	0.0	2	44 5
291	286	0.0	2	277 9
292	289	0.0	2	284 5
293	225	0.0	2	221 4
294	63	0.0	2	62 1
295	14	0.0	2	13 1
296	5	0.0	2	5
297	10	0.0	2	10
298	1	0.0	2	1
300	2489	0.0	2	2440 49
