This is cutadapt 2.6 with Python 3.7.16
Command line parameters: -a CCTACGGGNGGCWGCAG -A GACTACHVGGGTATCTAATCC -o trimmed_reads/Bact-34_S33_R1_trimmed.fastq.gz -p trimmed_reads/Bact-34_S33_R2_trimmed.fastq.gz clean_reads/Bact-34_S33_R1_clean.fastq.gz clean_reads/Bact-34_S33_R2_clean.fastq.gz
Processing reads on 1 core in paired-end mode ...
Finished in 1.64 s (45 us/read; 1.33 M reads/minute).

=== Summary ===

Total read pairs processed:             36,331
  Read 1 with adapter:                  36,257 (99.8%)
  Read 2 with adapter:                  36,280 (99.9%)
Pairs written (passing filters):        36,331 (100.0%)

Total basepairs processed:    18,768,488 bp
  Read 1:     9,850,328 bp
  Read 2:     8,918,160 bp
Total written (filtered):         31,655 bp (0.2%)
  Read 1:        21,419 bp
  Read 2:        10,236 bp

=== First read: Adapter 1 ===

Sequence: CCTACGGGNGGCWGCAG; Type: regular 3'; Length: 17; Trimmed: 36257 times.

No. of allowed errors:
0-9 bp: 0; 10-16 bp: 1

Bases preceding removed adapters:
  A: 0.0%
  C: 0.0%
  G: 0.1%
  T: 0.0%
  none/other: 99.9%

Overview of removed sequences
length	count	expect	max.err	error counts
14	1	0.0	1	1
21	1	0.0	1	1
36	1	0.0	1	1
41	1	0.0	1	1
44	1	0.0	1	1
50	14	0.0	1	13 1
51	10	0.0	1	10
52	3	0.0	1	3
53	1	0.0	1	1
54	8	0.0	1	7 1
55	18	0.0	1	18
56	2	0.0	1	2
57	5	0.0	1	5
58	1	0.0	1	1
59	5	0.0	1	5
60	8	0.0	1	7 1
61	6	0.0	1	6
62	5	0.0	1	5
63	3	0.0	1	3
64	4	0.0	1	4
65	7	0.0	1	7
66	16	0.0	1	15 1
67	10	0.0	1	8 2
68	9	0.0	1	8 1
69	10	0.0	1	10
70	7	0.0	1	7
71	3	0.0	1	2 1
72	5	0.0	1	5
73	9	0.0	1	9
74	13	0.0	1	11 2
75	7	0.0	1	7
76	6	0.0	1	5 1
77	17	0.0	1	16 1
78	25	0.0	1	25
79	12	0.0	1	12
80	8	0.0	1	7 1
81	5	0.0	1	5
82	7	0.0	1	6 1
83	4	0.0	1	4
84	5	0.0	1	5
85	10	0.0	1	9 1
86	10	0.0	1	10
87	22	0.0	1	22
88	3	0.0	1	3
89	1	0.0	1	1
90	2	0.0	1	2
91	12	0.0	1	10 2
92	21	0.0	1	21
93	18	0.0	1	17 1
94	7	0.0	1	7
95	6	0.0	1	6
96	7	0.0	1	7
97	9	0.0	1	9
98	3	0.0	1	3
99	27	0.0	1	27
100	35	0.0	1	35
101	36	0.0	1	35 1
102	17	0.0	1	17
103	10	0.0	1	10
104	11	0.0	1	10 1
105	9	0.0	1	9
106	5	0.0	1	5
107	6	0.0	1	5 1
108	9	0.0	1	9
109	8	0.0	1	7 1
110	8	0.0	1	8
111	41	0.0	1	41
112	47	0.0	1	46 1
113	41	0.0	1	40 1
114	51	0.0	1	51
115	42	0.0	1	42
116	43	0.0	1	42 1
117	45	0.0	1	45
118	39	0.0	1	39
119	22	0.0	1	22
120	25	0.0	1	25
121	35	0.0	1	34 1
122	25	0.0	1	25
123	28	0.0	1	26 2
124	29	0.0	1	29
125	25	0.0	1	25
126	31	0.0	1	31
127	33	0.0	1	33
128	54	0.0	1	52 2
129	18	0.0	1	18
130	16	0.0	1	16
131	14	0.0	1	14
132	10	0.0	1	10
133	18	0.0	1	17 1
134	14	0.0	1	14
135	25	0.0	1	24 1
136	13	0.0	1	13
137	10	0.0	1	9 1
138	16	0.0	1	16
139	9	0.0	1	9
140	21	0.0	1	21
141	10	0.0	1	9 1
142	11	0.0	1	10 1
143	6	0.0	1	6
144	9	0.0	1	9
145	12	0.0	1	12
146	21	0.0	1	19 2
147	19	0.0	1	18 1
148	11	0.0	1	11
149	16	0.0	1	16
150	24	0.0	1	22 2
151	21	0.0	1	20 1
152	16	0.0	1	15 1
153	15	0.0	1	15
154	12	0.0	1	12
155	22	0.0	1	22
156	20	0.0	1	19 1
157	12	0.0	1	12
158	9	0.0	1	9
159	10	0.0	1	10
160	14	0.0	1	14
161	14	0.0	1	13 1
162	13	0.0	1	12 1
163	37	0.0	1	34 3
164	18	0.0	1	18
165	28	0.0	1	28
166	20	0.0	1	19 1
167	21	0.0	1	21
168	20	0.0	1	19 1
169	33	0.0	1	32 1
170	32	0.0	1	32
171	24	0.0	1	23 1
172	68	0.0	1	64 4
173	45	0.0	1	42 3
174	33	0.0	1	32 1
175	31	0.0	1	30 1
176	17	0.0	1	17
177	19	0.0	1	18 1
178	19	0.0	1	18 1
179	26	0.0	1	24 2
180	18	0.0	1	17 1
181	19	0.0	1	18 1
182	31	0.0	1	31
183	30	0.0	1	30
184	26	0.0	1	26
185	35	0.0	1	34 1
186	25	0.0	1	23 2
187	33	0.0	1	30 3
188	24	0.0	1	24
189	22	0.0	1	21 1
190	32	0.0	1	32
191	33	0.0	1	32 1
192	28	0.0	1	27 1
193	34	0.0	1	33 1
194	35	0.0	1	35
195	29	0.0	1	27 2
196	37	0.0	1	37
197	32	0.0	1	31 1
198	62	0.0	1	62
199	60	0.0	1	59 1
200	39	0.0	1	38 1
201	49	0.0	1	46 3
202	43	0.0	1	43
203	29	0.0	1	27 2
204	40	0.0	1	38 2
205	31	0.0	1	31
206	52	0.0	1	50 2
207	40	0.0	1	38 2
208	31	0.0	1	31
209	60	0.0	1	59 1
210	47	0.0	1	46 1
211	54	0.0	1	53 1
212	79	0.0	1	77 2
213	79	0.0	1	76 3
214	59	0.0	1	55 4
215	79	0.0	1	79
216	47	0.0	1	45 2
217	83	0.0	1	81 2
218	64	0.0	1	63 1
219	85	0.0	1	81 4
220	56	0.0	1	53 3
221	61	0.0	1	61
222	53	0.0	1	53
223	60	0.0	1	57 3
224	55	0.0	1	54 1
225	57	0.0	1	54 3
226	53	0.0	1	50 3
227	71	0.0	1	68 3
228	104	0.0	1	102 2
229	75	0.0	1	74 1
230	106	0.0	1	105 1
231	90	0.0	1	88 2
232	63	0.0	1	60 3
233	84	0.0	1	82 2
234	97	0.0	1	94 3
235	111	0.0	1	107 4
236	81	0.0	1	76 5
237	134	0.0	1	124 10
238	144	0.0	1	136 8
239	182	0.0	1	179 3
240	271	0.0	1	260 11
241	97	0.0	1	95 2
242	76	0.0	1	74 2
243	55	0.0	1	54 1
244	97	0.0	1	93 4
245	86	0.0	1	82 4
246	127	0.0	1	122 5
247	166	0.0	1	160 6
248	126	0.0	1	125 1
249	101	0.0	1	98 3
250	102	0.0	1	101 1
251	157	0.0	1	145 12
252	175	0.0	1	165 10
253	255	0.0	1	246 9
254	110	0.0	1	106 4
255	82	0.0	1	76 6
256	93	0.0	1	84 9
257	197	0.0	1	191 6
258	206	0.0	1	200 6
259	138	0.0	1	131 7
260	185	0.0	1	180 5
261	165	0.0	1	159 6
262	171	0.0	1	166 5
263	294	0.0	1	286 8
264	257	0.0	1	246 11
265	197	0.0	1	190 7
266	316	0.0	1	309 7
267	353	0.0	1	338 15
268	345	0.0	1	334 11
269	298	0.0	1	285 13
270	273	0.0	1	265 8
271	337	0.0	1	327 10
272	381	0.0	1	370 11
273	242	0.0	1	235 7
274	347	0.0	1	341 6
275	205	0.0	1	196 9
276	215	0.0	1	208 7
277	290	0.0	1	281 9
278	214	0.0	1	201 13
279	322	0.0	1	312 10
280	239	0.0	1	233 6
281	366	0.0	1	353 13
282	306	0.0	1	294 12
283	298	0.0	1	290 8
284	402	0.0	1	393 9
285	417	0.0	1	408 9
286	392	0.0	1	380 12
287	366	0.0	1	349 17
288	280	0.0	1	272 8
289	594	0.0	1	576 18
290	406	0.0	1	394 12
291	440	0.0	1	424 16
292	506	0.0	1	491 15
293	296	0.0	1	286 10
294	373	0.0	1	361 12
295	256	0.0	1	242 14
296	301	0.0	1	290 11
297	140	0.0	1	133 7
298	1	0.0	1	1
299	11	0.0	1	10 1
300	16028	0.0	1	15499 529


=== Second read: Adapter 2 ===

Sequence: GACTACHVGGGTATCTAATCC; Type: regular 3'; Length: 21; Trimmed: 36280 times.

No. of allowed errors:
0-9 bp: 0; 10-19 bp: 1; 20-21 bp: 2

Bases preceding removed adapters:
  A: 0.0%
  C: 0.0%
  G: 0.0%
  T: 0.0%
  none/other: 100.0%

Overview of removed sequences
length	count	expect	max.err	error counts
3	3	567.7	0	3
4	1	141.9	0	1
50	6	0.0	2	3 1 2
52	6	0.0	2	3 0 3
54	9	0.0	2	5 2 2
55	21	0.0	2	15 5 1
56	32	0.0	2	31 1
57	37	0.0	2	37
58	37	0.0	2	35 2
59	22	0.0	2	22
60	18	0.0	2	18
61	11	0.0	2	11
62	10	0.0	2	9 0 1
63	1	0.0	2	1
64	6	0.0	2	4 1 1
65	7	0.0	2	6 1
66	5	0.0	2	5
67	47	0.0	2	46 1
68	50	0.0	2	46 4
69	28	0.0	2	27 1
70	27	0.0	2	25 2
71	11	0.0	2	7 4
72	5	0.0	2	5
73	5	0.0	2	3 2
74	5	0.0	2	4 1
75	8	0.0	2	7 1
76	5	0.0	2	5
77	1	0.0	2	1
78	2	0.0	2	1 1
79	2	0.0	2	1 1
80	1	0.0	2	1
81	2	0.0	2	2
82	4	0.0	2	4
83	4	0.0	2	4
84	3	0.0	2	3
85	4	0.0	2	4
86	4	0.0	2	2 2
87	8	0.0	2	4 4
88	2	0.0	2	2
89	3	0.0	2	2 0 1
90	2	0.0	2	1 1
91	2	0.0	2	2
92	9	0.0	2	8 1
93	12	0.0	2	12
94	25	0.0	2	24 1
95	12	0.0	2	10 0 2
96	12	0.0	2	8 2 2
97	7	0.0	2	6 1
98	10	0.0	2	10
99	5	0.0	2	4 1
100	8	0.0	2	8
101	5	0.0	2	4 1
102	3	0.0	2	2 1
103	5	0.0	2	3 2
104	4	0.0	2	3 1
105	3	0.0	2	2 1
106	2	0.0	2	1 1
107	2	0.0	2	1 1
108	3	0.0	2	3
109	4	0.0	2	4
110	1	0.0	2	1
111	1	0.0	2	1
112	2	0.0	2	2
113	1	0.0	2	1
114	2	0.0	2	0 2
115	7	0.0	2	5 2
116	7	0.0	2	7
117	2	0.0	2	1 1
118	9	0.0	2	7 2
119	1	0.0	2	0 1
120	2	0.0	2	1 1
121	13	0.0	2	11 2
122	9	0.0	2	9
123	18	0.0	2	15 3
124	15	0.0	2	13 2
125	15	0.0	2	15
126	21	0.0	2	20 1
127	9	0.0	2	8 0 1
128	3	0.0	2	3
129	6	0.0	2	5 1
130	4	0.0	2	4
131	4	0.0	2	4
132	9	0.0	2	9
133	85	0.0	2	83 2
134	90	0.0	2	86 3 1
135	80	0.0	2	78 2
136	21	0.0	2	19 2
137	7	0.0	2	7
138	5	0.0	2	5
139	5	0.0	2	4 1
140	16	0.0	2	15 0 1
141	16	0.0	2	15 0 1
142	22	0.0	2	20 2
143	32	0.0	2	30 2
144	23	0.0	2	22 1
145	52	0.0	2	45 5 2
146	43	0.0	2	38 5
147	47	0.0	2	42 5
148	23	0.0	2	18 4 1
149	11	0.0	2	10 1
150	19	0.0	2	18 1
151	5	0.0	2	5
152	16	0.0	2	15 0 1
153	18	0.0	2	18
154	22	0.0	2	21 1
155	42	0.0	2	39 3
156	118	0.0	2	112 6
157	80	0.0	2	78 2
158	63	0.0	2	62 1
159	37	0.0	2	35 2
160	15	0.0	2	13 2
161	20	0.0	2	17 3
162	13	0.0	2	13
163	26	0.0	2	22 4
164	25	0.0	2	24 1
165	29	0.0	2	28 1
166	29	0.0	2	27 2
167	94	0.0	2	86 6 2
168	49	0.0	2	49
169	69	0.0	2	64 5
170	41	0.0	2	40 1
171	52	0.0	2	48 4
172	48	0.0	2	45 3
173	89	0.0	2	88 0 1
174	83	0.0	2	77 5 1
175	84	0.0	2	83 1
176	67	0.0	2	63 3 1
177	93	0.0	2	92 1
178	64	0.0	2	63 1
179	65	0.0	2	62 2 1
180	59	0.0	2	55 4
181	14	0.0	2	14
182	25	0.0	2	23 2
183	21	0.0	2	20 1
184	28	0.0	2	26 1 1
185	47	0.0	2	44 3
186	71	0.0	2	66 5
187	39	0.0	2	39
188	18	0.0	2	18
189	74	0.0	2	67 7
190	109	0.0	2	101 7 1
191	124	0.0	2	117 6 1
192	141	0.0	2	138 3
193	198	0.0	2	189 7 2
194	141	0.0	2	132 9
195	196	0.0	2	183 12 1
196	49	0.0	2	47 2
197	22	0.0	2	19 3
198	40	0.0	2	35 4 1
199	78	0.0	2	72 6
200	134	0.0	2	127 7
201	72	0.0	2	67 4 1
202	168	0.0	2	160 6 2
203	252	0.0	2	241 10 1
204	144	0.0	2	138 5 1
205	179	0.0	2	168 11
206	193	0.0	2	177 13 3
207	227	0.0	2	206 19 2
208	77	0.0	2	64 9 4
209	154	0.0	2	146 8
210	121	0.0	2	115 4 2
211	313	0.0	2	300 11 2
212	213	0.0	2	208 5
213	276	0.0	2	260 15 1
214	204	0.0	2	198 5 1
215	168	0.0	2	155 12 1
216	115	0.0	2	113 2
217	49	0.0	2	48 0 1
218	25	0.0	2	16 9
219	153	0.0	2	145 7 1
220	79	0.0	2	78 1
221	77	0.0	2	59 17 1
222	326	0.0	2	302 22 2
223	483	0.0	2	468 12 3
224	207	0.0	2	195 12
225	518	0.0	2	494 21 3
226	601	0.0	2	585 16
227	753	0.0	2	732 21
228	197	0.0	2	183 14
229	439	0.0	2	428 11
230	147	0.0	2	138 7 2
231	103	0.0	2	97 5 1
232	70	0.0	2	65 4 1
233	157	0.0	2	147 8 2
234	353	0.0	2	345 8
235	121	0.0	2	117 4
236	55	0.0	2	52 2 1
237	6	0.0	2	6
238	15	0.0	2	10 2 3
239	44	0.0	2	23 21
240	493	0.0	2	470 18 5
241	968	0.0	2	937 30 1
242	771	0.0	2	752 18 1
243	598	0.0	2	582 15 1
244	274	0.0	2	261 13
245	149	0.0	2	142 6 1
246	74	0.0	2	68 6
247	40	0.0	2	37 3
248	82	0.0	2	76 6
249	466	0.0	2	440 25 1
250	1036	0.0	2	1007 28 1
251	1131	0.0	2	1101 29 1
252	319	0.0	2	310 8 1
253	141	0.0	2	130 10 1
254	310	0.0	2	295 15
255	193	0.0	2	178 15
256	757	0.0	2	736 21
257	382	0.0	2	363 18 1
258	483	0.0	2	465 18
259	478	0.0	2	466 12
260	525	0.0	2	514 10 1
261	275	0.0	2	265 9 1
262	377	0.0	2	367 10
263	179	0.0	2	172 7
264	75	0.0	2	75
265	138	0.0	2	130 8
266	430	0.0	2	421 9
267	557	0.0	2	543 11 3
268	326	0.0	2	319 7
269	490	0.0	2	469 21
270	399	0.0	2	389 10
271	525	0.0	2	509 15 1
272	90	0.0	2	84 4 2
273	64	0.0	2	61 3
274	201	0.0	2	194 7
275	48	0.0	2	46 1 1
276	86	0.0	2	75 10 1
277	896	0.0	2	875 21
278	330	0.0	2	316 14
279	474	0.0	2	463 11
280	624	0.0	2	607 17
281	217	0.0	2	209 8
282	355	0.0	2	347 8
283	307	0.0	2	302 5
284	174	0.0	2	169 4 1
285	207	0.0	2	206 1
286	112	0.0	2	107 4 1
287	308	0.0	2	301 7
288	59	0.0	2	54 5
289	708	0.0	2	687 21
290	57	0.0	2	55 2
291	400	0.0	2	392 8
292	452	0.0	2	441 11
293	313	0.0	2	308 4 1
294	103	0.0	2	103
295	20	0.0	2	20
296	7	0.0	2	7
297	24	0.0	2	24
300	3909	0.0	2	3839 70
