This is cutadapt 2.6 with Python 3.7.16
Command line parameters: -a CCTACGGGNGGCWGCAG -A GACTACHVGGGTATCTAATCC -o trimmed_reads/Bact-26_S25_R1_trimmed.fastq.gz -p trimmed_reads/Bact-26_S25_R2_trimmed.fastq.gz clean_reads/Bact-26_S25_R1_clean.fastq.gz clean_reads/Bact-26_S25_R2_clean.fastq.gz
Processing reads on 1 core in paired-end mode ...
Finished in 1.10 s (33 us/read; 1.82 M reads/minute).

=== Summary ===

Total read pairs processed:             33,397
  Read 1 with adapter:                  33,314 (99.8%)
  Read 2 with adapter:                  33,346 (99.8%)
Pairs written (passing filters):        33,397 (100.0%)

Total basepairs processed:    17,019,955 bp
  Read 1:     8,992,236 bp
  Read 2:     8,027,719 bp
Total written (filtered):         33,353 bp (0.2%)
  Read 1:        23,475 bp
  Read 2:         9,878 bp

=== First read: Adapter 1 ===

Sequence: CCTACGGGNGGCWGCAG; Type: regular 3'; Length: 17; Trimmed: 33314 times.

No. of allowed errors:
0-9 bp: 0; 10-16 bp: 1

Bases preceding removed adapters:
  A: 0.0%
  C: 0.0%
  G: 0.0%
  T: 0.0%
  none/other: 99.9%

Overview of removed sequences
length	count	expect	max.err	error counts
3	1	521.8	0	1
8	1	0.5	0	1
12	1	0.0	1	1
15	1	0.0	1	1
43	1	0.0	1	1
48	1	0.0	1	1
50	12	0.0	1	11 1
51	12	0.0	1	12
52	5	0.0	1	5
53	2	0.0	1	2
54	8	0.0	1	8
55	12	0.0	1	11 1
56	1	0.0	1	1
57	8	0.0	1	8
58	2	0.0	1	2
59	5	0.0	1	5
60	7	0.0	1	6 1
61	5	0.0	1	5
62	5	0.0	1	5
63	4	0.0	1	4
64	1	0.0	1	1
65	10	0.0	1	9 1
66	10	0.0	1	8 2
67	14	0.0	1	14
68	15	0.0	1	15
69	15	0.0	1	14 1
70	6	0.0	1	6
71	5	0.0	1	4 1
72	2	0.0	1	2
73	7	0.0	1	7
74	5	0.0	1	5
75	5	0.0	1	5
76	11	0.0	1	11
77	20	0.0	1	20
78	18	0.0	1	17 1
79	14	0.0	1	13 1
80	14	0.0	1	14
81	7	0.0	1	7
82	5	0.0	1	5
83	5	0.0	1	5
84	9	0.0	1	9
85	11	0.0	1	11
86	8	0.0	1	8
87	18	0.0	1	17 1
88	2	0.0	1	2
89	1	0.0	1	1
90	1	0.0	1	1
91	4	0.0	1	4
92	18	0.0	1	16 2
93	22	0.0	1	22
94	15	0.0	1	15
95	9	0.0	1	9
96	10	0.0	1	10
97	20	0.0	1	20
98	8	0.0	1	8
99	32	0.0	1	32
100	37	0.0	1	37
101	33	0.0	1	33
102	16	0.0	1	16
103	13	0.0	1	13
104	14	0.0	1	13 1
105	7	0.0	1	7
106	8	0.0	1	8
107	6	0.0	1	6
108	7	0.0	1	7
109	4	0.0	1	4
110	8	0.0	1	8
111	23	0.0	1	23
112	53	0.0	1	52 1
113	47	0.0	1	46 1
114	34	0.0	1	34
115	42	0.0	1	41 1
116	53	0.0	1	52 1
117	34	0.0	1	33 1
118	28	0.0	1	28
119	24	0.0	1	23 1
120	25	0.0	1	24 1
121	27	0.0	1	24 3
122	25	0.0	1	24 1
123	27	0.0	1	27
124	26	0.0	1	26
125	31	0.0	1	31
126	27	0.0	1	26 1
127	24	0.0	1	23 1
128	70	0.0	1	68 2
129	14	0.0	1	13 1
130	14	0.0	1	14
131	23	0.0	1	23
132	27	0.0	1	27
133	10	0.0	1	9 1
134	13	0.0	1	13
135	18	0.0	1	17 1
136	23	0.0	1	23
137	13	0.0	1	13
138	12	0.0	1	12
139	5	0.0	1	4 1
140	15	0.0	1	15
141	7	0.0	1	7
142	18	0.0	1	17 1
143	16	0.0	1	15 1
144	18	0.0	1	16 2
145	16	0.0	1	15 1
146	23	0.0	1	22 1
147	18	0.0	1	18
148	16	0.0	1	15 1
149	27	0.0	1	25 2
150	9	0.0	1	9
151	8	0.0	1	8
152	13	0.0	1	13
153	16	0.0	1	15 1
154	12	0.0	1	12
155	28	0.0	1	26 2
156	9	0.0	1	9
157	7	0.0	1	7
158	12	0.0	1	11 1
159	8	0.0	1	8
160	14	0.0	1	14
161	16	0.0	1	16
162	24	0.0	1	23 1
163	47	0.0	1	43 4
164	14	0.0	1	13 1
165	20	0.0	1	20
166	24	0.0	1	23 1
167	23	0.0	1	22 1
168	31	0.0	1	30 1
169	32	0.0	1	31 1
170	34	0.0	1	32 2
171	39	0.0	1	37 2
172	45	0.0	1	43 2
173	37	0.0	1	34 3
174	31	0.0	1	31
175	24	0.0	1	23 1
176	15	0.0	1	15
177	27	0.0	1	26 1
178	12	0.0	1	11 1
179	19	0.0	1	17 2
180	13	0.0	1	13
181	13	0.0	1	13
182	20	0.0	1	20
183	24	0.0	1	24
184	23	0.0	1	23
185	29	0.0	1	28 1
186	31	0.0	1	30 1
187	32	0.0	1	31 1
188	25	0.0	1	24 1
189	30	0.0	1	29 1
190	30	0.0	1	30
191	32	0.0	1	32
192	19	0.0	1	19
193	29	0.0	1	29
194	36	0.0	1	34 2
195	32	0.0	1	30 2
196	48	0.0	1	46 2
197	41	0.0	1	41
198	45	0.0	1	42 3
199	58	0.0	1	57 1
200	49	0.0	1	48 1
201	38	0.0	1	36 2
202	40	0.0	1	40
203	17	0.0	1	16 1
204	33	0.0	1	33
205	38	0.0	1	38
206	40	0.0	1	38 2
207	34	0.0	1	33 1
208	46	0.0	1	45 1
209	62	0.0	1	62
210	50	0.0	1	49 1
211	69	0.0	1	67 2
212	55	0.0	1	53 2
213	38	0.0	1	36 2
214	55	0.0	1	54 1
215	68	0.0	1	67 1
216	45	0.0	1	44 1
217	61	0.0	1	58 3
218	61	0.0	1	60 1
219	82	0.0	1	79 3
220	39	0.0	1	39
221	39	0.0	1	38 1
222	66	0.0	1	66
223	63	0.0	1	61 2
224	64	0.0	1	61 3
225	51	0.0	1	51
226	65	0.0	1	64 1
227	84	0.0	1	81 3
228	92	0.0	1	87 5
229	74	0.0	1	71 3
230	107	0.0	1	105 2
231	81	0.0	1	81
232	89	0.0	1	86 3
233	74	0.0	1	72 2
234	95	0.0	1	91 4
235	83	0.0	1	82 1
236	81	0.0	1	77 4
237	115	0.0	1	109 6
238	153	0.0	1	147 6
239	168	0.0	1	164 4
240	281	0.0	1	270 11
241	97	0.0	1	96 1
242	62	0.0	1	61 1
243	50	0.0	1	48 2
244	68	0.0	1	66 2
245	57	0.0	1	56 1
246	124	0.0	1	121 3
247	142	0.0	1	137 5
248	100	0.0	1	99 1
249	104	0.0	1	99 5
250	100	0.0	1	95 5
251	166	0.0	1	161 5
252	192	0.0	1	183 9
253	269	0.0	1	257 12
254	120	0.0	1	117 3
255	89	0.0	1	87 2
256	142	0.0	1	140 2
257	174	0.0	1	169 5
258	172	0.0	1	169 3
259	116	0.0	1	112 4
260	138	0.0	1	133 5
261	160	0.0	1	154 6
262	164	0.0	1	158 6
263	313	0.0	1	299 14
264	276	0.0	1	270 6
265	246	0.0	1	239 7
266	302	0.0	1	284 18
267	441	0.0	1	425 16
268	382	0.0	1	373 9
269	285	0.0	1	278 7
270	274	0.0	1	268 6
271	338	0.0	1	327 11
272	348	0.0	1	330 18
273	287	0.0	1	274 13
274	363	0.0	1	351 12
275	223	0.0	1	217 6
276	201	0.0	1	196 5
277	282	0.0	1	269 13
278	193	0.0	1	183 10
279	292	0.0	1	285 7
280	248	0.0	1	239 9
281	363	0.0	1	353 10
282	284	0.0	1	273 11
283	294	0.0	1	284 10
284	337	0.0	1	327 10
285	401	0.0	1	386 15
286	380	0.0	1	367 13
287	344	0.0	1	331 13
288	266	0.0	1	251 15
289	525	0.0	1	509 16
290	373	0.0	1	363 10
291	337	0.0	1	318 19
292	419	0.0	1	402 17
293	303	0.0	1	293 10
294	399	0.0	1	382 17
295	265	0.0	1	257 8
296	265	0.0	1	256 9
297	95	0.0	1	90 5
298	7	0.0	1	7
299	10	0.0	1	9 1
300	13752	0.0	1	13337 415


=== Second read: Adapter 2 ===

Sequence: GACTACHVGGGTATCTAATCC; Type: regular 3'; Length: 21; Trimmed: 33346 times.

No. of allowed errors:
0-9 bp: 0; 10-19 bp: 1; 20-21 bp: 2

Bases preceding removed adapters:
  A: 0.0%
  C: 0.0%
  G: 0.0%
  T: 0.0%
  none/other: 99.9%

Overview of removed sequences
length	count	expect	max.err	error counts
3	2	521.8	0	2
50	7	0.0	2	4 1 2
51	2	0.0	2	0 2
53	2	0.0	2	0 2
54	8	0.0	2	4 2 2
55	11	0.0	2	8 2 1
56	55	0.0	2	52 1 2
57	53	0.0	2	50 2 1
58	45	0.0	2	43 2
59	23	0.0	2	20 3
60	30	0.0	2	30
61	11	0.0	2	11
62	6	0.0	2	6
63	4	0.0	2	3 0 1
64	3	0.0	2	2 1
65	3	0.0	2	3
66	6	0.0	2	6
67	42	0.0	2	41 1
68	47	0.0	2	45 2
69	29	0.0	2	28 1
70	15	0.0	2	15
71	10	0.0	2	8 1 1
72	6	0.0	2	6
73	3	0.0	2	2 0 1
74	5	0.0	2	5
75	7	0.0	2	7
76	5	0.0	2	5
77	1	0.0	2	1
78	3	0.0	2	3
79	1	0.0	2	1
80	3	0.0	2	0 2 1
81	4	0.0	2	3 1
82	5	0.0	2	5
83	9	0.0	2	9
84	7	0.0	2	6 1
86	10	0.0	2	7 1 2
87	6	0.0	2	6
88	1	0.0	2	0 1
89	1	0.0	2	1
90	1	0.0	2	1
91	4	0.0	2	4
92	11	0.0	2	11
93	15	0.0	2	14 1
94	18	0.0	2	16 2
95	11	0.0	2	10 0 1
96	8	0.0	2	7 1
97	3	0.0	2	2 1
98	12	0.0	2	8 4
99	9	0.0	2	9
100	9	0.0	2	8 1
101	10	0.0	2	10
102	4	0.0	2	3 1
103	6	0.0	2	6
104	4	0.0	2	4
105	3	0.0	2	3
106	3	0.0	2	3
107	2	0.0	2	2
108	2	0.0	2	2
109	2	0.0	2	2
110	3	0.0	2	3
112	3	0.0	2	3
113	6	0.0	2	5 1
115	2	0.0	2	2
116	11	0.0	2	11
117	3	0.0	2	3
118	10	0.0	2	8 2
119	6	0.0	2	6
120	4	0.0	2	4
121	5	0.0	2	5
122	3	0.0	2	3
123	14	0.0	2	13 1
124	13	0.0	2	13
125	14	0.0	2	13 0 1
126	12	0.0	2	11 1
127	20	0.0	2	14 6
128	10	0.0	2	10
129	2	0.0	2	2
130	7	0.0	2	7
131	4	0.0	2	4
132	9	0.0	2	9
133	67	0.0	2	64 3
134	85	0.0	2	85
135	71	0.0	2	68 2 1
136	25	0.0	2	24 1
137	9	0.0	2	9
138	2	0.0	2	2
139	5	0.0	2	3 2
140	26	0.0	2	23 2 1
141	11	0.0	2	9 2
142	15	0.0	2	13 1 1
143	35	0.0	2	32 2 1
144	38	0.0	2	32 3 3
145	55	0.0	2	54 1
146	47	0.0	2	44 3
147	50	0.0	2	44 5 1
148	19	0.0	2	19
149	10	0.0	2	8 2
150	18	0.0	2	17 0 1
151	16	0.0	2	12 2 2
152	19	0.0	2	15 4
153	16	0.0	2	15 1
154	28	0.0	2	27 1
155	60	0.0	2	57 3
156	148	0.0	2	142 5 1
157	87	0.0	2	85 2
158	72	0.0	2	68 3 1
159	43	0.0	2	42 1
160	28	0.0	2	25 3
161	21	0.0	2	20 0 1
162	17	0.0	2	17
163	25	0.0	2	22 3
164	42	0.0	2	40 2
165	26	0.0	2	26
166	39	0.0	2	35 3 1
167	73	0.0	2	69 4
168	50	0.0	2	49 1
169	104	0.0	2	101 3
170	53	0.0	2	51 1 1
171	66	0.0	2	63 3
172	62	0.0	2	57 3 2
173	77	0.0	2	71 4 2
174	90	0.0	2	87 3
175	78	0.0	2	78
176	52	0.0	2	52
177	103	0.0	2	100 2 1
178	61	0.0	2	58 2 1
179	67	0.0	2	64 3
180	79	0.0	2	79
181	33	0.0	2	31 1 1
182	46	0.0	2	39 6 1
183	33	0.0	2	29 4
184	46	0.0	2	40 5 1
185	77	0.0	2	75 1 1
186	55	0.0	2	50 4 1
187	40	0.0	2	36 4
188	17	0.0	2	15 2
189	46	0.0	2	45 1
190	164	0.0	2	159 5
191	147	0.0	2	143 3 1
192	172	0.0	2	169 3
193	245	0.0	2	238 7
194	199	0.0	2	192 6 1
195	184	0.0	2	175 9
196	73	0.0	2	67 5 1
197	50	0.0	2	47 3
198	49	0.0	2	46 3
199	93	0.0	2	87 6
200	129	0.0	2	124 5
201	74	0.0	2	71 1 2
202	168	0.0	2	164 4
203	287	0.0	2	274 13
204	168	0.0	2	158 9 1
205	260	0.0	2	251 8 1
206	177	0.0	2	160 13 4
207	269	0.0	2	255 14
208	81	0.0	2	72 8 1
209	164	0.0	2	159 4 1
210	158	0.0	2	147 10 1
211	294	0.0	2	281 13
212	206	0.0	2	199 6 1
213	259	0.0	2	249 10
214	190	0.0	2	188 2
215	164	0.0	2	154 9 1
216	104	0.0	2	102 2
217	45	0.0	2	41 3 1
218	30	0.0	2	22 7 1
219	203	0.0	2	194 6 3
220	109	0.0	2	105 4
221	87	0.0	2	75 11 1
222	349	0.0	2	331 16 2
223	452	0.0	2	442 10
224	260	0.0	2	253 7
225	584	0.0	2	562 21 1
226	456	0.0	2	435 20 1
227	707	0.0	2	686 19 2
228	204	0.0	2	185 18 1
229	472	0.0	2	455 16 1
230	151	0.0	2	140 10 1
231	168	0.0	2	160 7 1
232	124	0.0	2	121 3
233	198	0.0	2	188 8 2
234	361	0.0	2	347 13 1
235	108	0.0	2	105 3
236	45	0.0	2	44 1
237	7	0.0	2	6 0 1
238	7	0.0	2	6 0 1
239	32	0.0	2	20 10 2
240	528	0.0	2	496 30 2
241	894	0.0	2	864 30
242	702	0.0	2	680 21 1
243	598	0.0	2	576 20 2
244	261	0.0	2	253 8
245	190	0.0	2	183 7
246	92	0.0	2	85 7
247	46	0.0	2	44 2
248	64	0.0	2	61 3
249	368	0.0	2	354 13 1
250	875	0.0	2	849 25 1
251	987	0.0	2	958 29
252	282	0.0	2	273 9
253	144	0.0	2	134 10
254	274	0.0	2	267 7
255	176	0.0	2	167 9
256	651	0.0	2	627 21 3
257	330	0.0	2	317 13
258	492	0.0	2	476 16
259	392	0.0	2	380 11 1
260	437	0.0	2	427 10
261	239	0.0	2	232 7
262	251	0.0	2	240 10 1
263	161	0.0	2	155 4 2
264	76	0.0	2	70 6
265	106	0.0	2	99 7
266	375	0.0	2	371 4
267	442	0.0	2	436 5 1
268	394	0.0	2	384 10
269	366	0.0	2	356 10
270	359	0.0	2	346 13
271	433	0.0	2	421 12
272	85	0.0	2	81 2 2
273	62	0.0	2	59 3
274	143	0.0	2	137 5 1
275	33	0.0	2	31 2
276	55	0.0	2	50 5
277	637	0.0	2	624 13
278	238	0.0	2	230 8
279	405	0.0	2	393 12
280	541	0.0	2	529 12
281	160	0.0	2	155 5
282	307	0.0	2	301 6
283	233	0.0	2	229 4
284	128	0.0	2	124 4
285	182	0.0	2	180 2
286	77	0.0	2	74 3
287	243	0.0	2	239 4
288	58	0.0	2	56 2
289	514	0.0	2	503 11
290	41	0.0	2	40 1
291	342	0.0	2	334 8
292	365	0.0	2	359 6
293	251	0.0	2	248 3
294	74	0.0	2	73 1
295	21	0.0	2	21
296	7	0.0	2	7
297	14	0.0	2	13 1
300	2986	0.0	2	2925 60 1
