This is cutadapt 2.6 with Python 3.7.16
Command line parameters: -a CCTACGGGNGGCWGCAG -A GACTACHVGGGTATCTAATCC -o trimmed_reads/Bact-35_S34_R1_trimmed.fastq.gz -p trimmed_reads/Bact-35_S34_R2_trimmed.fastq.gz clean_reads/Bact-35_S34_R1_clean.fastq.gz clean_reads/Bact-35_S34_R2_clean.fastq.gz
Processing reads on 1 core in paired-end mode ...
Finished in 1.26 s (41 us/read; 1.45 M reads/minute).

=== Summary ===

Total read pairs processed:             30,556
  Read 1 with adapter:                  30,497 (99.8%)
  Read 2 with adapter:                  30,508 (99.8%)
Pairs written (passing filters):        30,556 (100.0%)

Total basepairs processed:    15,775,876 bp
  Read 1:     8,291,182 bp
  Read 2:     7,484,694 bp
Total written (filtered):         26,583 bp (0.2%)
  Read 1:        17,398 bp
  Read 2:         9,185 bp

=== First read: Adapter 1 ===

Sequence: CCTACGGGNGGCWGCAG; Type: regular 3'; Length: 17; Trimmed: 30497 times.

No. of allowed errors:
0-9 bp: 0; 10-16 bp: 1

Bases preceding removed adapters:
  A: 0.0%
  C: 0.0%
  G: 0.0%
  T: 0.0%
  none/other: 99.9%

Overview of removed sequences
length	count	expect	max.err	error counts
3	1	477.4	0	1
42	1	0.0	1	1
50	5	0.0	1	5
51	12	0.0	1	9 3
52	7	0.0	1	7
53	6	0.0	1	4 2
54	2	0.0	1	2
55	8	0.0	1	7 1
56	1	0.0	1	1
57	3	0.0	1	3
58	1	0.0	1	1
59	2	0.0	1	1 1
60	1	0.0	1	1
61	1	0.0	1	1
62	7	0.0	1	7
63	2	0.0	1	2
64	2	0.0	1	2
65	4	0.0	1	4
66	7	0.0	1	7
67	19	0.0	1	19
68	12	0.0	1	11 1
69	6	0.0	1	6
70	6	0.0	1	6
71	1	0.0	1	1
72	2	0.0	1	2
73	3	0.0	1	3
74	10	0.0	1	9 1
75	5	0.0	1	5
76	9	0.0	1	9
77	18	0.0	1	18
78	13	0.0	1	13
79	17	0.0	1	17
80	14	0.0	1	14
81	7	0.0	1	6 1
82	8	0.0	1	7 1
83	6	0.0	1	5 1
84	3	0.0	1	3
85	6	0.0	1	6
86	6	0.0	1	6
87	21	0.0	1	20 1
88	4	0.0	1	4
89	1	0.0	1	1
90	4	0.0	1	4
91	2	0.0	1	2
92	11	0.0	1	11
93	9	0.0	1	9
94	15	0.0	1	15
95	11	0.0	1	11
96	9	0.0	1	9
97	7	0.0	1	7
98	2	0.0	1	2
99	31	0.0	1	31
100	32	0.0	1	31 1
101	33	0.0	1	33
102	12	0.0	1	12
103	23	0.0	1	23
104	11	0.0	1	11
105	9	0.0	1	9
106	6	0.0	1	6
107	13	0.0	1	13
108	12	0.0	1	11 1
109	4	0.0	1	4
110	6	0.0	1	5 1
111	20	0.0	1	20
112	30	0.0	1	30
113	42	0.0	1	41 1
114	39	0.0	1	39
115	37	0.0	1	37
116	29	0.0	1	29
117	29	0.0	1	29
118	21	0.0	1	20 1
119	19	0.0	1	18 1
120	25	0.0	1	25
121	28	0.0	1	28
122	21	0.0	1	19 2
123	23	0.0	1	23
124	24	0.0	1	22 2
125	24	0.0	1	23 1
126	26	0.0	1	26
127	22	0.0	1	22
128	46	0.0	1	45 1
129	17	0.0	1	17
130	15	0.0	1	15
131	11	0.0	1	11
132	18	0.0	1	18
133	10	0.0	1	10
134	20	0.0	1	19 1
135	19	0.0	1	18 1
136	15	0.0	1	15
137	11	0.0	1	10 1
138	7	0.0	1	7
139	11	0.0	1	11
140	14	0.0	1	14
141	9	0.0	1	9
142	17	0.0	1	16 1
143	4	0.0	1	4
144	9	0.0	1	9
145	11	0.0	1	10 1
146	25	0.0	1	25
147	20	0.0	1	18 2
148	13	0.0	1	12 1
149	12	0.0	1	12
150	9	0.0	1	9
151	10	0.0	1	10
152	6	0.0	1	5 1
153	11	0.0	1	10 1
154	6	0.0	1	6
155	10	0.0	1	8 2
156	9	0.0	1	9
157	12	0.0	1	11 1
158	7	0.0	1	6 1
159	7	0.0	1	6 1
160	14	0.0	1	14
161	13	0.0	1	12 1
162	22	0.0	1	20 2
163	32	0.0	1	31 1
164	8	0.0	1	7 1
165	19	0.0	1	19
166	11	0.0	1	10 1
167	12	0.0	1	12
168	21	0.0	1	21
169	26	0.0	1	26
170	25	0.0	1	25
171	21	0.0	1	21
172	46	0.0	1	45 1
173	26	0.0	1	26
174	27	0.0	1	27
175	16	0.0	1	15 1
176	24	0.0	1	24
177	20	0.0	1	20
178	7	0.0	1	7
179	16	0.0	1	15 1
180	9	0.0	1	9
181	15	0.0	1	14 1
182	21	0.0	1	20 1
183	19	0.0	1	19
184	16	0.0	1	15 1
185	18	0.0	1	18
186	27	0.0	1	25 2
187	24	0.0	1	23 1
188	22	0.0	1	20 2
189	15	0.0	1	14 1
190	27	0.0	1	27
191	36	0.0	1	35 1
192	31	0.0	1	31
193	34	0.0	1	33 1
194	29	0.0	1	29
195	46	0.0	1	46
196	49	0.0	1	49
197	39	0.0	1	37 2
198	53	0.0	1	52 1
199	48	0.0	1	47 1
200	39	0.0	1	38 1
201	37	0.0	1	35 2
202	35	0.0	1	33 2
203	29	0.0	1	29
204	29	0.0	1	28 1
205	28	0.0	1	28
206	28	0.0	1	28
207	37	0.0	1	35 2
208	38	0.0	1	38
209	59	0.0	1	56 3
210	50	0.0	1	50
211	37	0.0	1	36 1
212	46	0.0	1	45 1
213	35	0.0	1	35
214	44	0.0	1	43 1
215	59	0.0	1	58 1
216	32	0.0	1	31 1
217	52	0.0	1	52
218	68	0.0	1	65 3
219	82	0.0	1	78 4
220	55	0.0	1	54 1
221	52	0.0	1	52
222	48	0.0	1	46 2
223	62	0.0	1	58 4
224	51	0.0	1	49 2
225	48	0.0	1	48
226	50	0.0	1	50
227	87	0.0	1	86 1
228	79	0.0	1	76 3
229	39	0.0	1	37 2
230	88	0.0	1	85 3
231	64	0.0	1	63 1
232	62	0.0	1	61 1
233	68	0.0	1	67 1
234	74	0.0	1	72 2
235	75	0.0	1	73 2
236	67	0.0	1	65 2
237	110	0.0	1	106 4
238	111	0.0	1	106 5
239	138	0.0	1	132 6
240	232	0.0	1	220 12
241	92	0.0	1	87 5
242	50	0.0	1	49 1
243	38	0.0	1	36 2
244	69	0.0	1	66 3
245	57	0.0	1	52 5
246	125	0.0	1	123 2
247	137	0.0	1	134 3
248	84	0.0	1	84
249	101	0.0	1	99 2
250	86	0.0	1	83 3
251	144	0.0	1	138 6
252	159	0.0	1	156 3
253	233	0.0	1	229 4
254	109	0.0	1	108 1
255	70	0.0	1	67 3
256	91	0.0	1	89 2
257	143	0.0	1	139 4
258	161	0.0	1	155 6
259	102	0.0	1	96 6
260	131	0.0	1	128 3
261	142	0.0	1	138 4
262	145	0.0	1	142 3
263	252	0.0	1	238 14
264	250	0.0	1	245 5
265	237	0.0	1	230 7
266	291	0.0	1	274 17
267	408	0.0	1	401 7
268	312	0.0	1	300 12
269	241	0.0	1	230 11
270	232	0.0	1	230 2
271	295	0.0	1	281 14
272	287	0.0	1	282 5
273	249	0.0	1	243 6
274	335	0.0	1	326 9
275	173	0.0	1	164 9
276	169	0.0	1	161 8
277	225	0.0	1	215 10
278	189	0.0	1	174 15
279	255	0.0	1	250 5
280	194	0.0	1	181 13
281	287	0.0	1	282 5
282	261	0.0	1	252 9
283	269	0.0	1	262 7
284	310	0.0	1	296 14
285	341	0.0	1	331 10
286	302	0.0	1	292 10
287	270	0.0	1	259 11
288	221	0.0	1	204 17
289	449	0.0	1	440 9
290	332	0.0	1	325 7
291	367	0.0	1	359 8
292	349	0.0	1	340 9
293	262	0.0	1	256 6
294	338	0.0	1	326 12
295	280	0.0	1	274 6
296	244	0.0	1	234 10
297	88	0.0	1	83 5
298	6	0.0	1	6
299	8	0.0	1	4 4
300	13530	0.0	1	13062 468


=== Second read: Adapter 2 ===

Sequence: GACTACHVGGGTATCTAATCC; Type: regular 3'; Length: 21; Trimmed: 30508 times.

No. of allowed errors:
0-9 bp: 0; 10-19 bp: 1; 20-21 bp: 2

Bases preceding removed adapters:
  A: 0.0%
  C: 0.0%
  G: 0.0%
  T: 0.0%
  none/other: 100.0%

Overview of removed sequences
length	count	expect	max.err	error counts
3	1	477.4	0	1
50	6	0.0	2	3 1 2
51	3	0.0	2	3
52	3	0.0	2	2 0 1
53	2	0.0	2	1 0 1
54	5	0.0	2	1 3 1
55	15	0.0	2	11 4
56	29	0.0	2	29
57	39	0.0	2	37 2
58	34	0.0	2	30 3 1
59	17	0.0	2	17
60	12	0.0	2	12
61	12	0.0	2	11 0 1
62	7	0.0	2	7
63	1	0.0	2	1
64	7	0.0	2	5 2
65	2	0.0	2	2
66	3	0.0	2	2 1
67	42	0.0	2	39 2 1
68	39	0.0	2	38 1
69	25	0.0	2	25
70	17	0.0	2	16 1
71	7	0.0	2	6 0 1
72	5	0.0	2	4 1
73	2	0.0	2	2
74	5	0.0	2	5
75	5	0.0	2	5
76	3	0.0	2	3
77	4	0.0	2	3 1
78	1	0.0	2	0 0 1
79	1	0.0	2	1
80	1	0.0	2	1
81	5	0.0	2	5
82	2	0.0	2	1 1
83	6	0.0	2	6
84	5	0.0	2	5
85	3	0.0	2	3
86	1	0.0	2	1
87	4	0.0	2	3 1
88	2	0.0	2	0 1 1
89	5	0.0	2	4 0 1
90	3	0.0	2	2 1
91	1	0.0	2	0 1
92	8	0.0	2	7 1
93	7	0.0	2	7
94	7	0.0	2	7
95	9	0.0	2	8 1
96	7	0.0	2	7
97	10	0.0	2	6 2 2
98	8	0.0	2	7 1
99	9	0.0	2	8 1
100	6	0.0	2	4 1 1
101	2	0.0	2	2
102	1	0.0	2	1
103	5	0.0	2	3 2
104	4	0.0	2	2 2
105	1	0.0	2	1
106	3	0.0	2	1 2
107	4	0.0	2	2 2
108	4	0.0	2	3 0 1
109	2	0.0	2	1 1
110	2	0.0	2	2
111	4	0.0	2	4
112	2	0.0	2	1 1
113	3	0.0	2	3
115	5	0.0	2	4 1
116	1	0.0	2	1
117	4	0.0	2	2 2
118	9	0.0	2	7 2
119	6	0.0	2	5 1
120	3	0.0	2	2 1
121	5	0.0	2	4 1
122	6	0.0	2	5 1
123	14	0.0	2	14
124	12	0.0	2	12
125	14	0.0	2	11 3
126	8	0.0	2	6 2
127	5	0.0	2	3 1 1
128	8	0.0	2	6 2
129	2	0.0	2	2
130	5	0.0	2	5
131	3	0.0	2	3
132	6	0.0	2	5 1
133	75	0.0	2	72 2 1
134	94	0.0	2	93 1
135	55	0.0	2	53 1 1
136	21	0.0	2	20 1
137	8	0.0	2	8
138	2	0.0	2	2
139	1	0.0	2	1
140	8	0.0	2	7 1
141	9	0.0	2	6 3
142	18	0.0	2	17 0 1
143	24	0.0	2	23 1
144	27	0.0	2	25 2
145	42	0.0	2	38 4
146	30	0.0	2	28 2
147	40	0.0	2	34 6
148	19	0.0	2	18 1
149	9	0.0	2	9
150	12	0.0	2	11 0 1
151	8	0.0	2	8
152	17	0.0	2	16 1
153	13	0.0	2	11 2
154	15	0.0	2	15
155	60	0.0	2	59 1
156	137	0.0	2	133 4
157	72	0.0	2	68 4
158	55	0.0	2	49 6
159	39	0.0	2	38 1
160	13	0.0	2	12 1
161	16	0.0	2	13 3
162	15	0.0	2	15
163	17	0.0	2	16 1
164	24	0.0	2	24
165	22	0.0	2	22
166	20	0.0	2	19 1
167	64	0.0	2	56 7 1
168	40	0.0	2	36 2 2
169	43	0.0	2	41 2
170	39	0.0	2	37 2
171	37	0.0	2	35 2
172	42	0.0	2	41 1
173	72	0.0	2	71 1
174	80	0.0	2	74 6
175	43	0.0	2	41 2
176	40	0.0	2	38 2
177	65	0.0	2	62 3
178	48	0.0	2	44 2 2
179	83	0.0	2	77 5 1
180	66	0.0	2	62 2 2
181	27	0.0	2	26 1
182	18	0.0	2	18
183	24	0.0	2	21 3
184	18	0.0	2	17 1
185	62	0.0	2	60 2
186	30	0.0	2	26 4
187	35	0.0	2	33 2
188	17	0.0	2	17
189	63	0.0	2	60 3
190	92	0.0	2	90 1 1
191	78	0.0	2	76 2
192	117	0.0	2	113 4
193	161	0.0	2	150 10 1
194	134	0.0	2	127 5 2
195	122	0.0	2	112 10
196	37	0.0	2	33 2 2
197	24	0.0	2	23 1
198	39	0.0	2	38 1
199	79	0.0	2	72 7
200	108	0.0	2	105 3
201	76	0.0	2	75 1
202	136	0.0	2	127 8 1
203	249	0.0	2	238 11
204	132	0.0	2	121 10 1
205	204	0.0	2	196 6 2
206	181	0.0	2	172 9
207	169	0.0	2	157 11 1
208	72	0.0	2	66 6
209	145	0.0	2	140 5
210	104	0.0	2	101 3
211	239	0.0	2	233 5 1
212	184	0.0	2	180 4
213	248	0.0	2	239 8 1
214	166	0.0	2	163 3
215	128	0.0	2	125 2 1
216	97	0.0	2	91 6
217	42	0.0	2	40 2
218	27	0.0	2	20 7
219	133	0.0	2	131 2
220	84	0.0	2	82 1 1
221	89	0.0	2	73 16
222	260	0.0	2	241 19
223	383	0.0	2	369 14
224	194	0.0	2	180 14
225	389	0.0	2	371 17 1
226	421	0.0	2	410 11
227	625	0.0	2	604 21
228	156	0.0	2	143 11 2
229	375	0.0	2	367 8
230	142	0.0	2	123 17 2
231	104	0.0	2	99 4 1
232	66	0.0	2	59 4 3
233	160	0.0	2	148 10 2
234	329	0.0	2	314 15
235	107	0.0	2	104 3
236	43	0.0	2	41 1 1
237	7	0.0	2	7
238	6	0.0	2	6
239	22	0.0	2	11 9 2
240	433	0.0	2	402 28 3
241	859	0.0	2	838 21
242	596	0.0	2	576 18 2
243	538	0.0	2	525 11 2
244	275	0.0	2	265 9 1
245	153	0.0	2	144 8 1
246	84	0.0	2	79 5
247	47	0.0	2	41 6
248	65	0.0	2	61 4
249	382	0.0	2	356 20 6
250	973	0.0	2	946 25 2
251	990	0.0	2	962 25 3
252	269	0.0	2	265 4
253	109	0.0	2	103 6
254	253	0.0	2	244 9
255	180	0.0	2	175 5
256	647	0.0	2	621 24 2
257	331	0.0	2	318 13
258	374	0.0	2	361 12 1
259	365	0.0	2	357 8
260	418	0.0	2	412 6
261	213	0.0	2	208 5
262	288	0.0	2	280 8
263	184	0.0	2	178 6
264	75	0.0	2	74 0 1
265	113	0.0	2	103 9 1
266	320	0.0	2	313 7
267	390	0.0	2	383 7
268	276	0.0	2	269 7
269	429	0.0	2	422 7
270	383	0.0	2	370 13
271	432	0.0	2	421 10 1
272	68	0.0	2	64 4
273	70	0.0	2	63 7
274	162	0.0	2	159 2 1
275	45	0.0	2	41 4
276	63	0.0	2	50 13
277	820	0.0	2	797 23
278	277	0.0	2	271 6
279	411	0.0	2	404 7
280	514	0.0	2	505 9
281	185	0.0	2	183 2
282	301	0.0	2	293 8
283	239	0.0	2	231 7 1
284	150	0.0	2	149 1
285	200	0.0	2	195 5
286	72	0.0	2	71 1
287	272	0.0	2	267 5
288	60	0.0	2	55 5
289	533	0.0	2	526 7
290	47	0.0	2	45 2
291	339	0.0	2	332 7
292	346	0.0	2	337 9
293	274	0.0	2	268 6
294	89	0.0	2	86 3
295	26	0.0	2	25 1
296	1	0.0	2	1
297	14	0.0	2	13 1
300	3092	0.0	2	3030 61 1
