This is cutadapt 2.6 with Python 3.7.16
Command line parameters: -a CCTACGGGNGGCWGCAG -A GACTACHVGGGTATCTAATCC -o trimmed_reads/Bact-50_S48_R1_trimmed.fastq.gz -p trimmed_reads/Bact-50_S48_R2_trimmed.fastq.gz clean_reads/Bact-50_S48_R1_clean.fastq.gz clean_reads/Bact-50_S48_R2_clean.fastq.gz
Processing reads on 1 core in paired-end mode ...
Finished in 0.92 s (32 us/read; 1.87 M reads/minute).

=== Summary ===

Total read pairs processed:             28,776
  Read 1 with adapter:                  28,707 (99.8%)
  Read 2 with adapter:                  28,724 (99.8%)
Pairs written (passing filters):        28,776 (100.0%)

Total basepairs processed:    14,756,335 bp
  Read 1:     7,746,595 bp
  Read 2:     7,009,740 bp
Total written (filtered):         28,340 bp (0.2%)
  Read 1:        18,619 bp
  Read 2:         9,721 bp

=== First read: Adapter 1 ===

Sequence: CCTACGGGNGGCWGCAG; Type: regular 3'; Length: 17; Trimmed: 28707 times.

No. of allowed errors:
0-9 bp: 0; 10-16 bp: 1

Bases preceding removed adapters:
  A: 0.0%
  C: 0.0%
  G: 0.1%
  T: 0.0%
  none/other: 99.9%

Overview of removed sequences
length	count	expect	max.err	error counts
3	1	449.6	0	1
44	1	0.0	1	1
50	17	0.0	1	17
51	8	0.0	1	8
52	8	0.0	1	8
53	1	0.0	1	1
54	7	0.0	1	7
55	6	0.0	1	6
56	3	0.0	1	2 1
57	7	0.0	1	7
58	5	0.0	1	5
59	9	0.0	1	9
60	6	0.0	1	6
61	1	0.0	1	1
62	7	0.0	1	7
63	3	0.0	1	3
64	2	0.0	1	1 1
65	7	0.0	1	6 1
66	11	0.0	1	10 1
67	18	0.0	1	17 1
68	12	0.0	1	12
69	6	0.0	1	5 1
70	7	0.0	1	7
71	4	0.0	1	4
72	1	0.0	1	1
73	9	0.0	1	7 2
74	12	0.0	1	12
75	3	0.0	1	3
76	10	0.0	1	10
77	12	0.0	1	10 2
78	16	0.0	1	16
79	23	0.0	1	23
80	9	0.0	1	9
81	9	0.0	1	9
82	11	0.0	1	9 2
83	3	0.0	1	3
84	5	0.0	1	5
85	5	0.0	1	5
86	5	0.0	1	5
87	22	0.0	1	20 2
88	4	0.0	1	4
89	1	0.0	1	1
90	1	0.0	1	1
91	4	0.0	1	4
92	10	0.0	1	9 1
93	15	0.0	1	14 1
94	9	0.0	1	9
95	8	0.0	1	7 1
96	9	0.0	1	8 1
97	12	0.0	1	10 2
98	8	0.0	1	8
99	28	0.0	1	28
100	25	0.0	1	25
101	28	0.0	1	28
102	11	0.0	1	11
103	11	0.0	1	11
104	12	0.0	1	12
105	6	0.0	1	6
106	2	0.0	1	2
107	7	0.0	1	7
108	18	0.0	1	18
109	7	0.0	1	7
110	5	0.0	1	5
111	26	0.0	1	25 1
112	42	0.0	1	41 1
113	31	0.0	1	30 1
114	39	0.0	1	37 2
115	44	0.0	1	41 3
116	50	0.0	1	48 2
117	38	0.0	1	37 1
118	25	0.0	1	25
119	32	0.0	1	31 1
120	15	0.0	1	14 1
121	20	0.0	1	18 2
122	14	0.0	1	14
123	32	0.0	1	31 1
124	26	0.0	1	25 1
125	31	0.0	1	31
126	28	0.0	1	27 1
127	20	0.0	1	19 1
128	58	0.0	1	55 3
129	12	0.0	1	11 1
130	10	0.0	1	10
131	7	0.0	1	6 1
132	9	0.0	1	9
133	14	0.0	1	13 1
134	15	0.0	1	13 2
135	20	0.0	1	20
136	9	0.0	1	9
137	11	0.0	1	11
138	15	0.0	1	15
139	8	0.0	1	8
140	16	0.0	1	16
141	5	0.0	1	5
142	17	0.0	1	17
143	8	0.0	1	7 1
144	10	0.0	1	10
145	14	0.0	1	14
146	19	0.0	1	18 1
147	19	0.0	1	19
148	11	0.0	1	11
149	23	0.0	1	23
150	8	0.0	1	8
151	7	0.0	1	7
152	10	0.0	1	10
153	7	0.0	1	7
154	8	0.0	1	8
155	15	0.0	1	15
156	7	0.0	1	7
157	11	0.0	1	11
158	8	0.0	1	8
159	6	0.0	1	6
160	15	0.0	1	15
161	11	0.0	1	11
162	17	0.0	1	16 1
163	28	0.0	1	26 2
164	14	0.0	1	13 1
165	20	0.0	1	20
166	22	0.0	1	22
167	21	0.0	1	20 1
168	16	0.0	1	15 1
169	42	0.0	1	39 3
170	31	0.0	1	31
171	18	0.0	1	16 2
172	31	0.0	1	28 3
173	29	0.0	1	28 1
174	15	0.0	1	13 2
175	29	0.0	1	27 2
176	21	0.0	1	20 1
177	26	0.0	1	26
178	14	0.0	1	14
179	20	0.0	1	18 2
180	15	0.0	1	13 2
181	16	0.0	1	15 1
182	17	0.0	1	17
183	24	0.0	1	24
184	17	0.0	1	17
185	21	0.0	1	19 2
186	21	0.0	1	21
187	27	0.0	1	26 1
188	29	0.0	1	28 1
189	15	0.0	1	14 1
190	33	0.0	1	33
191	25	0.0	1	24 1
192	18	0.0	1	18
193	37	0.0	1	35 2
194	33	0.0	1	30 3
195	33	0.0	1	31 2
196	38	0.0	1	37 1
197	32	0.0	1	31 1
198	51	0.0	1	47 4
199	39	0.0	1	38 1
200	48	0.0	1	47 1
201	44	0.0	1	42 2
202	30	0.0	1	28 2
203	34	0.0	1	34
204	36	0.0	1	35 1
205	36	0.0	1	35 1
206	25	0.0	1	24 1
207	43	0.0	1	42 1
208	31	0.0	1	31
209	62	0.0	1	59 3
210	40	0.0	1	38 2
211	43	0.0	1	43
212	51	0.0	1	51
213	56	0.0	1	51 5
214	65	0.0	1	64 1
215	57	0.0	1	57
216	41	0.0	1	37 4
217	59	0.0	1	56 3
218	58	0.0	1	56 2
219	92	0.0	1	91 1
220	51	0.0	1	51
221	45	0.0	1	44 1
222	44	0.0	1	44
223	47	0.0	1	46 1
224	62	0.0	1	60 2
225	43	0.0	1	43
226	50	0.0	1	47 3
227	78	0.0	1	74 4
228	95	0.0	1	93 2
229	65	0.0	1	63 2
230	92	0.0	1	91 1
231	61	0.0	1	58 3
232	68	0.0	1	64 4
233	67	0.0	1	63 4
234	78	0.0	1	75 3
235	82	0.0	1	80 2
236	61	0.0	1	55 6
237	99	0.0	1	95 4
238	89	0.0	1	87 2
239	144	0.0	1	140 4
240	238	0.0	1	231 7
241	76	0.0	1	75 1
242	67	0.0	1	67
243	44	0.0	1	42 2
244	65	0.0	1	62 3
245	64	0.0	1	63 1
246	106	0.0	1	103 3
247	134	0.0	1	127 7
248	99	0.0	1	95 4
249	83	0.0	1	82 1
250	85	0.0	1	83 2
251	126	0.0	1	122 4
252	139	0.0	1	135 4
253	215	0.0	1	206 9
254	101	0.0	1	98 3
255	51	0.0	1	46 5
256	74	0.0	1	71 3
257	141	0.0	1	139 2
258	158	0.0	1	155 3
259	78	0.0	1	73 5
260	131	0.0	1	129 2
261	159	0.0	1	153 6
262	144	0.0	1	142 2
263	268	0.0	1	260 8
264	238	0.0	1	234 4
265	197	0.0	1	194 3
266	307	0.0	1	300 7
267	407	0.0	1	397 10
268	252	0.0	1	249 3
269	240	0.0	1	235 5
270	214	0.0	1	207 7
271	317	0.0	1	308 9
272	300	0.0	1	290 10
273	238	0.0	1	231 7
274	300	0.0	1	290 10
275	174	0.0	1	172 2
276	134	0.0	1	131 3
277	208	0.0	1	200 8
278	160	0.0	1	152 8
279	226	0.0	1	222 4
280	196	0.0	1	185 11
281	268	0.0	1	263 5
282	253	0.0	1	242 11
283	262	0.0	1	257 5
284	327	0.0	1	311 16
285	288	0.0	1	275 13
286	335	0.0	1	324 11
287	251	0.0	1	243 8
288	227	0.0	1	217 10
289	432	0.0	1	418 14
290	318	0.0	1	305 13
291	288	0.0	1	278 10
292	307	0.0	1	295 12
293	259	0.0	1	247 12
294	301	0.0	1	286 15
295	232	0.0	1	223 9
296	221	0.0	1	214 7
297	91	0.0	1	89 2
298	4	0.0	1	3 1
299	6	0.0	1	6
300	12247	0.0	1	11858 389


=== Second read: Adapter 2 ===

Sequence: GACTACHVGGGTATCTAATCC; Type: regular 3'; Length: 21; Trimmed: 28724 times.

No. of allowed errors:
0-9 bp: 0; 10-19 bp: 1; 20-21 bp: 2

Bases preceding removed adapters:
  A: 0.0%
  C: 0.0%
  G: 0.0%
  T: 0.0%
  none/other: 100.0%

Overview of removed sequences
length	count	expect	max.err	error counts
50	4	0.0	2	3 1
51	1	0.0	2	0 1
52	2	0.0	2	1 1
53	2	0.0	2	1 0 1
54	13	0.0	2	8 3 2
55	16	0.0	2	12 3 1
56	26	0.0	2	25 1
57	54	0.0	2	53 1
58	38	0.0	2	38
59	21	0.0	2	19 2
60	15	0.0	2	13 2
61	5	0.0	2	5
62	1	0.0	2	1
63	4	0.0	2	4
64	5	0.0	2	4 0 1
65	4	0.0	2	4
66	3	0.0	2	3
67	40	0.0	2	39 1
68	44	0.0	2	42 2
69	20	0.0	2	19 1
70	14	0.0	2	13 1
71	2	0.0	2	1 1
72	10	0.0	2	10
73	1	0.0	2	1
74	1	0.0	2	1
75	1	0.0	2	1
76	1	0.0	2	1
77	4	0.0	2	3 1
78	2	0.0	2	2
81	4	0.0	2	3 1
82	2	0.0	2	1 1
83	2	0.0	2	1 1
84	6	0.0	2	6
85	3	0.0	2	1 1 1
86	5	0.0	2	2 2 1
87	7	0.0	2	5 2
88	3	0.0	2	3
89	3	0.0	2	3
90	6	0.0	2	5 0 1
91	2	0.0	2	1 1
92	10	0.0	2	9 1
93	10	0.0	2	10
94	13	0.0	2	12 1
95	6	0.0	2	6
96	15	0.0	2	13 2
97	4	0.0	2	4
98	8	0.0	2	6 2
99	5	0.0	2	5
100	4	0.0	2	4
101	10	0.0	2	7 3
102	4	0.0	2	3 1
103	3	0.0	2	3
104	2	0.0	2	2
105	1	0.0	2	1
106	1	0.0	2	0 1
107	4	0.0	2	4
108	6	0.0	2	4 2
109	5	0.0	2	4 1
110	3	0.0	2	3
111	1	0.0	2	1
112	2	0.0	2	2
114	4	0.0	2	4
115	3	0.0	2	2 0 1
116	5	0.0	2	5
117	3	0.0	2	1 2
118	7	0.0	2	6 1
119	4	0.0	2	4
120	2	0.0	2	0 2
121	4	0.0	2	3 1
122	1	0.0	2	1
123	11	0.0	2	11
124	12	0.0	2	11 1
125	9	0.0	2	9
126	8	0.0	2	7 1
127	11	0.0	2	5 6
128	6	0.0	2	5 0 1
129	2	0.0	2	1 1
130	2	0.0	2	2
131	3	0.0	2	1 0 2
132	3	0.0	2	3
133	62	0.0	2	60 2
134	101	0.0	2	97 4
135	70	0.0	2	69 1
136	15	0.0	2	15
137	4	0.0	2	4
138	1	0.0	2	1
139	2	0.0	2	1 1
140	11	0.0	2	11
141	3	0.0	2	3
142	17	0.0	2	16 1
143	25	0.0	2	24 1
144	30	0.0	2	29 1
145	37	0.0	2	35 1 1
146	47	0.0	2	40 7
147	36	0.0	2	33 3
148	17	0.0	2	17
149	11	0.0	2	11
150	17	0.0	2	15 2
151	9	0.0	2	7 2
152	16	0.0	2	16
153	9	0.0	2	9
154	14	0.0	2	13 1
155	55	0.0	2	53 2
156	111	0.0	2	108 2 1
157	68	0.0	2	67 1
158	54	0.0	2	52 2
159	41	0.0	2	38 2 1
160	23	0.0	2	21 2
161	11	0.0	2	11
162	14	0.0	2	13 1
163	17	0.0	2	15 2
164	23	0.0	2	20 2 1
165	17	0.0	2	17
166	14	0.0	2	14
167	61	0.0	2	57 3 1
168	45	0.0	2	44 1
169	78	0.0	2	75 3
170	35	0.0	2	29 6
171	55	0.0	2	51 4
172	40	0.0	2	39 1
173	52	0.0	2	50 2
174	70	0.0	2	66 3 1
175	43	0.0	2	42 1
176	55	0.0	2	53 2
177	71	0.0	2	67 4
178	45	0.0	2	42 2 1
179	62	0.0	2	57 4 1
180	69	0.0	2	65 3 1
181	22	0.0	2	20 2
182	24	0.0	2	21 1 2
183	18	0.0	2	17 1
184	26	0.0	2	25 1
185	52	0.0	2	49 3
186	56	0.0	2	49 5 2
187	29	0.0	2	25 4
188	16	0.0	2	16
189	42	0.0	2	41 1
190	104	0.0	2	98 6
191	107	0.0	2	104 3
192	123	0.0	2	118 5
193	194	0.0	2	186 7 1
194	164	0.0	2	161 3
195	163	0.0	2	156 5 2
196	36	0.0	2	34 2
197	27	0.0	2	23 4
198	33	0.0	2	29 4
199	75	0.0	2	71 3 1
200	98	0.0	2	92 4 2
201	78	0.0	2	72 6
202	132	0.0	2	120 11 1
203	208	0.0	2	205 2 1
204	110	0.0	2	101 9
205	177	0.0	2	169 7 1
206	150	0.0	2	140 9 1
207	166	0.0	2	160 6
208	80	0.0	2	73 6 1
209	146	0.0	2	138 6 2
210	108	0.0	2	105 3
211	261	0.0	2	251 8 2
212	183	0.0	2	178 3 2
213	173	0.0	2	166 7
214	180	0.0	2	175 5
215	120	0.0	2	115 4 1
216	102	0.0	2	98 3 1
217	46	0.0	2	42 3 1
218	36	0.0	2	30 5 1
219	162	0.0	2	152 10
220	103	0.0	2	99 4
221	90	0.0	2	78 11 1
222	270	0.0	2	254 16
223	376	0.0	2	364 12
224	208	0.0	2	199 8 1
225	386	0.0	2	364 20 2
226	415	0.0	2	395 20
227	535	0.0	2	514 20 1
228	157	0.0	2	143 12 2
229	371	0.0	2	356 9 6
230	116	0.0	2	107 9
231	112	0.0	2	107 4 1
232	71	0.0	2	65 5 1
233	175	0.0	2	166 7 2
234	287	0.0	2	281 6
235	78	0.0	2	70 8
236	40	0.0	2	37 3
237	6	0.0	2	6
238	6	0.0	2	5 0 1
239	39	0.0	2	16 18 5
240	425	0.0	2	405 16 4
241	767	0.0	2	740 27
242	570	0.0	2	556 13 1
243	493	0.0	2	478 14 1
244	262	0.0	2	251 11
245	165	0.0	2	161 4
246	80	0.0	2	74 5 1
247	39	0.0	2	38 1
248	53	0.0	2	47 3 3
249	296	0.0	2	285 11
250	826	0.0	2	798 28
251	928	0.0	2	898 30
252	259	0.0	2	250 9
253	111	0.0	2	105 5 1
254	203	0.0	2	193 9 1
255	163	0.0	2	151 11 1
256	519	0.0	2	500 19
257	317	0.0	2	298 19
258	342	0.0	2	326 16
259	320	0.0	2	310 10
260	389	0.0	2	377 11 1
261	256	0.0	2	247 7 2
262	265	0.0	2	260 5
263	185	0.0	2	181 4
264	75	0.0	2	68 7
265	104	0.0	2	96 7 1
266	371	0.0	2	359 12
267	373	0.0	2	362 10 1
268	309	0.0	2	300 9
269	374	0.0	2	363 11
270	349	0.0	2	340 9
271	422	0.0	2	414 8
272	81	0.0	2	80 1
273	57	0.0	2	56 1
274	158	0.0	2	157 1
275	37	0.0	2	33 3 1
276	57	0.0	2	52 4 1
277	617	0.0	2	603 13 1
278	255	0.0	2	250 5
279	348	0.0	2	341 7
280	443	0.0	2	437 6
281	172	0.0	2	171 1
282	304	0.0	2	298 6
283	205	0.0	2	198 7
284	135	0.0	2	134 1
285	161	0.0	2	157 4
286	68	0.0	2	64 4
287	238	0.0	2	227 11
288	76	0.0	2	74 2
289	521	0.0	2	508 13
290	41	0.0	2	40 1
291	318	0.0	2	309 8 1
292	299	0.0	2	295 4
293	238	0.0	2	230 8
294	80	0.0	2	77 3
295	16	0.0	2	14 2
296	1	0.0	2	1
297	18	0.0	2	18
298	1	0.0	2	1
300	2904	0.0	2	2841 60 3
