This is cutadapt 2.6 with Python 3.7.16
Command line parameters: -a CCTACGGGNGGCWGCAG -A GACTACHVGGGTATCTAATCC -o trimmed_reads/Bact-53_S51_R1_trimmed.fastq.gz -p trimmed_reads/Bact-53_S51_R2_trimmed.fastq.gz clean_reads/Bact-53_S51_R1_clean.fastq.gz clean_reads/Bact-53_S51_R2_clean.fastq.gz
Processing reads on 1 core in paired-end mode ...
Finished in 0.98 s (33 us/read; 1.84 M reads/minute).

=== Summary ===

Total read pairs processed:             30,167
  Read 1 with adapter:                  30,100 (99.8%)
  Read 2 with adapter:                  30,127 (99.9%)
Pairs written (passing filters):        30,167 (100.0%)

Total basepairs processed:    15,262,578 bp
  Read 1:     8,176,665 bp
  Read 2:     7,085,913 bp
Total written (filtered):         24,802 bp (0.2%)
  Read 1:        17,590 bp
  Read 2:         7,212 bp

=== First read: Adapter 1 ===

Sequence: CCTACGGGNGGCWGCAG; Type: regular 3'; Length: 17; Trimmed: 30100 times.

No. of allowed errors:
0-9 bp: 0; 10-16 bp: 1

Bases preceding removed adapters:
  A: 0.0%
  C: 0.0%
  G: 0.1%
  T: 0.0%
  none/other: 99.9%

Overview of removed sequences
length	count	expect	max.err	error counts
23	1	0.0	1	0 1
49	1	0.0	1	0 1
50	10	0.0	1	10
51	15	0.0	1	14 1
52	3	0.0	1	3
53	1	0.0	1	1
54	5	0.0	1	5
55	8	0.0	1	8
56	3	0.0	1	3
57	1	0.0	1	1
58	3	0.0	1	2 1
59	5	0.0	1	4 1
60	1	0.0	1	1
61	2	0.0	1	2
62	4	0.0	1	3 1
63	2	0.0	1	2
64	2	0.0	1	2
65	5	0.0	1	5
66	5	0.0	1	5
67	20	0.0	1	20
68	11	0.0	1	11
69	14	0.0	1	14
70	6	0.0	1	6
71	2	0.0	1	2
72	2	0.0	1	0 2
73	4	0.0	1	4
74	6	0.0	1	6
75	2	0.0	1	2
76	10	0.0	1	10
77	7	0.0	1	7
78	12	0.0	1	12
79	13	0.0	1	13
80	3	0.0	1	3
81	2	0.0	1	2
82	4	0.0	1	4
83	3	0.0	1	3
84	4	0.0	1	4
85	12	0.0	1	11 1
86	2	0.0	1	2
87	12	0.0	1	11 1
89	1	0.0	1	1
91	6	0.0	1	6
92	16	0.0	1	16
93	14	0.0	1	14
94	17	0.0	1	16 1
95	9	0.0	1	8 1
96	14	0.0	1	14
97	14	0.0	1	13 1
98	12	0.0	1	12
99	26	0.0	1	26
100	26	0.0	1	26
101	36	0.0	1	36
102	19	0.0	1	18 1
103	10	0.0	1	9 1
104	9	0.0	1	9
105	6	0.0	1	6
106	5	0.0	1	5
107	8	0.0	1	7 1
108	6	0.0	1	6
109	6	0.0	1	6
110	2	0.0	1	2
111	24	0.0	1	24
112	41	0.0	1	39 2
113	44	0.0	1	43 1
114	29	0.0	1	28 1
115	40	0.0	1	39 1
116	30	0.0	1	29 1
117	41	0.0	1	41
118	20	0.0	1	17 3
119	26	0.0	1	26
120	17	0.0	1	17
121	29	0.0	1	29
122	25	0.0	1	24 1
123	24	0.0	1	23 1
124	30	0.0	1	28 2
125	32	0.0	1	30 2
126	21	0.0	1	21
127	17	0.0	1	17
128	55	0.0	1	53 2
129	12	0.0	1	11 1
130	8	0.0	1	8
131	7	0.0	1	6 1
132	18	0.0	1	18
133	10	0.0	1	10
134	14	0.0	1	14
135	19	0.0	1	19
136	18	0.0	1	18
137	10	0.0	1	10
138	11	0.0	1	11
139	9	0.0	1	9
140	14	0.0	1	14
141	9	0.0	1	9
142	14	0.0	1	14
143	9	0.0	1	9
144	11	0.0	1	11
145	13	0.0	1	12 1
146	15	0.0	1	15
147	18	0.0	1	15 3
148	6	0.0	1	6
149	19	0.0	1	19
150	14	0.0	1	14
151	12	0.0	1	12
152	12	0.0	1	12
153	7	0.0	1	6 1
154	2	0.0	1	2
155	22	0.0	1	22
156	10	0.0	1	10
157	8	0.0	1	8
158	12	0.0	1	12
159	18	0.0	1	18
160	12	0.0	1	12
161	14	0.0	1	13 1
162	20	0.0	1	19 1
163	29	0.0	1	29
164	16	0.0	1	16
165	23	0.0	1	21 2
166	18	0.0	1	18
167	12	0.0	1	11 1
168	12	0.0	1	11 1
169	12	0.0	1	12
170	24	0.0	1	23 1
171	24	0.0	1	24
172	46	0.0	1	43 3
173	39	0.0	1	38 1
174	24	0.0	1	22 2
175	19	0.0	1	18 1
176	14	0.0	1	13 1
177	23	0.0	1	22 1
178	10	0.0	1	9 1
179	22	0.0	1	22
180	12	0.0	1	11 1
181	17	0.0	1	17
182	30	0.0	1	29 1
183	22	0.0	1	21 1
184	14	0.0	1	13 1
185	22	0.0	1	22
186	20	0.0	1	20
187	30	0.0	1	29 1
188	17	0.0	1	16 1
189	23	0.0	1	22 1
190	39	0.0	1	38 1
191	36	0.0	1	36
192	23	0.0	1	23
193	33	0.0	1	31 2
194	17	0.0	1	16 1
195	19	0.0	1	19
196	29	0.0	1	29
197	22	0.0	1	21 1
198	35	0.0	1	34 1
199	41	0.0	1	41
200	60	0.0	1	60
201	66	0.0	1	65 1
202	34	0.0	1	34
203	29	0.0	1	29
204	29	0.0	1	28 1
205	35	0.0	1	33 2
206	23	0.0	1	23
207	43	0.0	1	41 2
208	40	0.0	1	39 1
209	55	0.0	1	54 1
210	50	0.0	1	50
211	63	0.0	1	60 3
212	63	0.0	1	62 1
213	46	0.0	1	44 2
214	43	0.0	1	43
215	39	0.0	1	38 1
216	34	0.0	1	33 1
217	48	0.0	1	46 2
218	61	0.0	1	60 1
219	74	0.0	1	71 3
220	35	0.0	1	34 1
221	33	0.0	1	31 2
222	50	0.0	1	45 5
223	42	0.0	1	41 1
224	50	0.0	1	47 3
225	43	0.0	1	42 1
226	52	0.0	1	50 2
227	60	0.0	1	58 2
228	84	0.0	1	82 2
229	70	0.0	1	66 4
230	73	0.0	1	72 1
231	68	0.0	1	66 2
232	56	0.0	1	54 2
233	60	0.0	1	59 1
234	66	0.0	1	66
235	78	0.0	1	74 4
236	75	0.0	1	71 4
237	136	0.0	1	133 3
238	143	0.0	1	132 11
239	187	0.0	1	178 9
240	232	0.0	1	224 8
241	71	0.0	1	67 4
242	70	0.0	1	66 4
243	31	0.0	1	31
244	82	0.0	1	80 2
245	67	0.0	1	65 2
246	91	0.0	1	89 2
247	115	0.0	1	114 1
248	81	0.0	1	77 4
249	94	0.0	1	89 5
250	87	0.0	1	84 3
251	128	0.0	1	124 4
252	158	0.0	1	155 3
253	254	0.0	1	241 13
254	102	0.0	1	97 5
255	58	0.0	1	55 3
256	103	0.0	1	100 3
257	149	0.0	1	147 2
258	179	0.0	1	174 5
259	85	0.0	1	81 4
260	160	0.0	1	158 2
261	158	0.0	1	154 4
262	171	0.0	1	163 8
263	257	0.0	1	249 8
264	270	0.0	1	266 4
265	201	0.0	1	195 6
266	269	0.0	1	266 3
267	395	0.0	1	385 10
268	312	0.0	1	303 9
269	252	0.0	1	242 10
270	280	0.0	1	267 13
271	308	0.0	1	291 17
272	247	0.0	1	235 12
273	193	0.0	1	185 8
274	239	0.0	1	233 6
275	139	0.0	1	134 5
276	166	0.0	1	161 5
277	246	0.0	1	235 11
278	228	0.0	1	223 5
279	226	0.0	1	216 10
280	214	0.0	1	210 4
281	263	0.0	1	254 9
282	217	0.0	1	206 11
283	247	0.0	1	231 16
284	276	0.0	1	270 6
285	332	0.0	1	322 10
286	347	0.0	1	336 11
287	299	0.0	1	286 13
288	255	0.0	1	244 11
289	461	0.0	1	453 8
290	362	0.0	1	347 15
291	404	0.0	1	386 18
292	366	0.0	1	361 5
293	268	0.0	1	258 10
294	301	0.0	1	286 15
295	250	0.0	1	242 8
296	231	0.0	1	221 10
297	100	0.0	1	97 3
298	7	0.0	1	6 1
299	6	0.0	1	6
300	13214	0.0	1	12770 444


=== Second read: Adapter 2 ===

Sequence: GACTACHVGGGTATCTAATCC; Type: regular 3'; Length: 21; Trimmed: 30127 times.

No. of allowed errors:
0-9 bp: 0; 10-19 bp: 1; 20-21 bp: 2

Bases preceding removed adapters:
  A: 0.0%
  C: 0.0%
  G: 0.0%
  T: 0.0%
  none/other: 100.0%

Overview of removed sequences
length	count	expect	max.err	error counts
3	2	471.4	0	2
4	1	117.8	0	1
50	14	0.0	2	10 3 1
51	1	0.0	2	1
52	4	0.0	2	3 0 1
53	4	0.0	2	4
54	18	0.0	2	11 6 1
55	20	0.0	2	14 5 1
56	45	0.0	2	44 1
57	57	0.0	2	56 1
58	32	0.0	2	30 2
59	30	0.0	2	30
60	13	0.0	2	11 1 1
61	6	0.0	2	6
62	10	0.0	2	9 1
63	1	0.0	2	1
64	1	0.0	2	1
65	1	0.0	2	1
66	6	0.0	2	6
67	48	0.0	2	47 1
68	49	0.0	2	44 4 1
69	36	0.0	2	35 1
70	16	0.0	2	14 2
71	1	0.0	2	1
72	2	0.0	2	2
73	3	0.0	2	3
74	7	0.0	2	6 1
75	4	0.0	2	3 1
76	2	0.0	2	2
77	3	0.0	2	2 1
78	5	0.0	2	4 1
79	6	0.0	2	6
81	9	0.0	2	8 1
82	4	0.0	2	4
83	5	0.0	2	5
84	8	0.0	2	8
85	4	0.0	2	3 1
86	9	0.0	2	6 3
87	8	0.0	2	6 2
88	4	0.0	2	3 0 1
89	2	0.0	2	2
90	3	0.0	2	2 0 1
92	13	0.0	2	13
93	10	0.0	2	9 1
94	10	0.0	2	10
95	13	0.0	2	11 2
96	5	0.0	2	4 1
97	8	0.0	2	8
98	11	0.0	2	8 3
99	9	0.0	2	8 0 1
100	8	0.0	2	6 2
101	10	0.0	2	9 1
102	1	0.0	2	1
103	4	0.0	2	4
104	3	0.0	2	3
105	4	0.0	2	3 1
106	5	0.0	2	4 1
107	4	0.0	2	4
108	3	0.0	2	1 2
109	4	0.0	2	4
110	2	0.0	2	2
111	1	0.0	2	0 1
112	2	0.0	2	2
113	4	0.0	2	4
114	1	0.0	2	0 1
115	3	0.0	2	2 1
116	9	0.0	2	8 1
117	5	0.0	2	5
118	7	0.0	2	7
119	7	0.0	2	7
120	3	0.0	2	1 2
121	6	0.0	2	6
122	8	0.0	2	7 1
123	15	0.0	2	13 2
124	24	0.0	2	24
125	12	0.0	2	12
126	16	0.0	2	14 2
127	10	0.0	2	7 3
128	7	0.0	2	7
129	3	0.0	2	3
130	7	0.0	2	7
131	9	0.0	2	9
132	9	0.0	2	9
133	101	0.0	2	98 3
134	128	0.0	2	125 1 2
135	86	0.0	2	79 6 1
136	32	0.0	2	29 3
137	6	0.0	2	6
138	2	0.0	2	1 0 1
139	5	0.0	2	5
140	15	0.0	2	14 0 1
141	5	0.0	2	5
142	11	0.0	2	9 2
143	24	0.0	2	24
144	27	0.0	2	26 1
145	59	0.0	2	56 3
146	49	0.0	2	44 5
147	48	0.0	2	45 3
148	26	0.0	2	26
149	11	0.0	2	7 4
150	20	0.0	2	19 1
151	15	0.0	2	15
152	28	0.0	2	28
153	14	0.0	2	13 1
154	32	0.0	2	30 2
155	73	0.0	2	70 3
156	140	0.0	2	140
157	93	0.0	2	86 6 1
158	98	0.0	2	90 7 1
159	57	0.0	2	52 5
160	32	0.0	2	31 1
161	22	0.0	2	18 2 2
162	22	0.0	2	21 1
163	28	0.0	2	23 4 1
164	40	0.0	2	39 0 1
165	37	0.0	2	37
166	45	0.0	2	43 2
167	113	0.0	2	108 4 1
168	68	0.0	2	64 4
169	94	0.0	2	88 5 1
170	55	0.0	2	51 3 1
171	64	0.0	2	62 2
172	61	0.0	2	58 3
173	102	0.0	2	99 2 1
174	87	0.0	2	87
175	75	0.0	2	73 2
176	56	0.0	2	54 1 1
177	72	0.0	2	68 4
178	48	0.0	2	47 1
179	72	0.0	2	69 3
180	81	0.0	2	75 6
181	25	0.0	2	24 1
182	18	0.0	2	16 2
183	32	0.0	2	31 0 1
184	40	0.0	2	37 2 1
185	51	0.0	2	47 3 1
186	42	0.0	2	40 2
187	48	0.0	2	46 2
188	12	0.0	2	11 1
189	58	0.0	2	54 4
190	134	0.0	2	129 5
191	119	0.0	2	117 2
192	174	0.0	2	165 9
193	236	0.0	2	227 9
194	226	0.0	2	218 6 2
195	215	0.0	2	201 14
196	46	0.0	2	45 1
197	24	0.0	2	23 1
198	43	0.0	2	42 1
199	82	0.0	2	76 5 1
200	133	0.0	2	127 5 1
201	77	0.0	2	72 5
202	169	0.0	2	160 9
203	288	0.0	2	275 12 1
204	166	0.0	2	153 13
205	249	0.0	2	236 13
206	179	0.0	2	166 13
207	244	0.0	2	228 13 3
208	100	0.0	2	92 8
209	201	0.0	2	194 7
210	131	0.0	2	128 3
211	271	0.0	2	256 12 3
212	233	0.0	2	225 8
213	244	0.0	2	237 6 1
214	215	0.0	2	205 10
215	143	0.0	2	136 7
216	111	0.0	2	105 6
217	40	0.0	2	36 3 1
218	20	0.0	2	16 4
219	175	0.0	2	168 7
220	84	0.0	2	83 1
221	86	0.0	2	68 16 2
222	319	0.0	2	302 16 1
223	504	0.0	2	485 18 1
224	231	0.0	2	212 17 2
225	554	0.0	2	537 16 1
226	519	0.0	2	500 19
227	751	0.0	2	729 21 1
228	170	0.0	2	148 21 1
229	521	0.0	2	500 20 1
230	140	0.0	2	125 14 1
231	144	0.0	2	141 3
232	73	0.0	2	66 6 1
233	162	0.0	2	150 12
234	343	0.0	2	328 13 2
235	104	0.0	2	99 4 1
236	47	0.0	2	43 3 1
237	7	0.0	2	7
238	6	0.0	2	4 0 2
239	31	0.0	2	13 17 1
240	552	0.0	2	524 24 4
241	905	0.0	2	886 18 1
242	648	0.0	2	631 17
243	590	0.0	2	577 12 1
244	292	0.0	2	283 8 1
245	191	0.0	2	187 4
246	87	0.0	2	82 3 2
247	47	0.0	2	44 3
248	58	0.0	2	52 5 1
249	465	0.0	2	448 17
250	933	0.0	2	911 21 1
251	814	0.0	2	795 19
252	274	0.0	2	262 12
253	112	0.0	2	110 2
254	228	0.0	2	217 10 1
255	149	0.0	2	142 7
256	589	0.0	2	575 14
257	371	0.0	2	355 14 2
258	547	0.0	2	528 19
259	414	0.0	2	403 11
260	345	0.0	2	339 5 1
261	271	0.0	2	263 6 2
262	331	0.0	2	321 10
263	148	0.0	2	141 7
264	70	0.0	2	68 1 1
265	106	0.0	2	100 5 1
266	368	0.0	2	359 9
267	634	0.0	2	614 18 2
268	411	0.0	2	394 14 3
269	312	0.0	2	302 10
270	323	0.0	2	315 8
271	318	0.0	2	305 11 2
272	54	0.0	2	51 3
273	48	0.0	2	45 3
274	91	0.0	2	86 5
275	20	0.0	2	19 1
276	30	0.0	2	26 4
277	409	0.0	2	394 13 2
278	166	0.0	2	160 6
279	255	0.0	2	248 7
280	336	0.0	2	333 3
281	134	0.0	2	131 3
282	189	0.0	2	185 4
283	163	0.0	2	159 4
284	87	0.0	2	85 2
285	133	0.0	2	128 5
286	55	0.0	2	55
287	157	0.0	2	155 2
288	34	0.0	2	34
289	383	0.0	2	377 6
290	35	0.0	2	35
291	299	0.0	2	295 4
292	230	0.0	2	223 7
293	135	0.0	2	129 6
294	43	0.0	2	43
295	10	0.0	2	10
296	2	0.0	2	2
297	8	0.0	2	7 1
300	1630	0.0	2	1596 34
