This is cutadapt 2.6 with Python 3.7.16
Command line parameters: -a CCTACGGGNGGCWGCAG -A GACTACHVGGGTATCTAATCC -o trimmed_reads/Bact-32_S31_R1_trimmed.fastq.gz -p trimmed_reads/Bact-32_S31_R2_trimmed.fastq.gz clean_reads/Bact-32_S31_R1_clean.fastq.gz clean_reads/Bact-32_S31_R2_clean.fastq.gz
Processing reads on 1 core in paired-end mode ...
Finished in 0.63 s (32 us/read; 1.90 M reads/minute).

=== Summary ===

Total read pairs processed:             19,924
  Read 1 with adapter:                  19,883 (99.8%)
  Read 2 with adapter:                  19,895 (99.9%)
Pairs written (passing filters):        19,924 (100.0%)

Total basepairs processed:    10,213,210 bp
  Read 1:     5,365,291 bp
  Read 2:     4,847,919 bp
Total written (filtered):         17,898 bp (0.2%)
  Read 1:        11,671 bp
  Read 2:         6,227 bp

=== First read: Adapter 1 ===

Sequence: CCTACGGGNGGCWGCAG; Type: regular 3'; Length: 17; Trimmed: 19883 times.

No. of allowed errors:
0-9 bp: 0; 10-16 bp: 1

Bases preceding removed adapters:
  A: 0.0%
  C: 0.0%
  G: 0.0%
  T: 0.0%
  none/other: 99.9%

Overview of removed sequences
length	count	expect	max.err	error counts
14	1	0.0	1	1
48	1	0.0	1	1
50	11	0.0	1	10 1
51	11	0.0	1	11
52	1	0.0	1	1
53	2	0.0	1	2
54	3	0.0	1	3
55	10	0.0	1	10
56	1	0.0	1	1
57	2	0.0	1	2
58	2	0.0	1	2
59	4	0.0	1	4
60	3	0.0	1	3
61	1	0.0	1	1
62	1	0.0	1	1
64	2	0.0	1	2
65	4	0.0	1	4
66	11	0.0	1	11
67	12	0.0	1	11 1
68	2	0.0	1	2
69	9	0.0	1	8 1
70	6	0.0	1	6
72	2	0.0	1	2
73	3	0.0	1	3
74	9	0.0	1	9
75	3	0.0	1	2 1
76	4	0.0	1	4
77	7	0.0	1	7
78	12	0.0	1	12
79	11	0.0	1	11
80	7	0.0	1	7
81	3	0.0	1	3
82	5	0.0	1	5
83	3	0.0	1	2 1
84	3	0.0	1	3
85	11	0.0	1	11
86	6	0.0	1	6
87	17	0.0	1	17
88	2	0.0	1	2
92	12	0.0	1	11 1
93	9	0.0	1	9
94	4	0.0	1	4
95	4	0.0	1	3 1
96	4	0.0	1	4
97	11	0.0	1	11
98	4	0.0	1	4
99	18	0.0	1	18
100	21	0.0	1	20 1
101	16	0.0	1	16
102	10	0.0	1	10
103	8	0.0	1	8
104	6	0.0	1	6
105	4	0.0	1	4
106	6	0.0	1	6
107	8	0.0	1	7 1
108	16	0.0	1	16
109	4	0.0	1	4
110	3	0.0	1	3
111	21	0.0	1	21
112	35	0.0	1	34 1
113	30	0.0	1	29 1
114	32	0.0	1	32
115	22	0.0	1	22
116	22	0.0	1	21 1
117	25	0.0	1	25
118	20	0.0	1	19 1
119	16	0.0	1	15 1
120	15	0.0	1	15
121	12	0.0	1	12
122	11	0.0	1	10 1
123	10	0.0	1	8 2
124	12	0.0	1	12
125	9	0.0	1	8 1
126	21	0.0	1	21
127	9	0.0	1	9
128	47	0.0	1	46 1
129	8	0.0	1	8
130	11	0.0	1	11
131	7	0.0	1	6 1
132	13	0.0	1	12 1
133	12	0.0	1	10 2
134	9	0.0	1	9
135	10	0.0	1	10
136	12	0.0	1	11 1
137	7	0.0	1	7
138	4	0.0	1	4
139	11	0.0	1	10 1
140	17	0.0	1	17
141	6	0.0	1	6
142	15	0.0	1	15
143	14	0.0	1	14
144	9	0.0	1	9
145	14	0.0	1	14
146	13	0.0	1	13
147	15	0.0	1	15
148	14	0.0	1	13 1
149	12	0.0	1	12
150	9	0.0	1	9
151	12	0.0	1	11 1
152	5	0.0	1	5
153	10	0.0	1	10
154	8	0.0	1	8
155	14	0.0	1	14
156	6	0.0	1	6
157	4	0.0	1	4
158	6	0.0	1	6
159	7	0.0	1	7
160	9	0.0	1	9
161	11	0.0	1	11
162	18	0.0	1	17 1
163	10	0.0	1	10
164	7	0.0	1	6 1
165	22	0.0	1	20 2
166	10	0.0	1	10
167	15	0.0	1	15
168	10	0.0	1	9 1
169	15	0.0	1	15
170	21	0.0	1	20 1
171	14	0.0	1	13 1
172	34	0.0	1	34
173	16	0.0	1	15 1
174	21	0.0	1	20 1
175	20	0.0	1	19 1
176	18	0.0	1	18
177	15	0.0	1	14 1
178	13	0.0	1	13
179	13	0.0	1	13
180	12	0.0	1	12
181	11	0.0	1	11
182	9	0.0	1	9
183	8	0.0	1	8
184	9	0.0	1	9
185	16	0.0	1	16
186	18	0.0	1	16 2
187	24	0.0	1	24
188	15	0.0	1	15
189	13	0.0	1	13
190	20	0.0	1	19 1
191	10	0.0	1	10
192	11	0.0	1	10 1
193	17	0.0	1	15 2
194	15	0.0	1	13 2
195	24	0.0	1	24
196	30	0.0	1	28 2
197	25	0.0	1	25
198	32	0.0	1	32
199	39	0.0	1	37 2
200	14	0.0	1	13 1
201	23	0.0	1	23
202	17	0.0	1	17
203	24	0.0	1	24
204	23	0.0	1	21 2
205	20	0.0	1	18 2
206	21	0.0	1	20 1
207	28	0.0	1	27 1
208	29	0.0	1	29
209	33	0.0	1	31 2
210	38	0.0	1	38
211	34	0.0	1	33 1
212	41	0.0	1	41
213	27	0.0	1	25 2
214	35	0.0	1	34 1
215	30	0.0	1	29 1
216	20	0.0	1	16 4
217	47	0.0	1	47
218	29	0.0	1	29
219	60	0.0	1	58 2
220	33	0.0	1	29 4
221	31	0.0	1	29 2
222	38	0.0	1	38
223	33	0.0	1	32 1
224	37	0.0	1	36 1
225	23	0.0	1	23
226	46	0.0	1	46
227	44	0.0	1	43 1
228	54	0.0	1	50 4
229	36	0.0	1	33 3
230	61	0.0	1	59 2
231	49	0.0	1	47 2
232	31	0.0	1	30 1
233	58	0.0	1	56 2
234	67	0.0	1	65 2
235	54	0.0	1	52 2
236	53	0.0	1	50 3
237	64	0.0	1	59 5
238	69	0.0	1	66 3
239	99	0.0	1	92 7
240	136	0.0	1	134 2
241	60	0.0	1	59 1
242	47	0.0	1	46 1
243	33	0.0	1	31 2
244	45	0.0	1	45
245	50	0.0	1	48 2
246	81	0.0	1	81
247	96	0.0	1	89 7
248	82	0.0	1	81 1
249	54	0.0	1	52 2
250	52	0.0	1	51 1
251	86	0.0	1	86
252	103	0.0	1	97 6
253	138	0.0	1	133 5
254	82	0.0	1	78 4
255	50	0.0	1	49 1
256	93	0.0	1	92 1
257	104	0.0	1	103 1
258	97	0.0	1	93 4
259	59	0.0	1	56 3
260	88	0.0	1	87 1
261	99	0.0	1	98 1
262	83	0.0	1	80 3
263	195	0.0	1	186 9
264	146	0.0	1	143 3
265	137	0.0	1	133 4
266	204	0.0	1	198 6
267	315	0.0	1	306 9
268	242	0.0	1	235 7
269	172	0.0	1	168 4
270	135	0.0	1	126 9
271	176	0.0	1	168 8
272	187	0.0	1	185 2
273	183	0.0	1	179 4
274	242	0.0	1	233 9
275	144	0.0	1	133 11
276	110	0.0	1	103 7
277	148	0.0	1	144 4
278	117	0.0	1	116 1
279	141	0.0	1	138 3
280	139	0.0	1	134 5
281	176	0.0	1	172 4
282	147	0.0	1	144 3
283	160	0.0	1	157 3
284	205	0.0	1	194 11
285	243	0.0	1	230 13
286	207	0.0	1	203 4
287	170	0.0	1	164 6
288	135	0.0	1	130 5
289	297	0.0	1	289 8
290	211	0.0	1	204 7
291	170	0.0	1	164 6
292	229	0.0	1	226 3
293	176	0.0	1	170 6
294	193	0.0	1	187 6
295	189	0.0	1	185 4
296	146	0.0	1	138 8
297	63	0.0	1	62 1
298	5	0.0	1	5
299	5	0.0	1	5
300	8503	0.0	1	8237 266


=== Second read: Adapter 2 ===

Sequence: GACTACHVGGGTATCTAATCC; Type: regular 3'; Length: 21; Trimmed: 19895 times.

No. of allowed errors:
0-9 bp: 0; 10-19 bp: 1; 20-21 bp: 2

Bases preceding removed adapters:
  A: 0.0%
  C: 0.0%
  G: 0.1%
  T: 0.0%
  none/other: 99.9%

Overview of removed sequences
length	count	expect	max.err	error counts
4	1	77.8	0	1
50	5	0.0	2	3 0 2
52	2	0.0	2	2
53	5	0.0	2	2 2 1
54	8	0.0	2	4 3 1
55	9	0.0	2	7 1 1
56	24	0.0	2	24
57	33	0.0	2	33
58	21	0.0	2	21
59	17	0.0	2	16 1
60	9	0.0	2	9
61	1	0.0	2	1
62	4	0.0	2	4
63	2	0.0	2	2
64	5	0.0	2	4 1
65	3	0.0	2	3
66	3	0.0	2	3
67	21	0.0	2	20 1
68	30	0.0	2	28 2
69	17	0.0	2	17
70	9	0.0	2	9
71	5	0.0	2	5
72	2	0.0	2	2
73	2	0.0	2	2
74	2	0.0	2	2
75	3	0.0	2	2 1
77	2	0.0	2	2
78	1	0.0	2	1
79	1	0.0	2	1
81	4	0.0	2	3 1
82	2	0.0	2	2
83	4	0.0	2	3 1
84	1	0.0	2	1
85	2	0.0	2	2
86	2	0.0	2	1 1
87	3	0.0	2	3
89	1	0.0	2	1
90	4	0.0	2	3 0 1
91	3	0.0	2	2 1
92	2	0.0	2	2
93	10	0.0	2	10
94	11	0.0	2	11
95	3	0.0	2	3
96	5	0.0	2	5
97	4	0.0	2	4
98	4	0.0	2	3 1
99	5	0.0	2	5
100	1	0.0	2	1
101	3	0.0	2	3
102	2	0.0	2	2
103	2	0.0	2	1 1
104	1	0.0	2	1
105	3	0.0	2	3
106	1	0.0	2	1
107	5	0.0	2	3 2
109	2	0.0	2	2
110	4	0.0	2	4
114	1	0.0	2	1
115	1	0.0	2	1
116	5	0.0	2	5
117	2	0.0	2	2
118	4	0.0	2	3 1
119	2	0.0	2	2
120	4	0.0	2	3 1
121	1	0.0	2	1
122	7	0.0	2	7
123	6	0.0	2	6
124	7	0.0	2	6 1
125	11	0.0	2	11
126	9	0.0	2	8 1
127	7	0.0	2	5 2
128	2	0.0	2	1 1
129	2	0.0	2	1 1
130	3	0.0	2	2 1
131	3	0.0	2	3
132	6	0.0	2	5 1
133	38	0.0	2	37 1
134	57	0.0	2	56 1
135	37	0.0	2	36 0 1
136	12	0.0	2	12
137	4	0.0	2	3 1
138	1	0.0	2	1
140	10	0.0	2	9 1
141	6	0.0	2	6
142	6	0.0	2	4 1 1
143	26	0.0	2	25 1
144	16	0.0	2	15 1
145	31	0.0	2	28 3
146	27	0.0	2	25 2
147	31	0.0	2	29 2
148	10	0.0	2	10
149	8	0.0	2	6 2
150	6	0.0	2	4 2
151	2	0.0	2	1 1
152	7	0.0	2	7
153	10	0.0	2	9 1
154	10	0.0	2	9 1
155	33	0.0	2	32 1
156	64	0.0	2	64
157	41	0.0	2	40 1
158	38	0.0	2	37 1
159	30	0.0	2	30
160	8	0.0	2	7 1
161	10	0.0	2	9 1
162	16	0.0	2	15 1
163	12	0.0	2	11 1
164	14	0.0	2	13 1
165	14	0.0	2	13 1
166	15	0.0	2	15
167	39	0.0	2	38 1
168	32	0.0	2	29 3
169	51	0.0	2	48 3
170	22	0.0	2	21 1
171	32	0.0	2	31 1
172	29	0.0	2	27 2
173	35	0.0	2	35
174	53	0.0	2	51 2
175	38	0.0	2	37 1
176	29	0.0	2	29
177	47	0.0	2	46 0 1
178	32	0.0	2	29 3
179	46	0.0	2	43 2 1
180	49	0.0	2	48 1
181	18	0.0	2	18
182	21	0.0	2	19 2
183	11	0.0	2	11
184	20	0.0	2	17 3
185	38	0.0	2	37 1
186	32	0.0	2	30 2
187	18	0.0	2	16 2
188	10	0.0	2	10
189	33	0.0	2	31 2
190	80	0.0	2	79 1
191	62	0.0	2	59 3
192	67	0.0	2	66 1
193	125	0.0	2	122 2 1
194	106	0.0	2	101 5
195	91	0.0	2	87 3 1
196	30	0.0	2	29 1
197	17	0.0	2	15 1 1
198	20	0.0	2	18 2
199	55	0.0	2	53 2
200	78	0.0	2	74 4
201	40	0.0	2	38 2
202	106	0.0	2	100 6
203	183	0.0	2	177 6
204	74	0.0	2	68 6
205	145	0.0	2	141 4
206	108	0.0	2	102 5 1
207	118	0.0	2	113 4 1
208	52	0.0	2	49 3
209	77	0.0	2	75 2
210	59	0.0	2	54 4 1
211	171	0.0	2	164 7
212	125	0.0	2	119 6
213	142	0.0	2	136 6
214	132	0.0	2	128 3 1
215	56	0.0	2	50 6
216	70	0.0	2	67 3
217	30	0.0	2	29 1
218	15	0.0	2	13 2
219	111	0.0	2	108 3
220	59	0.0	2	57 1 1
221	58	0.0	2	49 6 3
222	183	0.0	2	171 11 1
223	270	0.0	2	261 9
224	137	0.0	2	136 1
225	289	0.0	2	276 12 1
226	227	0.0	2	221 5 1
227	446	0.0	2	436 10
228	129	0.0	2	121 8
229	256	0.0	2	250 5 1
230	86	0.0	2	80 5 1
231	116	0.0	2	114 2
232	59	0.0	2	55 4
233	122	0.0	2	116 5 1
234	237	0.0	2	227 9 1
235	77	0.0	2	75 2
236	39	0.0	2	36 3
237	3	0.0	2	3
238	5	0.0	2	4 0 1
239	18	0.0	2	12 5 1
240	290	0.0	2	272 13 5
241	538	0.0	2	526 11 1
242	441	0.0	2	429 10 2
243	378	0.0	2	370 8
244	187	0.0	2	179 8
245	115	0.0	2	111 4
246	51	0.0	2	47 3 1
247	47	0.0	2	44 3
248	43	0.0	2	40 3
249	252	0.0	2	243 8 1
250	543	0.0	2	521 21 1
251	591	0.0	2	581 10
252	218	0.0	2	212 6
253	91	0.0	2	90 1
254	168	0.0	2	162 5 1
255	111	0.0	2	107 4
256	381	0.0	2	374 6 1
257	228	0.0	2	215 13
258	248	0.0	2	244 4
259	239	0.0	2	230 9
260	258	0.0	2	245 13
261	177	0.0	2	170 6 1
262	191	0.0	2	187 4
263	129	0.0	2	122 7
264	63	0.0	2	62 1
265	70	0.0	2	63 7
266	231	0.0	2	225 6
267	269	0.0	2	264 5
268	234	0.0	2	232 2
269	243	0.0	2	236 7
270	261	0.0	2	257 4
271	245	0.0	2	239 5 1
272	75	0.0	2	73 2
273	39	0.0	2	37 1 1
274	84	0.0	2	80 4
275	23	0.0	2	21 2
276	33	0.0	2	31 2
277	444	0.0	2	438 6
278	182	0.0	2	174 8
279	216	0.0	2	214 2
280	309	0.0	2	300 8 1
281	133	0.0	2	128 5
282	196	0.0	2	191 5
283	155	0.0	2	154 1
284	64	0.0	2	59 4 1
285	95	0.0	2	93 2
286	61	0.0	2	57 4
287	151	0.0	2	142 8 1
288	40	0.0	2	37 3
289	306	0.0	2	299 7
290	35	0.0	2	33 2
291	223	0.0	2	217 6
292	223	0.0	2	218 5
293	178	0.0	2	177 1
294	59	0.0	2	58 1
295	14	0.0	2	14
296	3	0.0	2	3
297	11	0.0	2	11
298	1	0.0	2	1
300	1841	0.0	2	1803 37 1
