This is cutadapt 2.6 with Python 3.7.16
Command line parameters: -a CCTACGGGNGGCWGCAG -A GACTACHVGGGTATCTAATCC -o trimmed_reads/Bact-44_S43_R1_trimmed.fastq.gz -p trimmed_reads/Bact-44_S43_R2_trimmed.fastq.gz clean_reads/Bact-44_S43_R1_clean.fastq.gz clean_reads/Bact-44_S43_R2_clean.fastq.gz
Processing reads on 1 core in paired-end mode ...
Finished in 0.85 s (32 us/read; 1.86 M reads/minute).

=== Summary ===

Total read pairs processed:             26,286
  Read 1 with adapter:                  26,227 (99.8%)
  Read 2 with adapter:                  26,245 (99.8%)
Pairs written (passing filters):        26,286 (100.0%)

Total basepairs processed:    13,467,620 bp
  Read 1:     7,072,339 bp
  Read 2:     6,395,281 bp
Total written (filtered):         23,662 bp (0.2%)
  Read 1:        15,829 bp
  Read 2:         7,833 bp

=== First read: Adapter 1 ===

Sequence: CCTACGGGNGGCWGCAG; Type: regular 3'; Length: 17; Trimmed: 26227 times.

No. of allowed errors:
0-9 bp: 0; 10-16 bp: 1

Bases preceding removed adapters:
  A: 0.0%
  C: 0.0%
  G: 0.1%
  T: 0.0%
  none/other: 99.9%

Overview of removed sequences
length	count	expect	max.err	error counts
50	9	0.0	1	9
51	16	0.0	1	15 1
52	3	0.0	1	3
53	2	0.0	1	2
54	4	0.0	1	4
55	6	0.0	1	6
56	2	0.0	1	1 1
57	5	0.0	1	4 1
58	1	0.0	1	1
59	5	0.0	1	5
60	8	0.0	1	8
61	1	0.0	1	1
62	1	0.0	1	1
63	3	0.0	1	3
64	5	0.0	1	5
65	8	0.0	1	6 2
66	10	0.0	1	10
67	18	0.0	1	18
68	9	0.0	1	8 1
69	6	0.0	1	6
70	4	0.0	1	4
71	4	0.0	1	4
72	3	0.0	1	3
73	8	0.0	1	7 1
74	7	0.0	1	7
75	7	0.0	1	7
76	6	0.0	1	6
77	16	0.0	1	16
78	14	0.0	1	14
79	10	0.0	1	10
80	15	0.0	1	15
81	10	0.0	1	10
82	4	0.0	1	4
83	3	0.0	1	3
84	6	0.0	1	6
85	9	0.0	1	8 1
86	5	0.0	1	5
87	28	0.0	1	27 1
88	7	0.0	1	6 1
89	1	0.0	1	1
91	5	0.0	1	5
92	11	0.0	1	11
93	16	0.0	1	16
94	8	0.0	1	8
95	6	0.0	1	6
96	8	0.0	1	7 1
97	9	0.0	1	9
98	5	0.0	1	5
99	27	0.0	1	27
100	26	0.0	1	26
101	32	0.0	1	30 2
102	20	0.0	1	20
103	7	0.0	1	7
104	7	0.0	1	7
105	7	0.0	1	7
106	3	0.0	1	3
107	18	0.0	1	18
108	5	0.0	1	5
109	4	0.0	1	3 1
110	3	0.0	1	3
111	26	0.0	1	26
112	28	0.0	1	28
113	33	0.0	1	33
114	43	0.0	1	42 1
115	22	0.0	1	22
116	38	0.0	1	38
117	31	0.0	1	31
118	23	0.0	1	23
119	22	0.0	1	22
120	17	0.0	1	17
121	18	0.0	1	18
122	22	0.0	1	22
123	19	0.0	1	17 2
124	22	0.0	1	22
125	21	0.0	1	20 1
126	17	0.0	1	15 2
127	15	0.0	1	15
128	43	0.0	1	42 1
129	13	0.0	1	13
130	19	0.0	1	18 1
131	27	0.0	1	27
132	14	0.0	1	14
133	9	0.0	1	9
134	9	0.0	1	8 1
135	15	0.0	1	14 1
136	12	0.0	1	11 1
137	7	0.0	1	7
138	9	0.0	1	8 1
139	9	0.0	1	8 1
140	18	0.0	1	18
141	11	0.0	1	10 1
142	8	0.0	1	8
143	8	0.0	1	8
144	15	0.0	1	15
145	18	0.0	1	18
146	18	0.0	1	17 1
147	17	0.0	1	16 1
148	5	0.0	1	3 2
149	22	0.0	1	20 2
150	9	0.0	1	8 1
151	7	0.0	1	7
152	8	0.0	1	7 1
153	15	0.0	1	15
154	14	0.0	1	13 1
155	7	0.0	1	7
156	7	0.0	1	7
157	8	0.0	1	8
158	2	0.0	1	2
159	3	0.0	1	3
160	13	0.0	1	13
161	9	0.0	1	9
162	21	0.0	1	20 1
163	25	0.0	1	25
164	8	0.0	1	8
165	30	0.0	1	29 1
166	11	0.0	1	11
167	16	0.0	1	16
168	29	0.0	1	29
169	26	0.0	1	26
170	24	0.0	1	23 1
171	22	0.0	1	21 1
172	48	0.0	1	48
173	28	0.0	1	28
174	23	0.0	1	21 2
175	15	0.0	1	14 1
176	14	0.0	1	14
177	15	0.0	1	13 2
178	12	0.0	1	12
179	20	0.0	1	20
180	14	0.0	1	13 1
181	21	0.0	1	19 2
182	18	0.0	1	17 1
183	20	0.0	1	19 1
184	18	0.0	1	18
185	20	0.0	1	19 1
186	22	0.0	1	20 2
187	26	0.0	1	25 1
188	7	0.0	1	7
189	13	0.0	1	13
190	25	0.0	1	24 1
191	23	0.0	1	23
192	17	0.0	1	17
193	31	0.0	1	31
194	18	0.0	1	18
195	40	0.0	1	37 3
196	52	0.0	1	50 2
197	35	0.0	1	34 1
198	31	0.0	1	30 1
199	52	0.0	1	50 2
200	35	0.0	1	33 2
201	36	0.0	1	35 1
202	18	0.0	1	17 1
203	32	0.0	1	32
204	27	0.0	1	27
205	31	0.0	1	31
206	30	0.0	1	30
207	41	0.0	1	38 3
208	35	0.0	1	34 1
209	65	0.0	1	64 1
210	46	0.0	1	44 2
211	47	0.0	1	44 3
212	44	0.0	1	40 4
213	43	0.0	1	42 1
214	39	0.0	1	37 2
215	43	0.0	1	41 2
216	30	0.0	1	30
217	42	0.0	1	42
218	58	0.0	1	52 6
219	68	0.0	1	62 6
220	52	0.0	1	49 3
221	36	0.0	1	32 4
222	35	0.0	1	34 1
223	53	0.0	1	50 3
224	76	0.0	1	73 3
225	34	0.0	1	33 1
226	54	0.0	1	54
227	72	0.0	1	69 3
228	102	0.0	1	102
229	56	0.0	1	53 3
230	75	0.0	1	73 2
231	57	0.0	1	54 3
232	62	0.0	1	62
233	75	0.0	1	72 3
234	80	0.0	1	78 2
235	86	0.0	1	84 2
236	72	0.0	1	70 2
237	98	0.0	1	97 1
238	111	0.0	1	107 4
239	162	0.0	1	159 3
240	215	0.0	1	208 7
241	100	0.0	1	96 4
242	37	0.0	1	36 1
243	41	0.0	1	39 2
244	54	0.0	1	51 3
245	51	0.0	1	49 2
246	75	0.0	1	71 4
247	109	0.0	1	105 4
248	79	0.0	1	77 2
249	83	0.0	1	81 2
250	78	0.0	1	75 3
251	119	0.0	1	114 5
252	134	0.0	1	131 3
253	228	0.0	1	224 4
254	100	0.0	1	95 5
255	75	0.0	1	72 3
256	119	0.0	1	116 3
257	125	0.0	1	124 1
258	115	0.0	1	112 3
259	79	0.0	1	75 4
260	119	0.0	1	113 6
261	134	0.0	1	129 5
262	145	0.0	1	142 3
263	260	0.0	1	253 7
264	215	0.0	1	211 4
265	186	0.0	1	177 9
266	238	0.0	1	227 11
267	381	0.0	1	371 10
268	258	0.0	1	246 12
269	238	0.0	1	232 6
270	222	0.0	1	210 12
271	225	0.0	1	212 13
272	300	0.0	1	291 9
273	187	0.0	1	179 8
274	288	0.0	1	284 4
275	177	0.0	1	172 5
276	145	0.0	1	140 5
277	190	0.0	1	179 11
278	159	0.0	1	153 6
279	186	0.0	1	177 9
280	153	0.0	1	151 2
281	233	0.0	1	219 14
282	235	0.0	1	231 4
283	241	0.0	1	231 10
284	275	0.0	1	265 10
285	274	0.0	1	266 8
286	249	0.0	1	236 13
287	245	0.0	1	236 9
288	182	0.0	1	175 7
289	350	0.0	1	337 13
290	258	0.0	1	253 5
291	244	0.0	1	238 6
292	280	0.0	1	268 12
293	203	0.0	1	194 9
294	277	0.0	1	269 8
295	273	0.0	1	268 5
296	176	0.0	1	164 12
297	70	0.0	1	66 4
298	8	0.0	1	8
299	11	0.0	1	11
300	11212	0.0	1	10843 369


=== Second read: Adapter 2 ===

Sequence: GACTACHVGGGTATCTAATCC; Type: regular 3'; Length: 21; Trimmed: 26245 times.

No. of allowed errors:
0-9 bp: 0; 10-19 bp: 1; 20-21 bp: 2

Bases preceding removed adapters:
  A: 0.0%
  C: 0.0%
  G: 0.0%
  T: 0.0%
  none/other: 100.0%

Overview of removed sequences
length	count	expect	max.err	error counts
4	1	102.7	0	1
50	7	0.0	2	4 2 1
51	5	0.0	2	2 3
52	3	0.0	2	1 1 1
53	1	0.0	2	0 1
54	10	0.0	2	6 4
55	15	0.0	2	12 2 1
56	32	0.0	2	32
57	37	0.0	2	36 1
58	36	0.0	2	36
59	23	0.0	2	22 1
60	16	0.0	2	15 1
61	9	0.0	2	8 1
62	5	0.0	2	4 1
63	4	0.0	2	2 2
64	3	0.0	2	2 1
65	4	0.0	2	4
66	6	0.0	2	5 1
67	33	0.0	2	31 2
68	32	0.0	2	30 2
69	26	0.0	2	25 1
70	17	0.0	2	17
71	6	0.0	2	5 1
72	4	0.0	2	4
74	3	0.0	2	2 1
75	1	0.0	2	1
76	1	0.0	2	0 1
77	1	0.0	2	1
78	1	0.0	2	1
79	1	0.0	2	1
80	5	0.0	2	3 2
81	7	0.0	2	6 1
82	4	0.0	2	2 2
83	5	0.0	2	5
84	9	0.0	2	9
85	5	0.0	2	4 1
86	10	0.0	2	6 3 1
87	3	0.0	2	2 1
88	1	0.0	2	1
90	2	0.0	2	2
91	2	0.0	2	2
92	4	0.0	2	4
93	13	0.0	2	13
94	18	0.0	2	18
95	7	0.0	2	6 0 1
96	11	0.0	2	11
97	5	0.0	2	5
98	3	0.0	2	1 2
99	4	0.0	2	4
100	5	0.0	2	3 2
101	6	0.0	2	6
102	1	0.0	2	1
103	1	0.0	2	1
104	2	0.0	2	2
105	1	0.0	2	0 1
106	2	0.0	2	0 2
107	5	0.0	2	5
108	4	0.0	2	3 1
109	4	0.0	2	3 1
110	3	0.0	2	2 1
112	2	0.0	2	1 1
113	2	0.0	2	2
115	1	0.0	2	1
116	3	0.0	2	3
117	3	0.0	2	1 2
118	9	0.0	2	9
119	8	0.0	2	6 2
120	1	0.0	2	1
121	3	0.0	2	1 1 1
122	3	0.0	2	2 1
123	7	0.0	2	7
124	7	0.0	2	7
125	12	0.0	2	7 4 1
126	9	0.0	2	9
127	11	0.0	2	6 5
128	5	0.0	2	5
129	3	0.0	2	2 0 1
130	7	0.0	2	5 2
131	2	0.0	2	2
132	4	0.0	2	4
133	57	0.0	2	55 2
134	64	0.0	2	62 1 1
135	50	0.0	2	48 2
136	18	0.0	2	17 1
137	5	0.0	2	5
138	2	0.0	2	2
139	5	0.0	2	2 3
140	14	0.0	2	14
141	3	0.0	2	2 1
142	14	0.0	2	13 1
143	25	0.0	2	24 1
144	42	0.0	2	41 1
145	35	0.0	2	32 2 1
146	40	0.0	2	37 3
147	32	0.0	2	29 2 1
148	23	0.0	2	23
149	10	0.0	2	7 3
150	13	0.0	2	13
151	6	0.0	2	5 1
152	15	0.0	2	15
153	20	0.0	2	20
154	22	0.0	2	22
155	53	0.0	2	50 3
156	125	0.0	2	121 4
157	72	0.0	2	70 1 1
158	62	0.0	2	58 4
159	33	0.0	2	32 1
160	20	0.0	2	18 2
161	7	0.0	2	7
162	12	0.0	2	11 1
163	15	0.0	2	15
164	26	0.0	2	25 1
165	8	0.0	2	7 1
166	24	0.0	2	21 3
167	46	0.0	2	40 6
168	40	0.0	2	39 1
169	46	0.0	2	44 2
170	29	0.0	2	28 1
171	31	0.0	2	30 1
172	50	0.0	2	48 2
173	59	0.0	2	56 3
174	64	0.0	2	60 4
175	51	0.0	2	49 2
176	42	0.0	2	40 2
177	48	0.0	2	46 2
178	38	0.0	2	35 3
179	55	0.0	2	53 2
180	51	0.0	2	49 2
181	27	0.0	2	26 0 1
182	24	0.0	2	24
183	21	0.0	2	21
184	30	0.0	2	27 3
185	56	0.0	2	54 2
186	41	0.0	2	41
187	35	0.0	2	33 2
188	12	0.0	2	11 1
189	46	0.0	2	45 1
190	99	0.0	2	94 4 1
191	96	0.0	2	93 3
192	110	0.0	2	98 12
193	140	0.0	2	132 8
194	138	0.0	2	131 7
195	112	0.0	2	102 9 1
196	39	0.0	2	39
197	33	0.0	2	32 1
198	26	0.0	2	23 2 1
199	57	0.0	2	54 3
200	96	0.0	2	93 3
201	54	0.0	2	52 2
202	151	0.0	2	141 10
203	228	0.0	2	218 9 1
204	111	0.0	2	105 5 1
205	191	0.0	2	182 9
206	111	0.0	2	96 15
207	171	0.0	2	167 4
208	62	0.0	2	59 2 1
209	105	0.0	2	101 4
210	97	0.0	2	93 4
211	227	0.0	2	219 7 1
212	126	0.0	2	118 7 1
213	184	0.0	2	180 4
214	146	0.0	2	142 3 1
215	90	0.0	2	84 6
216	87	0.0	2	84 2 1
217	25	0.0	2	23 1 1
218	25	0.0	2	20 5
219	130	0.0	2	124 6
220	60	0.0	2	57 2 1
221	59	0.0	2	47 11 1
222	257	0.0	2	249 8
223	374	0.0	2	363 11
224	216	0.0	2	201 12 3
225	413	0.0	2	405 8
226	308	0.0	2	297 9 2
227	533	0.0	2	523 8 2
228	157	0.0	2	144 9 4
229	384	0.0	2	370 14
230	113	0.0	2	105 8
231	157	0.0	2	152 4 1
232	87	0.0	2	86 1
233	126	0.0	2	119 7
234	307	0.0	2	289 17 1
235	77	0.0	2	72 5
236	45	0.0	2	43 2
237	6	0.0	2	6
238	8	0.0	2	7 1
239	23	0.0	2	12 10 1
240	381	0.0	2	364 17
241	732	0.0	2	712 19 1
242	512	0.0	2	493 17 2
243	405	0.0	2	394 11
244	231	0.0	2	221 9 1
245	165	0.0	2	159 6
246	77	0.0	2	70 6 1
247	44	0.0	2	41 2 1
248	57	0.0	2	55 1 1
249	281	0.0	2	263 17 1
250	721	0.0	2	688 31 2
251	772	0.0	2	751 21
252	266	0.0	2	257 9
253	108	0.0	2	103 5
254	233	0.0	2	225 8
255	152	0.0	2	148 4
256	509	0.0	2	490 18 1
257	277	0.0	2	261 15 1
258	354	0.0	2	341 10 3
259	322	0.0	2	313 9
260	343	0.0	2	333 10
261	181	0.0	2	175 6
262	225	0.0	2	220 5
263	163	0.0	2	159 4
264	73	0.0	2	69 4
265	89	0.0	2	87 2
266	326	0.0	2	316 10
267	323	0.0	2	318 5
268	274	0.0	2	266 8
269	338	0.0	2	321 17
270	288	0.0	2	283 5
271	375	0.0	2	365 10
272	76	0.0	2	73 3
273	64	0.0	2	60 4
274	139	0.0	2	137 2
275	35	0.0	2	33 1 1
276	46	0.0	2	42 4
277	557	0.0	2	540 16 1
278	240	0.0	2	231 9
279	339	0.0	2	334 5
280	416	0.0	2	408 8
281	165	0.0	2	161 4
282	271	0.0	2	260 11
283	205	0.0	2	199 6
284	113	0.0	2	109 4
285	179	0.0	2	173 6
286	73	0.0	2	73
287	194	0.0	2	190 4
288	39	0.0	2	36 3
289	442	0.0	2	432 9 1
290	25	0.0	2	23 2
291	275	0.0	2	266 9
292	268	0.0	2	263 5
293	230	0.0	2	228 2
294	77	0.0	2	75 2
295	16	0.0	2	15 1
296	3	0.0	2	2 1
297	8	0.0	2	8
300	2665	0.0	2	2611 54
