This is cutadapt 2.6 with Python 3.7.16
Command line parameters: -a CCTACGGGNGGCWGCAG -A GACTACHVGGGTATCTAATCC -o trimmed_reads/Bact-10_S10_R1_trimmed.fastq.gz -p trimmed_reads/Bact-10_S10_R2_trimmed.fastq.gz clean_reads/Bact-10_S10_R1_clean.fastq.gz clean_reads/Bact-10_S10_R2_clean.fastq.gz
Processing reads on 1 core in paired-end mode ...
Finished in 1.23 s (33 us/read; 1.79 M reads/minute).

=== Summary ===

Total read pairs processed:             36,685
  Read 1 with adapter:                  36,615 (99.8%)
  Read 2 with adapter:                  36,616 (99.8%)
Pairs written (passing filters):        36,685 (100.0%)

Total basepairs processed:    18,790,713 bp
  Read 1:     9,862,442 bp
  Read 2:     8,928,271 bp
Total written (filtered):         34,897 bp (0.2%)
  Read 1:        20,008 bp
  Read 2:        14,889 bp

=== First read: Adapter 1 ===

Sequence: CCTACGGGNGGCWGCAG; Type: regular 3'; Length: 17; Trimmed: 36615 times.

No. of allowed errors:
0-9 bp: 0; 10-16 bp: 1

Bases preceding removed adapters:
  A: 0.0%
  C: 0.0%
  G: 0.1%
  T: 0.0%
  none/other: 99.9%

Overview of removed sequences
length	count	expect	max.err	error counts
3	1	573.2	0	1
32	1	0.0	1	1
50	11	0.0	1	11
51	16	0.0	1	16
52	6	0.0	1	6
53	6	0.0	1	6
54	4	0.0	1	4
55	13	0.0	1	13
57	5	0.0	1	5
59	5	0.0	1	4 1
60	7	0.0	1	6 1
61	4	0.0	1	3 1
62	5	0.0	1	5
64	3	0.0	1	3
65	4	0.0	1	4
66	9	0.0	1	9
67	21	0.0	1	21
68	11	0.0	1	11
69	12	0.0	1	11 1
70	9	0.0	1	9
71	6	0.0	1	6
72	3	0.0	1	3
73	5	0.0	1	5
74	19	0.0	1	16 3
75	4	0.0	1	4
76	15	0.0	1	15
77	18	0.0	1	18
78	19	0.0	1	18 1
79	16	0.0	1	16
80	18	0.0	1	15 3
81	10	0.0	1	10
82	4	0.0	1	4
83	1	0.0	1	1
84	8	0.0	1	8
85	7	0.0	1	7
86	12	0.0	1	12
87	22	0.0	1	21 1
88	9	0.0	1	9
89	1	0.0	1	1
90	1	0.0	1	1
91	9	0.0	1	8 1
92	20	0.0	1	20
93	21	0.0	1	20 1
94	21	0.0	1	21
95	6	0.0	1	6
96	11	0.0	1	9 2
97	12	0.0	1	12
98	6	0.0	1	6
99	30	0.0	1	30
100	40	0.0	1	39 1
101	26	0.0	1	26
102	16	0.0	1	16
103	14	0.0	1	14
104	14	0.0	1	14
105	11	0.0	1	11
106	5	0.0	1	4 1
107	19	0.0	1	19
108	15	0.0	1	15
109	8	0.0	1	8
110	7	0.0	1	7
111	26	0.0	1	26
112	58	0.0	1	56 2
113	40	0.0	1	38 2
114	52	0.0	1	52
115	60	0.0	1	60
116	36	0.0	1	36
117	51	0.0	1	51
118	35	0.0	1	35
119	17	0.0	1	17
120	30	0.0	1	30
121	27	0.0	1	26 1
122	24	0.0	1	24
123	22	0.0	1	21 1
124	32	0.0	1	31 1
125	31	0.0	1	30 1
126	20	0.0	1	20
127	26	0.0	1	24 2
128	70	0.0	1	68 2
129	16	0.0	1	16
130	22	0.0	1	22
131	19	0.0	1	19
132	20	0.0	1	20
133	22	0.0	1	22
134	21	0.0	1	20 1
135	19	0.0	1	18 1
136	16	0.0	1	16
137	15	0.0	1	15
138	13	0.0	1	13
139	13	0.0	1	13
140	26	0.0	1	24 2
141	6	0.0	1	6
142	15	0.0	1	15
143	24	0.0	1	22 2
144	19	0.0	1	18 1
145	19	0.0	1	19
146	30	0.0	1	29 1
147	25	0.0	1	25
148	16	0.0	1	15 1
149	15	0.0	1	13 2
150	18	0.0	1	18
151	11	0.0	1	11
152	18	0.0	1	18
153	15	0.0	1	13 2
154	17	0.0	1	17
155	20	0.0	1	20
156	7	0.0	1	7
157	15	0.0	1	14 1
158	16	0.0	1	15 1
159	12	0.0	1	12
160	12	0.0	1	11 1
161	16	0.0	1	16
162	20	0.0	1	20
163	42	0.0	1	40 2
164	17	0.0	1	16 1
165	26	0.0	1	23 3
166	26	0.0	1	24 2
167	16	0.0	1	15 1
168	27	0.0	1	26 1
169	44	0.0	1	41 3
170	32	0.0	1	28 4
171	36	0.0	1	35 1
172	47	0.0	1	45 2
173	44	0.0	1	41 3
174	23	0.0	1	23
175	33	0.0	1	33
176	23	0.0	1	23
177	16	0.0	1	15 1
178	10	0.0	1	10
179	21	0.0	1	21
180	24	0.0	1	22 2
181	22	0.0	1	21 1
182	27	0.0	1	27
183	24	0.0	1	24
184	24	0.0	1	23 1
185	45	0.0	1	44 1
186	24	0.0	1	23 1
187	27	0.0	1	27
188	27	0.0	1	27
189	29	0.0	1	27 2
190	32	0.0	1	32
191	34	0.0	1	33 1
192	22	0.0	1	22
193	33	0.0	1	33
194	34	0.0	1	33 1
195	47	0.0	1	42 5
196	76	0.0	1	73 3
197	53	0.0	1	47 6
198	52	0.0	1	52
199	53	0.0	1	53
200	62	0.0	1	59 3
201	64	0.0	1	63 1
202	31	0.0	1	30 1
203	38	0.0	1	38
204	50	0.0	1	48 2
205	31	0.0	1	31
206	39	0.0	1	38 1
207	39	0.0	1	38 1
208	48	0.0	1	45 3
209	76	0.0	1	74 2
210	52	0.0	1	50 2
211	70	0.0	1	66 4
212	68	0.0	1	64 4
213	52	0.0	1	50 2
214	64	0.0	1	64
215	73	0.0	1	69 4
216	69	0.0	1	69
217	62	0.0	1	58 4
218	76	0.0	1	71 5
219	81	0.0	1	78 3
220	70	0.0	1	68 2
221	50	0.0	1	46 4
222	83	0.0	1	80 3
223	93	0.0	1	91 2
224	102	0.0	1	99 3
225	64	0.0	1	60 4
226	94	0.0	1	93 1
227	91	0.0	1	87 4
228	103	0.0	1	100 3
229	67	0.0	1	66 1
230	94	0.0	1	88 6
231	79	0.0	1	77 2
232	64	0.0	1	62 2
233	103	0.0	1	100 3
234	120	0.0	1	113 7
235	110	0.0	1	103 7
236	88	0.0	1	85 3
237	116	0.0	1	114 2
238	131	0.0	1	130 1
239	198	0.0	1	194 4
240	266	0.0	1	263 3
241	115	0.0	1	107 8
242	72	0.0	1	70 2
243	62	0.0	1	59 3
244	82	0.0	1	79 3
245	84	0.0	1	81 3
246	138	0.0	1	131 7
247	180	0.0	1	173 7
248	141	0.0	1	138 3
249	104	0.0	1	100 4
250	114	0.0	1	108 6
251	240	0.0	1	230 10
252	193	0.0	1	184 9
253	330	0.0	1	324 6
254	158	0.0	1	151 7
255	111	0.0	1	109 2
256	138	0.0	1	133 5
257	176	0.0	1	168 8
258	197	0.0	1	192 5
259	120	0.0	1	115 5
260	208	0.0	1	200 8
261	207	0.0	1	200 7
262	193	0.0	1	188 5
263	351	0.0	1	341 10
264	330	0.0	1	316 14
265	250	0.0	1	235 15
266	411	0.0	1	397 14
267	494	0.0	1	479 15
268	403	0.0	1	394 9
269	276	0.0	1	265 11
270	277	0.0	1	267 10
271	376	0.0	1	359 17
272	465	0.0	1	449 16
273	301	0.0	1	286 15
274	436	0.0	1	419 17
275	260	0.0	1	246 14
276	221	0.0	1	208 13
277	305	0.0	1	296 9
278	222	0.0	1	212 10
279	289	0.0	1	278 11
280	251	0.0	1	239 12
281	366	0.0	1	355 11
282	339	0.0	1	318 21
283	351	0.0	1	342 9
284	428	0.0	1	416 12
285	380	0.0	1	364 16
286	392	0.0	1	379 13
287	287	0.0	1	269 18
288	279	0.0	1	269 10
289	570	0.0	1	553 17
290	369	0.0	1	358 11
291	324	0.0	1	318 6
292	423	0.0	1	410 13
293	306	0.0	1	292 14
294	397	0.0	1	384 13
295	335	0.0	1	325 10
296	256	0.0	1	239 17
297	94	0.0	1	90 4
298	8	0.0	1	7 1
299	7	0.0	1	6 1
300	14993	0.0	1	14497 496


=== Second read: Adapter 2 ===

Sequence: GACTACHVGGGTATCTAATCC; Type: regular 3'; Length: 21; Trimmed: 36616 times.

No. of allowed errors:
0-9 bp: 0; 10-19 bp: 1; 20-21 bp: 2

Bases preceding removed adapters:
  A: 0.0%
  C: 0.0%
  G: 0.0%
  T: 0.0%
  none/other: 100.0%

Overview of removed sequences
length	count	expect	max.err	error counts
3	1	573.2	0	1
50	7	0.0	2	5 2
52	1	0.0	2	1
53	4	0.0	2	2 2
54	7	0.0	2	4 3
55	16	0.0	2	13 2 1
56	47	0.0	2	45 1 1
57	54	0.0	2	53 1
58	45	0.0	2	43 2
59	27	0.0	2	24 3
60	13	0.0	2	12 1
61	12	0.0	2	10 2
62	8	0.0	2	7 1
63	4	0.0	2	3 1
65	5	0.0	2	5
66	11	0.0	2	10 1
67	42	0.0	2	38 4
68	49	0.0	2	48 1
69	32	0.0	2	30 1 1
70	19	0.0	2	17 1 1
71	8	0.0	2	7 1
72	8	0.0	2	8
73	4	0.0	2	4
74	3	0.0	2	3
75	3	0.0	2	2 1
76	2	0.0	2	0 2
77	2	0.0	2	2
78	3	0.0	2	2 1
79	2	0.0	2	2
80	2	0.0	2	2
81	14	0.0	2	14
82	8	0.0	2	6 1 1
83	3	0.0	2	3
84	8	0.0	2	8
85	5	0.0	2	4 1
86	1	0.0	2	0 1
87	8	0.0	2	7 1
88	5	0.0	2	3 2
89	4	0.0	2	4
90	5	0.0	2	4 1
91	1	0.0	2	0 1
92	6	0.0	2	6
93	15	0.0	2	13 2
94	14	0.0	2	14
95	15	0.0	2	14 1
96	11	0.0	2	11
97	12	0.0	2	8 4
98	13	0.0	2	7 5 1
99	14	0.0	2	12 1 1
100	9	0.0	2	8 1
101	8	0.0	2	8
102	4	0.0	2	3 1
103	4	0.0	2	4
104	2	0.0	2	2
105	5	0.0	2	5
106	2	0.0	2	1 0 1
107	1	0.0	2	1
108	2	0.0	2	2
110	2	0.0	2	2
111	3	0.0	2	2 1
113	1	0.0	2	1
114	2	0.0	2	2
115	2	0.0	2	2
116	8	0.0	2	7 1
117	7	0.0	2	7
118	8	0.0	2	7 1
119	7	0.0	2	7
120	6	0.0	2	5 1
121	7	0.0	2	6 1
122	2	0.0	2	1 1
123	13	0.0	2	12 1
124	16	0.0	2	14 2
125	21	0.0	2	20 1
126	13	0.0	2	13
127	9	0.0	2	7 2
128	12	0.0	2	12
129	4	0.0	2	3 1
130	3	0.0	2	3
131	4	0.0	2	4
132	9	0.0	2	8 1
133	64	0.0	2	62 2
134	86	0.0	2	80 6
135	73	0.0	2	70 3
136	28	0.0	2	23 5
137	7	0.0	2	7
138	1	0.0	2	1
139	2	0.0	2	1 1
140	19	0.0	2	19
141	11	0.0	2	8 3
142	19	0.0	2	19
143	27	0.0	2	26 1
144	30	0.0	2	30
145	50	0.0	2	43 6 1
146	48	0.0	2	40 8
147	46	0.0	2	43 3
148	19	0.0	2	18 1
149	11	0.0	2	9 2
150	17	0.0	2	14 2 1
151	9	0.0	2	7 2
152	31	0.0	2	27 3 1
153	24	0.0	2	23 1
154	24	0.0	2	22 2
155	57	0.0	2	54 3
156	113	0.0	2	113
157	81	0.0	2	78 3
158	88	0.0	2	85 3
159	37	0.0	2	32 4 1
160	30	0.0	2	29 1
161	12	0.0	2	10 2
162	21	0.0	2	20 1
163	14	0.0	2	13 1
164	37	0.0	2	35 2
165	28	0.0	2	25 3
166	32	0.0	2	29 3
167	67	0.0	2	64 2 1
168	54	0.0	2	53 1
169	88	0.0	2	81 7
170	63	0.0	2	61 1 1
171	58	0.0	2	52 5 1
172	51	0.0	2	49 2
173	82	0.0	2	78 3 1
174	79	0.0	2	77 2
175	60	0.0	2	57 3
176	49	0.0	2	44 5
177	77	0.0	2	76 1
178	76	0.0	2	74 2
179	60	0.0	2	55 5
180	84	0.0	2	81 2 1
181	32	0.0	2	26 4 2
182	24	0.0	2	22 0 2
183	33	0.0	2	30 2 1
184	37	0.0	2	33 4
185	67	0.0	2	63 4
186	69	0.0	2	64 4 1
187	49	0.0	2	48 1
188	17	0.0	2	14 3
189	52	0.0	2	52
190	136	0.0	2	132 4
191	122	0.0	2	120 2
192	147	0.0	2	141 6
193	209	0.0	2	201 8
194	181	0.0	2	175 5 1
195	154	0.0	2	147 6 1
196	58	0.0	2	56 1 1
197	35	0.0	2	30 5
198	51	0.0	2	40 9 2
199	91	0.0	2	82 8 1
200	148	0.0	2	144 4
201	83	0.0	2	75 7 1
202	179	0.0	2	168 11
203	300	0.0	2	292 7 1
204	127	0.0	2	120 7
205	247	0.0	2	238 8 1
206	207	0.0	2	188 18 1
207	206	0.0	2	196 8 2
208	93	0.0	2	85 6 2
209	159	0.0	2	152 6 1
210	140	0.0	2	132 8
211	296	0.0	2	284 11 1
212	204	0.0	2	197 7
213	274	0.0	2	263 10 1
214	221	0.0	2	211 9 1
215	141	0.0	2	134 7
216	124	0.0	2	120 4
217	62	0.0	2	59 3
218	26	0.0	2	20 6
219	206	0.0	2	197 7 2
220	121	0.0	2	116 5
221	94	0.0	2	82 12
222	401	0.0	2	376 22 3
223	506	0.0	2	484 19 3
224	275	0.0	2	260 15
225	523	0.0	2	507 14 2
226	488	0.0	2	470 18
227	788	0.0	2	760 28
228	231	0.0	2	216 15
229	521	0.0	2	501 19 1
230	180	0.0	2	163 15 2
231	185	0.0	2	179 5 1
232	92	0.0	2	88 4
233	204	0.0	2	186 17 1
234	431	0.0	2	414 17
235	127	0.0	2	122 5
236	56	0.0	2	53 2 1
237	13	0.0	2	12 1
238	15	0.0	2	13 1 1
239	43	0.0	2	24 16 3
240	538	0.0	2	510 24 4
241	1032	0.0	2	1005 25 2
242	775	0.0	2	753 20 2
243	736	0.0	2	710 26
244	326	0.0	2	314 12
245	209	0.0	2	203 6
246	103	0.0	2	99 4
247	56	0.0	2	48 6 2
248	72	0.0	2	67 4 1
249	412	0.0	2	397 14 1
250	1024	0.0	2	999 25
251	1160	0.0	2	1129 30 1
252	329	0.0	2	319 8 2
253	147	0.0	2	139 8
254	301	0.0	2	297 4
255	196	0.0	2	185 10 1
256	732	0.0	2	710 20 2
257	390	0.0	2	373 16 1
258	511	0.0	2	501 9 1
259	462	0.0	2	451 11
260	497	0.0	2	491 6
261	297	0.0	2	286 9 2
262	347	0.0	2	339 8
263	216	0.0	2	210 6
264	92	0.0	2	90 2
265	109	0.0	2	101 8
266	404	0.0	2	392 12
267	450	0.0	2	441 9
268	344	0.0	2	336 7 1
269	456	0.0	2	445 8 3
270	504	0.0	2	494 10
271	569	0.0	2	559 10
272	120	0.0	2	114 6
273	86	0.0	2	79 7
274	182	0.0	2	176 6
275	38	0.0	2	37 1
276	64	0.0	2	61 3
277	706	0.0	2	691 15
278	303	0.0	2	295 8
279	422	0.0	2	410 11 1
280	565	0.0	2	551 14
281	215	0.0	2	209 6
282	367	0.0	2	357 10
283	270	0.0	2	261 9
284	152	0.0	2	150 2
285	181	0.0	2	176 5
286	108	0.0	2	106 2
287	290	0.0	2	285 5
288	74	0.0	2	71 3
289	658	0.0	2	646 12
290	66	0.0	2	64 2
291	377	0.0	2	373 4
292	360	0.0	2	351 9
293	310	0.0	2	302 8
294	89	0.0	2	88 1
295	26	0.0	2	26
296	5	0.0	2	5
297	24	0.0	2	24
298	1	0.0	2	1
300	3517	0.0	2	3441 73 3
