This is cutadapt 2.6 with Python 3.7.16
Command line parameters: -a CCTACGGGNGGCWGCAG -A GACTACHVGGGTATCTAATCC -o trimmed_reads/Bact-39_S38_R1_trimmed.fastq.gz -p trimmed_reads/Bact-39_S38_R2_trimmed.fastq.gz clean_reads/Bact-39_S38_R1_clean.fastq.gz clean_reads/Bact-39_S38_R2_clean.fastq.gz
Processing reads on 1 core in paired-end mode ...
Finished in 0.76 s (34 us/read; 1.76 M reads/minute).

=== Summary ===

Total read pairs processed:             22,171
  Read 1 with adapter:                  22,108 (99.7%)
  Read 2 with adapter:                  22,137 (99.8%)
Pairs written (passing filters):        22,171 (100.0%)

Total basepairs processed:    11,402,906 bp
  Read 1:     5,990,212 bp
  Read 2:     5,412,694 bp
Total written (filtered):         23,322 bp (0.2%)
  Read 1:        16,773 bp
  Read 2:         6,549 bp

=== First read: Adapter 1 ===

Sequence: CCTACGGGNGGCWGCAG; Type: regular 3'; Length: 17; Trimmed: 22108 times.

No. of allowed errors:
0-9 bp: 0; 10-16 bp: 1

Bases preceding removed adapters:
  A: 0.0%
  C: 0.0%
  G: 0.1%
  T: 0.0%
  none/other: 99.9%

Overview of removed sequences
length	count	expect	max.err	error counts
30	1	0.0	1	1
50	15	0.0	1	15
51	4	0.0	1	4
52	4	0.0	1	4
53	3	0.0	1	3
54	5	0.0	1	5
55	8	0.0	1	7 1
56	1	0.0	1	1
57	10	0.0	1	10
58	1	0.0	1	0 1
59	2	0.0	1	2
60	5	0.0	1	5
61	2	0.0	1	2
62	5	0.0	1	5
63	2	0.0	1	2
64	1	0.0	1	1
65	2	0.0	1	2
66	6	0.0	1	6
67	16	0.0	1	16
68	8	0.0	1	7 1
69	7	0.0	1	6 1
70	7	0.0	1	6 1
71	2	0.0	1	2
72	4	0.0	1	3 1
73	6	0.0	1	6
74	6	0.0	1	6
75	6	0.0	1	6
76	5	0.0	1	5
77	11	0.0	1	11
78	10	0.0	1	10
79	10	0.0	1	10
80	14	0.0	1	14
81	9	0.0	1	9
82	4	0.0	1	4
83	5	0.0	1	4 1
84	5	0.0	1	5
85	7	0.0	1	7
86	7	0.0	1	7
87	10	0.0	1	8 2
88	4	0.0	1	4
89	2	0.0	1	2
91	4	0.0	1	3 1
92	18	0.0	1	17 1
93	8	0.0	1	8
94	11	0.0	1	11
95	2	0.0	1	2
96	6	0.0	1	5 1
97	12	0.0	1	12
98	1	0.0	1	1
99	21	0.0	1	21
100	35	0.0	1	34 1
101	21	0.0	1	21
102	12	0.0	1	12
103	10	0.0	1	10
104	7	0.0	1	7
106	1	0.0	1	1
107	9	0.0	1	8 1
108	11	0.0	1	10 1
109	2	0.0	1	2
110	6	0.0	1	6
111	21	0.0	1	20 1
112	32	0.0	1	29 3
113	30	0.0	1	30
114	39	0.0	1	39
115	32	0.0	1	31 1
116	28	0.0	1	27 1
117	25	0.0	1	23 2
118	17	0.0	1	17
119	15	0.0	1	15
120	19	0.0	1	18 1
121	12	0.0	1	11 1
122	14	0.0	1	14
123	17	0.0	1	17
124	12	0.0	1	12
125	17	0.0	1	17
126	16	0.0	1	16
127	19	0.0	1	17 2
128	31	0.0	1	31
129	8	0.0	1	8
130	13	0.0	1	13
131	7	0.0	1	6 1
132	10	0.0	1	10
133	8	0.0	1	8
134	8	0.0	1	8
135	16	0.0	1	16
136	15	0.0	1	15
137	12	0.0	1	11 1
138	11	0.0	1	11
139	12	0.0	1	11 1
140	7	0.0	1	7
141	6	0.0	1	6
142	6	0.0	1	6
143	3	0.0	1	3
144	10	0.0	1	10
145	6	0.0	1	6
146	15	0.0	1	15
147	13	0.0	1	13
148	7	0.0	1	7
149	7	0.0	1	7
150	18	0.0	1	18
151	12	0.0	1	12
152	8	0.0	1	7 1
153	4	0.0	1	4
154	7	0.0	1	7
155	5	0.0	1	5
156	10	0.0	1	10
157	4	0.0	1	4
158	7	0.0	1	7
159	8	0.0	1	8
160	8	0.0	1	8
161	6	0.0	1	6
162	15	0.0	1	15
163	19	0.0	1	18 1
164	12	0.0	1	12
165	19	0.0	1	19
166	16	0.0	1	16
167	11	0.0	1	11
168	13	0.0	1	12 1
169	16	0.0	1	16
170	19	0.0	1	19
171	14	0.0	1	13 1
172	31	0.0	1	30 1
173	22	0.0	1	22
174	28	0.0	1	28
175	19	0.0	1	19
176	17	0.0	1	16 1
177	12	0.0	1	12
178	10	0.0	1	10
179	14	0.0	1	14
180	11	0.0	1	11
181	10	0.0	1	10
182	19	0.0	1	19
183	11	0.0	1	11
184	17	0.0	1	17
185	24	0.0	1	24
186	15	0.0	1	14 1
187	21	0.0	1	21
188	12	0.0	1	12
189	14	0.0	1	14
190	23	0.0	1	23
191	26	0.0	1	26
192	14	0.0	1	13 1
193	35	0.0	1	34 1
194	21	0.0	1	21
195	27	0.0	1	27
196	32	0.0	1	31 1
197	22	0.0	1	20 2
198	24	0.0	1	22 2
199	31	0.0	1	31
200	29	0.0	1	27 2
201	35	0.0	1	32 3
202	13	0.0	1	13
203	24	0.0	1	23 1
204	29	0.0	1	28 1
205	26	0.0	1	25 1
206	30	0.0	1	26 4
207	21	0.0	1	20 1
208	33	0.0	1	31 2
209	35	0.0	1	34 1
210	33	0.0	1	33
211	30	0.0	1	29 1
212	42	0.0	1	39 3
213	38	0.0	1	35 3
214	31	0.0	1	31
215	44	0.0	1	42 2
216	27	0.0	1	27
217	35	0.0	1	34 1
218	35	0.0	1	34 1
219	57	0.0	1	53 4
220	26	0.0	1	26
221	32	0.0	1	32
222	33	0.0	1	33
223	45	0.0	1	45
224	43	0.0	1	40 3
225	38	0.0	1	35 3
226	34	0.0	1	33 1
227	59	0.0	1	58 1
228	71	0.0	1	70 1
229	39	0.0	1	36 3
230	50	0.0	1	49 1
231	58	0.0	1	52 6
232	50	0.0	1	49 1
233	59	0.0	1	56 3
234	58	0.0	1	56 2
235	54	0.0	1	51 3
236	54	0.0	1	51 3
237	68	0.0	1	61 7
238	79	0.0	1	76 3
239	111	0.0	1	108 3
240	162	0.0	1	156 6
241	57	0.0	1	54 3
242	54	0.0	1	53 1
243	29	0.0	1	29
244	43	0.0	1	42 1
245	52	0.0	1	47 5
246	73	0.0	1	70 3
247	92	0.0	1	88 4
248	71	0.0	1	66 5
249	78	0.0	1	77 1
250	69	0.0	1	67 2
251	102	0.0	1	100 2
252	119	0.0	1	115 4
253	165	0.0	1	160 5
254	76	0.0	1	72 4
255	53	0.0	1	52 1
256	49	0.0	1	47 2
257	108	0.0	1	105 3
258	103	0.0	1	97 6
259	65	0.0	1	62 3
260	88	0.0	1	83 5
261	92	0.0	1	87 5
262	85	0.0	1	81 4
263	173	0.0	1	166 7
264	148	0.0	1	146 2
265	149	0.0	1	147 2
266	248	0.0	1	241 7
267	286	0.0	1	276 10
268	216	0.0	1	209 7
269	197	0.0	1	189 8
270	183	0.0	1	176 7
271	213	0.0	1	208 5
272	229	0.0	1	218 11
273	172	0.0	1	163 9
274	229	0.0	1	222 7
275	157	0.0	1	147 10
276	126	0.0	1	118 8
277	156	0.0	1	152 4
278	131	0.0	1	129 2
279	175	0.0	1	171 4
280	174	0.0	1	168 6
281	208	0.0	1	203 5
282	234	0.0	1	224 10
283	207	0.0	1	200 7
284	229	0.0	1	218 11
285	226	0.0	1	215 11
286	238	0.0	1	232 6
287	190	0.0	1	184 6
288	179	0.0	1	173 6
289	329	0.0	1	320 9
290	264	0.0	1	250 14
291	235	0.0	1	227 8
292	262	0.0	1	252 10
293	219	0.0	1	205 14
294	225	0.0	1	217 8
295	178	0.0	1	171 7
296	152	0.0	1	145 7
297	73	0.0	1	71 2
298	3	0.0	1	2 1
299	10	0.0	1	8 2
300	9644	0.0	1	9318 326


=== Second read: Adapter 2 ===

Sequence: GACTACHVGGGTATCTAATCC; Type: regular 3'; Length: 21; Trimmed: 22137 times.

No. of allowed errors:
0-9 bp: 0; 10-19 bp: 1; 20-21 bp: 2

Bases preceding removed adapters:
  A: 0.0%
  C: 0.0%
  G: 0.0%
  T: 0.0%
  none/other: 100.0%

Overview of removed sequences
length	count	expect	max.err	error counts
3	1	346.4	0	1
50	8	0.0	2	6 2
51	3	0.0	2	2 1
52	1	0.0	2	1
53	4	0.0	2	4
54	7	0.0	2	5 1 1
55	17	0.0	2	11 5 1
56	30	0.0	2	28 2
57	42	0.0	2	41 1
58	34	0.0	2	32 2
59	17	0.0	2	17
60	15	0.0	2	13 2
61	5	0.0	2	5
62	6	0.0	2	4 2
63	1	0.0	2	0 1
64	3	0.0	2	3
65	3	0.0	2	3
66	9	0.0	2	9
67	35	0.0	2	32 2 1
68	27	0.0	2	26 0 1
69	22	0.0	2	20 2
70	17	0.0	2	16 1
71	5	0.0	2	5
72	3	0.0	2	3
74	5	0.0	2	4 1
75	3	0.0	2	3
76	2	0.0	2	2
77	1	0.0	2	1
81	8	0.0	2	7 1
82	4	0.0	2	4
83	2	0.0	2	1 0 1
84	2	0.0	2	0 2
85	6	0.0	2	4 2
86	3	0.0	2	1 2
87	1	0.0	2	1
88	2	0.0	2	2
90	1	0.0	2	0 1
91	2	0.0	2	2
92	2	0.0	2	1 1
93	4	0.0	2	4
94	12	0.0	2	12
95	10	0.0	2	7 3
96	7	0.0	2	6 1
97	7	0.0	2	7
98	7	0.0	2	7
99	3	0.0	2	3
100	3	0.0	2	3
101	1	0.0	2	0 1
102	3	0.0	2	3
103	4	0.0	2	3 1
104	2	0.0	2	2
105	1	0.0	2	1
106	4	0.0	2	4
107	1	0.0	2	0 1
108	1	0.0	2	1
109	2	0.0	2	2
110	2	0.0	2	2
111	3	0.0	2	3
113	2	0.0	2	2
114	2	0.0	2	2
115	1	0.0	2	0 1
116	3	0.0	2	3
117	5	0.0	2	4 1
118	5	0.0	2	5
119	3	0.0	2	3
120	2	0.0	2	1 1
121	4	0.0	2	3 1
122	4	0.0	2	4
123	9	0.0	2	9
124	8	0.0	2	8
125	7	0.0	2	7
126	13	0.0	2	12 1
127	5	0.0	2	5
128	7	0.0	2	5 1 1
129	1	0.0	2	1
130	6	0.0	2	6
131	3	0.0	2	2 0 1
132	4	0.0	2	2 2
133	34	0.0	2	33 1
134	63	0.0	2	62 1
135	47	0.0	2	44 3
136	13	0.0	2	12 1
137	6	0.0	2	6
138	3	0.0	2	3
139	1	0.0	2	1
140	14	0.0	2	13 1
141	3	0.0	2	3
142	12	0.0	2	10 2
143	16	0.0	2	15 1
144	17	0.0	2	17
145	29	0.0	2	28 1
146	24	0.0	2	22 2
147	33	0.0	2	31 2
148	15	0.0	2	15
149	10	0.0	2	10
150	14	0.0	2	11 3
151	10	0.0	2	8 2
152	14	0.0	2	12 2
153	11	0.0	2	8 3
154	12	0.0	2	12
155	39	0.0	2	38 1
156	89	0.0	2	84 4 1
157	63	0.0	2	60 2 1
158	46	0.0	2	46
159	17	0.0	2	16 0 1
160	13	0.0	2	13
161	14	0.0	2	10 4
162	13	0.0	2	13
163	9	0.0	2	9
164	22	0.0	2	18 4
165	23	0.0	2	21 2
166	20	0.0	2	20
167	50	0.0	2	46 3 1
168	38	0.0	2	35 3
169	42	0.0	2	42
170	30	0.0	2	26 3 1
171	27	0.0	2	25 2
172	28	0.0	2	27 0 1
173	41	0.0	2	38 3
174	58	0.0	2	57 1
175	42	0.0	2	42
176	60	0.0	2	56 4
177	49	0.0	2	49
178	41	0.0	2	38 3
179	42	0.0	2	39 3
180	51	0.0	2	49 2
181	16	0.0	2	14 2
182	18	0.0	2	17 1
183	16	0.0	2	16
184	24	0.0	2	20 2 2
185	36	0.0	2	33 3
186	28	0.0	2	25 3
187	28	0.0	2	26 2
188	9	0.0	2	8 1
189	27	0.0	2	25 1 1
190	73	0.0	2	70 3
191	81	0.0	2	75 6
192	93	0.0	2	91 2
193	117	0.0	2	111 6
194	126	0.0	2	121 5
195	103	0.0	2	96 5 2
196	28	0.0	2	24 4
197	18	0.0	2	16 1 1
198	21	0.0	2	20 1
199	50	0.0	2	46 4
200	73	0.0	2	72 1
201	42	0.0	2	40 1 1
202	94	0.0	2	90 4
203	161	0.0	2	155 6
204	79	0.0	2	74 5
205	135	0.0	2	125 10
206	93	0.0	2	84 8 1
207	119	0.0	2	114 4 1
208	51	0.0	2	45 6
209	99	0.0	2	97 1 1
210	84	0.0	2	79 5
211	193	0.0	2	184 9
212	127	0.0	2	119 8
213	176	0.0	2	169 7
214	144	0.0	2	136 8
215	90	0.0	2	85 5
216	69	0.0	2	67 1 1
217	30	0.0	2	30
218	18	0.0	2	12 6
219	115	0.0	2	113 2
220	65	0.0	2	62 3
221	47	0.0	2	44 3
222	216	0.0	2	207 8 1
223	307	0.0	2	303 4
224	143	0.0	2	133 8 2
225	306	0.0	2	293 12 1
226	300	0.0	2	295 3 2
227	463	0.0	2	443 18 2
228	114	0.0	2	105 9
229	283	0.0	2	269 13 1
230	101	0.0	2	92 7 2
231	85	0.0	2	78 6 1
232	51	0.0	2	47 3 1
233	108	0.0	2	100 7 1
234	221	0.0	2	214 7
235	81	0.0	2	77 2 2
236	40	0.0	2	38 2
237	4	0.0	2	3 1
238	7	0.0	2	6 0 1
239	30	0.0	2	17 10 3
240	301	0.0	2	281 19 1
241	609	0.0	2	586 23
242	448	0.0	2	439 9
243	349	0.0	2	338 11
244	195	0.0	2	187 8
245	98	0.0	2	95 3
246	47	0.0	2	44 3
247	36	0.0	2	34 2
248	42	0.0	2	38 4
249	233	0.0	2	222 11
250	681	0.0	2	658 22 1
251	671	0.0	2	657 13 1
252	207	0.0	2	200 6 1
253	97	0.0	2	91 6
254	177	0.0	2	165 11 1
255	113	0.0	2	100 13
256	430	0.0	2	417 13
257	248	0.0	2	241 6 1
258	260	0.0	2	249 11
259	283	0.0	2	269 14
260	295	0.0	2	287 8
261	146	0.0	2	141 5
262	199	0.0	2	195 3 1
263	117	0.0	2	115 2
264	56	0.0	2	53 3
265	76	0.0	2	71 4 1
266	267	0.0	2	264 3
267	280	0.0	2	270 10
268	183	0.0	2	177 6
269	302	0.0	2	296 6
270	284	0.0	2	275 8 1
271	334	0.0	2	331 3
272	53	0.0	2	52 1
273	60	0.0	2	53 6 1
274	111	0.0	2	105 5 1
275	36	0.0	2	35 1
276	45	0.0	2	40 5
277	489	0.0	2	481 8
278	192	0.0	2	185 7
279	241	0.0	2	241
280	399	0.0	2	390 9
281	134	0.0	2	131 3
282	228	0.0	2	220 8
283	173	0.0	2	170 3
284	101	0.0	2	99 2
285	136	0.0	2	132 4
286	53	0.0	2	53
287	194	0.0	2	191 3
288	41	0.0	2	39 2
289	395	0.0	2	379 16
290	35	0.0	2	33 2
291	235	0.0	2	231 3 1
292	272	0.0	2	268 4
293	210	0.0	2	206 4
294	64	0.0	2	64
295	19	0.0	2	18 1
296	2	0.0	2	2
297	7	0.0	2	7
300	2374	0.0	2	2328 45 1
