This is cutadapt 2.6 with Python 3.7.16
Command line parameters: -a CCTACGGGNGGCWGCAG -A GACTACHVGGGTATCTAATCC -o trimmed_reads/Bact-24_S23_R1_trimmed.fastq.gz -p trimmed_reads/Bact-24_S23_R2_trimmed.fastq.gz clean_reads/Bact-24_S23_R1_clean.fastq.gz clean_reads/Bact-24_S23_R2_clean.fastq.gz
Processing reads on 1 core in paired-end mode ...
Finished in 0.66 s (34 us/read; 1.74 M reads/minute).

=== Summary ===

Total read pairs processed:             19,154
  Read 1 with adapter:                  19,112 (99.8%)
  Read 2 with adapter:                  19,125 (99.8%)
Pairs written (passing filters):        19,154 (100.0%)

Total basepairs processed:     9,829,858 bp
  Read 1:     5,141,295 bp
  Read 2:     4,688,563 bp
Total written (filtered):         16,786 bp (0.2%)
  Read 1:        11,740 bp
  Read 2:         5,046 bp

=== First read: Adapter 1 ===

Sequence: CCTACGGGNGGCWGCAG; Type: regular 3'; Length: 17; Trimmed: 19112 times.

No. of allowed errors:
0-9 bp: 0; 10-16 bp: 1

Bases preceding removed adapters:
  A: 0.0%
  C: 0.0%
  G: 0.1%
  T: 0.0%
  none/other: 99.9%

Overview of removed sequences
length	count	expect	max.err	error counts
8	1	0.3	0	1
50	9	0.0	1	7 2
51	10	0.0	1	10
52	2	0.0	1	2
53	1	0.0	1	1
54	4	0.0	1	4
55	9	0.0	1	9
56	1	0.0	1	1
57	5	0.0	1	3 2
59	2	0.0	1	2
60	1	0.0	1	1
61	1	0.0	1	1
63	1	0.0	1	1
64	2	0.0	1	2
65	3	0.0	1	3
66	5	0.0	1	5
67	12	0.0	1	12
68	8	0.0	1	7 1
69	9	0.0	1	9
70	3	0.0	1	3
71	4	0.0	1	4
72	3	0.0	1	3
73	4	0.0	1	4
74	4	0.0	1	4
75	1	0.0	1	0 1
76	9	0.0	1	9
77	13	0.0	1	13
78	21	0.0	1	21
79	10	0.0	1	10
80	4	0.0	1	4
81	5	0.0	1	5
82	5	0.0	1	5
83	3	0.0	1	3
84	4	0.0	1	4
85	9	0.0	1	9
86	3	0.0	1	3
87	12	0.0	1	12
88	3	0.0	1	3
90	1	0.0	1	1
91	4	0.0	1	4
92	11	0.0	1	10 1
93	5	0.0	1	5
94	6	0.0	1	6
95	2	0.0	1	2
96	2	0.0	1	2
97	4	0.0	1	3 1
98	5	0.0	1	5
99	19	0.0	1	19
100	19	0.0	1	18 1
101	22	0.0	1	22
102	9	0.0	1	9
103	6	0.0	1	6
104	9	0.0	1	8 1
105	4	0.0	1	4
106	8	0.0	1	8
107	6	0.0	1	6
108	10	0.0	1	10
109	2	0.0	1	2
110	4	0.0	1	4
111	16	0.0	1	15 1
112	31	0.0	1	31
113	33	0.0	1	32 1
114	26	0.0	1	26
115	29	0.0	1	29
116	22	0.0	1	22
117	27	0.0	1	27
118	14	0.0	1	14
119	16	0.0	1	16
120	10	0.0	1	10
121	22	0.0	1	22
122	18	0.0	1	17 1
123	14	0.0	1	13 1
124	10	0.0	1	10
125	16	0.0	1	16
126	13	0.0	1	13
127	12	0.0	1	12
128	32	0.0	1	32
129	6	0.0	1	6
130	10	0.0	1	10
131	11	0.0	1	11
132	6	0.0	1	6
133	12	0.0	1	12
134	10	0.0	1	9 1
135	9	0.0	1	9
136	13	0.0	1	13
137	6	0.0	1	5 1
138	6	0.0	1	6
139	11	0.0	1	9 2
140	6	0.0	1	6
141	7	0.0	1	7
142	7	0.0	1	6 1
143	8	0.0	1	7 1
144	8	0.0	1	8
145	11	0.0	1	11
146	12	0.0	1	12
147	11	0.0	1	11
148	10	0.0	1	10
149	7	0.0	1	6 1
150	9	0.0	1	9
151	12	0.0	1	12
152	3	0.0	1	3
153	6	0.0	1	5 1
154	6	0.0	1	5 1
155	12	0.0	1	12
156	5	0.0	1	5
157	12	0.0	1	10 2
158	10	0.0	1	10
159	5	0.0	1	5
160	8	0.0	1	7 1
161	12	0.0	1	12
162	8	0.0	1	8
163	19	0.0	1	18 1
164	4	0.0	1	4
165	12	0.0	1	11 1
166	7	0.0	1	7
167	8	0.0	1	6 2
168	20	0.0	1	20
169	15	0.0	1	14 1
170	16	0.0	1	16
171	19	0.0	1	18 1
172	37	0.0	1	33 4
173	25	0.0	1	25
174	14	0.0	1	14
175	15	0.0	1	15
176	10	0.0	1	10
177	13	0.0	1	13
178	12	0.0	1	12
179	11	0.0	1	11
180	12	0.0	1	11 1
181	7	0.0	1	7
182	18	0.0	1	18
183	16	0.0	1	16
184	10	0.0	1	10
185	12	0.0	1	10 2
186	21	0.0	1	20 1
187	18	0.0	1	18
188	11	0.0	1	10 1
189	16	0.0	1	15 1
190	17	0.0	1	17
191	14	0.0	1	14
192	16	0.0	1	16
193	15	0.0	1	14 1
194	16	0.0	1	16
195	23	0.0	1	23
196	27	0.0	1	25 2
197	24	0.0	1	23 1
198	32	0.0	1	31 1
199	23	0.0	1	22 1
200	19	0.0	1	18 1
201	31	0.0	1	30 1
202	22	0.0	1	21 1
203	18	0.0	1	17 1
204	17	0.0	1	17
205	21	0.0	1	21
206	24	0.0	1	23 1
207	20	0.0	1	20
208	27	0.0	1	26 1
209	36	0.0	1	36
210	38	0.0	1	36 2
211	27	0.0	1	27
212	40	0.0	1	39 1
213	34	0.0	1	34
214	33	0.0	1	31 2
215	33	0.0	1	33
216	32	0.0	1	30 2
217	32	0.0	1	31 1
218	42	0.0	1	41 1
219	75	0.0	1	73 2
220	36	0.0	1	35 1
221	32	0.0	1	31 1
222	39	0.0	1	39
223	48	0.0	1	48
224	42	0.0	1	40 2
225	34	0.0	1	33 1
226	25	0.0	1	25
227	54	0.0	1	53 1
228	49	0.0	1	48 1
229	54	0.0	1	51 3
230	47	0.0	1	47
231	51	0.0	1	49 2
232	52	0.0	1	49 3
233	61	0.0	1	58 3
234	59	0.0	1	57 2
235	71	0.0	1	68 3
236	38	0.0	1	35 3
237	63	0.0	1	62 1
238	74	0.0	1	72 2
239	106	0.0	1	100 6
240	158	0.0	1	151 7
241	51	0.0	1	48 3
242	46	0.0	1	44 2
243	34	0.0	1	32 2
244	66	0.0	1	63 3
245	49	0.0	1	47 2
246	67	0.0	1	66 1
247	89	0.0	1	85 4
248	90	0.0	1	89 1
249	64	0.0	1	63 1
250	56	0.0	1	55 1
251	101	0.0	1	96 5
252	117	0.0	1	112 5
253	153	0.0	1	147 6
254	73	0.0	1	72 1
255	51	0.0	1	51
256	56	0.0	1	53 3
257	123	0.0	1	121 2
258	116	0.0	1	113 3
259	81	0.0	1	79 2
260	89	0.0	1	86 3
261	102	0.0	1	98 4
262	99	0.0	1	98 1
263	175	0.0	1	172 3
264	166	0.0	1	161 5
265	143	0.0	1	140 3
266	201	0.0	1	198 3
267	253	0.0	1	244 9
268	183	0.0	1	169 14
269	171	0.0	1	167 4
270	156	0.0	1	150 6
271	191	0.0	1	183 8
272	184	0.0	1	181 3
273	131	0.0	1	126 5
274	238	0.0	1	231 7
275	131	0.0	1	127 4
276	116	0.0	1	115 1
277	162	0.0	1	158 4
278	134	0.0	1	130 4
279	174	0.0	1	165 9
280	124	0.0	1	120 4
281	175	0.0	1	167 8
282	181	0.0	1	176 5
283	180	0.0	1	173 7
284	207	0.0	1	202 5
285	212	0.0	1	206 6
286	201	0.0	1	192 9
287	169	0.0	1	162 7
288	135	0.0	1	133 2
289	286	0.0	1	275 11
290	220	0.0	1	215 5
291	198	0.0	1	189 9
292	234	0.0	1	226 8
293	147	0.0	1	144 3
294	203	0.0	1	198 5
295	160	0.0	1	154 6
296	148	0.0	1	141 7
297	67	0.0	1	66 1
298	5	0.0	1	5
299	3	0.0	1	2 1
300	7736	0.0	1	7496 240


=== Second read: Adapter 2 ===

Sequence: GACTACHVGGGTATCTAATCC; Type: regular 3'; Length: 21; Trimmed: 19125 times.

No. of allowed errors:
0-9 bp: 0; 10-19 bp: 1; 20-21 bp: 2

Bases preceding removed adapters:
  A: 0.0%
  C: 0.0%
  G: 0.0%
  T: 0.0%
  none/other: 100.0%

Overview of removed sequences
length	count	expect	max.err	error counts
50	5	0.0	2	2 2 1
51	3	0.0	2	0 3
52	3	0.0	2	1 2
53	1	0.0	2	1
54	2	0.0	2	2
55	10	0.0	2	7 3
56	16	0.0	2	14 2
57	26	0.0	2	26
58	19	0.0	2	19
59	21	0.0	2	18 3
60	3	0.0	2	3
61	5	0.0	2	4 0 1
62	6	0.0	2	5 1
64	3	0.0	2	1 2
65	5	0.0	2	4 1
66	2	0.0	2	2
67	22	0.0	2	22
68	28	0.0	2	27 1
69	17	0.0	2	17
70	5	0.0	2	4 0 1
71	3	0.0	2	2 1
72	2	0.0	2	2
73	3	0.0	2	3
74	1	0.0	2	0 1
75	5	0.0	2	4 1
77	1	0.0	2	1
78	3	0.0	2	3
79	2	0.0	2	2
81	3	0.0	2	3
82	4	0.0	2	2 2
83	7	0.0	2	7
84	2	0.0	2	1 1
85	1	0.0	2	0 0 1
86	5	0.0	2	5
87	4	0.0	2	4
88	1	0.0	2	1
89	3	0.0	2	2 1
90	4	0.0	2	4
91	1	0.0	2	1
93	9	0.0	2	9
94	6	0.0	2	6
95	6	0.0	2	6
96	3	0.0	2	3
97	7	0.0	2	5 2
98	5	0.0	2	3 1 1
99	6	0.0	2	6
100	2	0.0	2	2
101	3	0.0	2	3
102	1	0.0	2	0 1
103	3	0.0	2	1 2
104	1	0.0	2	1
106	1	0.0	2	0 1
107	1	0.0	2	1
108	3	0.0	2	3
109	1	0.0	2	1
112	1	0.0	2	1
113	2	0.0	2	2
115	3	0.0	2	2 1
116	3	0.0	2	2 1
117	3	0.0	2	2 1
118	11	0.0	2	9 2
119	2	0.0	2	1 1
120	4	0.0	2	4
121	3	0.0	2	3
122	4	0.0	2	3 1
123	5	0.0	2	5
124	8	0.0	2	8
125	10	0.0	2	10
126	10	0.0	2	8 2
127	4	0.0	2	3 1
128	1	0.0	2	1
129	1	0.0	2	1
130	2	0.0	2	2
131	3	0.0	2	3
132	4	0.0	2	4
133	24	0.0	2	23 1
134	57	0.0	2	56 1
135	34	0.0	2	33 1
136	14	0.0	2	14
137	1	0.0	2	1
138	3	0.0	2	3
139	2	0.0	2	1 1
140	9	0.0	2	9
141	2	0.0	2	1 1
142	5	0.0	2	5
143	14	0.0	2	13 1
144	16	0.0	2	15 1
145	27	0.0	2	24 3
146	25	0.0	2	22 3
147	25	0.0	2	24 1
148	11	0.0	2	8 2 1
149	6	0.0	2	6
150	15	0.0	2	14 1
151	3	0.0	2	3
152	10	0.0	2	9 1
153	7	0.0	2	6 1
154	10	0.0	2	10
155	37	0.0	2	34 3
156	53	0.0	2	51 2
157	46	0.0	2	42 4
158	46	0.0	2	45 1
159	19	0.0	2	17 2
160	11	0.0	2	10 1
161	9	0.0	2	9
162	6	0.0	2	6
163	15	0.0	2	12 3
164	16	0.0	2	16
165	15	0.0	2	14 1
166	19	0.0	2	19
167	27	0.0	2	26 1
168	13	0.0	2	13
169	28	0.0	2	27 0 1
170	32	0.0	2	29 3
171	29	0.0	2	29
172	20	0.0	2	16 4
173	45	0.0	2	42 3
174	46	0.0	2	45 1
175	38	0.0	2	36 2
176	34	0.0	2	32 2
177	48	0.0	2	48
178	35	0.0	2	35
179	34	0.0	2	32 1 1
180	45	0.0	2	43 2
181	15	0.0	2	14 1
182	14	0.0	2	13 1
183	11	0.0	2	11
184	11	0.0	2	10 1
185	37	0.0	2	36 1
186	35	0.0	2	34 1
187	21	0.0	2	21
188	11	0.0	2	9 2
189	24	0.0	2	23 1
190	54	0.0	2	52 2
191	69	0.0	2	68 1
192	78	0.0	2	73 4 1
193	82	0.0	2	82
194	104	0.0	2	100 4
195	100	0.0	2	95 4 1
196	23	0.0	2	22 0 1
197	17	0.0	2	14 3
198	18	0.0	2	16 2
199	48	0.0	2	44 4
200	78	0.0	2	76 2
201	40	0.0	2	37 3
202	101	0.0	2	96 4 1
203	158	0.0	2	151 7
204	82	0.0	2	76 5 1
205	131	0.0	2	123 7 1
206	110	0.0	2	100 9 1
207	123	0.0	2	117 6
208	39	0.0	2	33 6
209	102	0.0	2	102
210	78	0.0	2	72 5 1
211	161	0.0	2	154 6 1
212	108	0.0	2	105 2 1
213	140	0.0	2	135 4 1
214	99	0.0	2	96 2 1
215	76	0.0	2	73 2 1
216	61	0.0	2	59 2
217	21	0.0	2	21
218	15	0.0	2	12 3
219	82	0.0	2	80 2
220	43	0.0	2	41 2
221	44	0.0	2	36 8
222	182	0.0	2	177 5
223	254	0.0	2	247 6 1
224	139	0.0	2	132 7
225	277	0.0	2	268 7 2
226	289	0.0	2	280 9
227	407	0.0	2	397 8 2
228	120	0.0	2	112 8
229	277	0.0	2	271 6
230	81	0.0	2	73 8
231	75	0.0	2	72 3
232	49	0.0	2	48 1
233	89	0.0	2	80 9
234	173	0.0	2	168 4 1
235	65	0.0	2	63 2
236	25	0.0	2	24 1
237	4	0.0	2	4
238	6	0.0	2	4 0 2
239	16	0.0	2	8 7 1
240	255	0.0	2	243 10 2
241	513	0.0	2	501 11 1
242	372	0.0	2	364 8
243	311	0.0	2	301 10
244	153	0.0	2	147 6
245	105	0.0	2	102 2 1
246	42	0.0	2	39 3
247	31	0.0	2	28 3
248	32	0.0	2	29 3
249	183	0.0	2	176 6 1
250	576	0.0	2	556 18 2
251	619	0.0	2	600 19
252	176	0.0	2	174 2
253	60	0.0	2	58 2
254	149	0.0	2	139 10
255	97	0.0	2	92 4 1
256	409	0.0	2	395 14
257	243	0.0	2	229 13 1
258	293	0.0	2	286 7
259	242	0.0	2	237 5
260	232	0.0	2	229 3
261	149	0.0	2	144 5
262	183	0.0	2	181 2
263	111	0.0	2	109 2
264	43	0.0	2	40 3
265	66	0.0	2	59 6 1
266	216	0.0	2	210 6
267	288	0.0	2	284 3 1
268	170	0.0	2	163 7
269	258	0.0	2	254 4
270	259	0.0	2	249 10
271	290	0.0	2	284 6
272	57	0.0	2	53 3 1
273	48	0.0	2	44 4
274	99	0.0	2	97 2
275	16	0.0	2	16
276	22	0.0	2	20 2
277	385	0.0	2	375 10
278	161	0.0	2	158 3
279	230	0.0	2	225 5
280	320	0.0	2	311 9
281	118	0.0	2	115 3
282	183	0.0	2	179 4
283	144	0.0	2	142 2
284	100	0.0	2	99 1
285	115	0.0	2	114 1
286	59	0.0	2	56 3
287	155	0.0	2	153 1 1
288	43	0.0	2	42 1
289	337	0.0	2	331 6
290	29	0.0	2	28 1
291	202	0.0	2	200 2
292	247	0.0	2	240 7
293	166	0.0	2	163 3
294	71	0.0	2	69 2
295	13	0.0	2	13
297	8	0.0	2	8
300	1994	0.0	2	1961 33
