This is cutadapt 2.6 with Python 3.7.16
Command line parameters: -a CCTACGGGNGGCWGCAG -A GACTACHVGGGTATCTAATCC -o trimmed_reads/Bact-33_S32_R1_trimmed.fastq.gz -p trimmed_reads/Bact-33_S32_R2_trimmed.fastq.gz clean_reads/Bact-33_S32_R1_clean.fastq.gz clean_reads/Bact-33_S32_R2_clean.fastq.gz
Processing reads on 1 core in paired-end mode ...
Finished in 0.61 s (34 us/read; 1.79 M reads/minute).

=== Summary ===

Total read pairs processed:             18,277
  Read 1 with adapter:                  18,231 (99.7%)
  Read 2 with adapter:                  18,245 (99.8%)
Pairs written (passing filters):        18,277 (100.0%)

Total basepairs processed:     9,285,034 bp
  Read 1:     4,933,285 bp
  Read 2:     4,351,749 bp
Total written (filtered):         19,324 bp (0.2%)
  Read 1:        12,662 bp
  Read 2:         6,662 bp

=== First read: Adapter 1 ===

Sequence: CCTACGGGNGGCWGCAG; Type: regular 3'; Length: 17; Trimmed: 18231 times.

No. of allowed errors:
0-9 bp: 0; 10-16 bp: 1

Bases preceding removed adapters:
  A: 0.0%
  C: 0.0%
  G: 0.0%
  T: 0.0%
  none/other: 99.9%

Overview of removed sequences
length	count	expect	max.err	error counts
50	5	0.0	1	5
51	7	0.0	1	6 1
52	2	0.0	1	2
53	2	0.0	1	1 1
54	4	0.0	1	4
55	7	0.0	1	7
56	3	0.0	1	2 1
57	2	0.0	1	2
59	3	0.0	1	3
60	4	0.0	1	4
61	2	0.0	1	2
62	2	0.0	1	2
64	1	0.0	1	1
65	3	0.0	1	3
66	11	0.0	1	11
67	8	0.0	1	5 3
68	4	0.0	1	4
69	2	0.0	1	2
70	4	0.0	1	4
71	1	0.0	1	1
72	1	0.0	1	1
73	5	0.0	1	5
74	6	0.0	1	6
76	5	0.0	1	5
77	5	0.0	1	5
78	7	0.0	1	7
79	6	0.0	1	6
80	7	0.0	1	6 1
81	5	0.0	1	5
82	6	0.0	1	6
83	2	0.0	1	2
84	2	0.0	1	2
85	11	0.0	1	10 1
86	3	0.0	1	3
87	13	0.0	1	13
88	2	0.0	1	2
89	1	0.0	1	1
91	9	0.0	1	8 1
92	5	0.0	1	4 1
93	10	0.0	1	10
94	11	0.0	1	11
95	1	0.0	1	1
96	8	0.0	1	8
97	5	0.0	1	5
98	5	0.0	1	5
99	17	0.0	1	17
100	24	0.0	1	21 3
101	21	0.0	1	21
102	10	0.0	1	10
103	7	0.0	1	7
104	4	0.0	1	4
105	5	0.0	1	4 1
106	3	0.0	1	2 1
107	4	0.0	1	4
108	8	0.0	1	7 1
109	4	0.0	1	4
110	2	0.0	1	2
111	11	0.0	1	11
112	19	0.0	1	19
113	17	0.0	1	17
114	22	0.0	1	21 1
115	19	0.0	1	18 1
116	29	0.0	1	29
117	29	0.0	1	28 1
118	14	0.0	1	13 1
119	13	0.0	1	12 1
120	17	0.0	1	15 2
121	14	0.0	1	13 1
122	20	0.0	1	20
123	22	0.0	1	20 2
124	9	0.0	1	9
125	14	0.0	1	14
126	15	0.0	1	15
127	16	0.0	1	16
128	49	0.0	1	47 2
129	9	0.0	1	9
130	16	0.0	1	16
131	6	0.0	1	6
132	7	0.0	1	7
133	5	0.0	1	5
134	8	0.0	1	8
135	12	0.0	1	12
136	17	0.0	1	17
137	9	0.0	1	8 1
138	7	0.0	1	6 1
139	6	0.0	1	6
140	10	0.0	1	8 2
141	9	0.0	1	9
142	9	0.0	1	9
143	9	0.0	1	9
144	8	0.0	1	8
145	7	0.0	1	6 1
146	20	0.0	1	20
147	7	0.0	1	7
148	5	0.0	1	4 1
149	8	0.0	1	8
150	15	0.0	1	15
151	7	0.0	1	7
152	5	0.0	1	5
153	7	0.0	1	6 1
154	8	0.0	1	8
155	5	0.0	1	5
156	11	0.0	1	10 1
157	3	0.0	1	3
158	6	0.0	1	6
159	2	0.0	1	2
160	16	0.0	1	16
161	6	0.0	1	6
162	9	0.0	1	8 1
163	16	0.0	1	16
164	7	0.0	1	7
165	15	0.0	1	14 1
166	10	0.0	1	10
167	8	0.0	1	8
168	17	0.0	1	17
169	25	0.0	1	25
170	17	0.0	1	17
171	15	0.0	1	15
172	23	0.0	1	23
173	22	0.0	1	20 2
174	13	0.0	1	13
175	16	0.0	1	16
176	6	0.0	1	6
177	11	0.0	1	11
178	8	0.0	1	7 1
179	13	0.0	1	12 1
180	8	0.0	1	8
181	8	0.0	1	8
182	13	0.0	1	13
183	10	0.0	1	10
184	17	0.0	1	17
185	16	0.0	1	16
186	9	0.0	1	9
187	28	0.0	1	26 2
188	14	0.0	1	14
189	9	0.0	1	9
190	23	0.0	1	23
191	16	0.0	1	15 1
192	14	0.0	1	14
193	23	0.0	1	23
194	21	0.0	1	20 1
195	20	0.0	1	19 1
196	24	0.0	1	24
197	26	0.0	1	26
198	24	0.0	1	24
199	27	0.0	1	27
200	18	0.0	1	17 1
201	19	0.0	1	19
202	14	0.0	1	12 2
203	13	0.0	1	11 2
204	17	0.0	1	17
205	13	0.0	1	12 1
206	15	0.0	1	15
207	24	0.0	1	24
208	25	0.0	1	24 1
209	27	0.0	1	27
210	18	0.0	1	17 1
211	22	0.0	1	21 1
212	24	0.0	1	24
213	22	0.0	1	21 1
214	25	0.0	1	24 1
215	26	0.0	1	26
216	9	0.0	1	8 1
217	39	0.0	1	39
218	52	0.0	1	50 2
219	67	0.0	1	66 1
220	22	0.0	1	21 1
221	31	0.0	1	31
222	32	0.0	1	31 1
223	27	0.0	1	26 1
224	36	0.0	1	35 1
225	24	0.0	1	23 1
226	42	0.0	1	41 1
227	42	0.0	1	37 5
228	58	0.0	1	57 1
229	44	0.0	1	44
230	44	0.0	1	43 1
231	34	0.0	1	32 2
232	34	0.0	1	31 3
233	50	0.0	1	48 2
234	47	0.0	1	45 2
235	57	0.0	1	56 1
236	52	0.0	1	50 2
237	52	0.0	1	51 1
238	94	0.0	1	86 8
239	110	0.0	1	109 1
240	120	0.0	1	109 11
241	60	0.0	1	59 1
242	30	0.0	1	29 1
243	21	0.0	1	18 3
244	41	0.0	1	39 2
245	34	0.0	1	34
246	53	0.0	1	50 3
247	82	0.0	1	82
248	72	0.0	1	69 3
249	55	0.0	1	54 1
250	50	0.0	1	49 1
251	89	0.0	1	88 1
252	93	0.0	1	91 2
253	197	0.0	1	193 4
254	72	0.0	1	69 3
255	44	0.0	1	43 1
256	65	0.0	1	64 1
257	79	0.0	1	77 2
258	77	0.0	1	71 6
259	54	0.0	1	50 4
260	80	0.0	1	77 3
261	96	0.0	1	92 4
262	103	0.0	1	99 4
263	148	0.0	1	144 4
264	140	0.0	1	137 3
265	102	0.0	1	98 4
266	179	0.0	1	169 10
267	241	0.0	1	233 8
268	161	0.0	1	158 3
269	144	0.0	1	139 5
270	155	0.0	1	150 5
271	188	0.0	1	184 4
272	242	0.0	1	232 10
273	140	0.0	1	136 4
274	185	0.0	1	179 6
275	137	0.0	1	131 6
276	105	0.0	1	105
277	158	0.0	1	155 3
278	105	0.0	1	103 2
279	135	0.0	1	128 7
280	118	0.0	1	114 4
281	176	0.0	1	170 6
282	139	0.0	1	133 6
283	187	0.0	1	184 3
284	178	0.0	1	171 7
285	182	0.0	1	175 7
286	198	0.0	1	194 4
287	183	0.0	1	178 5
288	136	0.0	1	128 8
289	276	0.0	1	270 6
290	156	0.0	1	149 7
291	172	0.0	1	166 6
292	224	0.0	1	218 6
293	155	0.0	1	146 9
294	224	0.0	1	215 9
295	150	0.0	1	144 6
296	131	0.0	1	124 7
297	61	0.0	1	58 3
298	4	0.0	1	4
299	4	0.0	1	3 1
300	7862	0.0	1	7626 236


=== Second read: Adapter 2 ===

Sequence: GACTACHVGGGTATCTAATCC; Type: regular 3'; Length: 21; Trimmed: 18245 times.

No. of allowed errors:
0-9 bp: 0; 10-19 bp: 1; 20-21 bp: 2

Bases preceding removed adapters:
  A: 0.0%
  C: 0.0%
  G: 0.0%
  T: 0.0%
  none/other: 100.0%

Overview of removed sequences
length	count	expect	max.err	error counts
50	6	0.0	2	4 1 1
51	2	0.0	2	1 1
52	4	0.0	2	4
53	2	0.0	2	1 0 1
54	7	0.0	2	4 3
55	10	0.0	2	9 1
56	28	0.0	2	28
57	32	0.0	2	31 1
58	25	0.0	2	22 2 1
59	8	0.0	2	6 1 1
60	14	0.0	2	14
61	4	0.0	2	4
62	3	0.0	2	3
63	4	0.0	2	4
64	2	0.0	2	2
65	5	0.0	2	4 1
66	8	0.0	2	8
67	20	0.0	2	19 1
68	16	0.0	2	14 2
69	21	0.0	2	21
70	12	0.0	2	10 2
71	1	0.0	2	1
72	1	0.0	2	1
73	3	0.0	2	3
74	4	0.0	2	4
75	3	0.0	2	3
78	1	0.0	2	1
79	1	0.0	2	0 1
80	1	0.0	2	1
81	6	0.0	2	5 1
82	4	0.0	2	3 1
83	3	0.0	2	2 1
84	1	0.0	2	1
86	7	0.0	2	5 2
87	1	0.0	2	1
88	1	0.0	2	1
89	1	0.0	2	1
90	3	0.0	2	1 1 1
91	2	0.0	2	1 1
92	4	0.0	2	4
93	9	0.0	2	8 1
94	9	0.0	2	9
95	11	0.0	2	11
96	4	0.0	2	2 2
97	6	0.0	2	5 1
98	9	0.0	2	9
99	9	0.0	2	7 2
100	4	0.0	2	3 1
101	5	0.0	2	4 1
102	4	0.0	2	3 1
103	1	0.0	2	1
104	3	0.0	2	2 1
105	1	0.0	2	1
107	1	0.0	2	1
108	1	0.0	2	1
109	2	0.0	2	2
110	1	0.0	2	1
111	1	0.0	2	1
113	1	0.0	2	1
114	1	0.0	2	1
115	2	0.0	2	2
116	2	0.0	2	2
117	2	0.0	2	1 1
118	4	0.0	2	3 1
119	1	0.0	2	1
120	1	0.0	2	1
121	7	0.0	2	7
122	1	0.0	2	1
123	11	0.0	2	11
124	5	0.0	2	5
125	12	0.0	2	10 2
126	5	0.0	2	4 0 1
127	8	0.0	2	7 1
128	6	0.0	2	6
129	3	0.0	2	2 1
130	3	0.0	2	3
132	4	0.0	2	4
133	52	0.0	2	48 3 1
134	61	0.0	2	60 1
135	47	0.0	2	45 2
136	17	0.0	2	15 2
137	4	0.0	2	4
139	3	0.0	2	1 2
140	22	0.0	2	21 1
141	1	0.0	2	1
142	11	0.0	2	8 3
143	19	0.0	2	17 2
144	29	0.0	2	28 0 1
145	26	0.0	2	22 3 1
146	21	0.0	2	17 4
147	26	0.0	2	26
148	14	0.0	2	13 1
149	5	0.0	2	5
150	8	0.0	2	7 1
151	3	0.0	2	3
152	13	0.0	2	11 1 1
153	10	0.0	2	9 1
154	9	0.0	2	9
155	45	0.0	2	43 2
156	100	0.0	2	96 4
157	50	0.0	2	47 3
158	33	0.0	2	32 1
159	37	0.0	2	35 2
160	16	0.0	2	15 0 1
161	17	0.0	2	17
162	15	0.0	2	15
163	15	0.0	2	14 1
164	25	0.0	2	24 1
165	15	0.0	2	14 1
166	23	0.0	2	23
167	44	0.0	2	40 4
168	35	0.0	2	34 1
169	59	0.0	2	58 1
170	40	0.0	2	39 1
171	45	0.0	2	43 2
172	34	0.0	2	33 1
173	46	0.0	2	45 1
174	45	0.0	2	42 3
175	37	0.0	2	34 2 1
176	36	0.0	2	34 0 2
177	38	0.0	2	36 2
178	27	0.0	2	26 1
179	42	0.0	2	38 4
180	37	0.0	2	35 2
181	15	0.0	2	14 1
182	14	0.0	2	11 3
183	17	0.0	2	17
184	20	0.0	2	18 2
185	32	0.0	2	32
186	55	0.0	2	51 4
187	37	0.0	2	32 5
188	8	0.0	2	6 0 2
189	36	0.0	2	33 2 1
190	106	0.0	2	102 4
191	89	0.0	2	85 4
192	110	0.0	2	105 4 1
193	113	0.0	2	109 4
194	135	0.0	2	131 3 1
195	128	0.0	2	121 7
196	52	0.0	2	51 1
197	28	0.0	2	28
198	26	0.0	2	24 2
199	36	0.0	2	36
200	84	0.0	2	82 2
201	37	0.0	2	31 5 1
202	114	0.0	2	108 6
203	192	0.0	2	181 10 1
204	101	0.0	2	92 6 3
205	147	0.0	2	143 4
206	111	0.0	2	95 14 2
207	126	0.0	2	119 7
208	53	0.0	2	46 6 1
209	73	0.0	2	69 4
210	93	0.0	2	91 1 1
211	171	0.0	2	163 8
212	118	0.0	2	116 1 1
213	152	0.0	2	146 6
214	113	0.0	2	108 4 1
215	64	0.0	2	60 3 1
216	62	0.0	2	60 1 1
217	16	0.0	2	15 1
218	13	0.0	2	5 8
219	84	0.0	2	81 3
220	51	0.0	2	51
221	47	0.0	2	44 2 1
222	211	0.0	2	193 17 1
223	259	0.0	2	254 4 1
224	112	0.0	2	102 10
225	370	0.0	2	359 11
226	222	0.0	2	214 8
227	458	0.0	2	447 11
228	92	0.0	2	85 7
229	332	0.0	2	323 9
230	98	0.0	2	89 8 1
231	136	0.0	2	135 1
232	67	0.0	2	64 3
233	87	0.0	2	82 4 1
234	194	0.0	2	192 2
235	51	0.0	2	49 2
236	32	0.0	2	31 0 1
237	4	0.0	2	3 1
238	6	0.0	2	4 0 2
239	22	0.0	2	8 13 1
240	278	0.0	2	254 23 1
241	494	0.0	2	481 12 1
242	363	0.0	2	354 9
243	332	0.0	2	323 8 1
244	143	0.0	2	140 3
245	123	0.0	2	119 4
246	45	0.0	2	43 2
247	20	0.0	2	20
248	39	0.0	2	39
249	164	0.0	2	154 8 2
250	507	0.0	2	488 19
251	598	0.0	2	578 20
252	154	0.0	2	151 2 1
253	69	0.0	2	68 1
254	140	0.0	2	136 4
255	83	0.0	2	79 3 1
256	344	0.0	2	329 15
257	145	0.0	2	139 6
258	286	0.0	2	278 8
259	203	0.0	2	197 6
260	212	0.0	2	206 6
261	113	0.0	2	110 3
262	136	0.0	2	134 2
263	81	0.0	2	77 4
264	32	0.0	2	32
265	49	0.0	2	47 2
266	230	0.0	2	220 10
267	277	0.0	2	273 3 1
268	236	0.0	2	229 5 2
269	219	0.0	2	216 3
270	249	0.0	2	243 5 1
271	232	0.0	2	224 8
272	47	0.0	2	47
273	39	0.0	2	38 1
274	76	0.0	2	71 4 1
275	22	0.0	2	20 1 1
276	33	0.0	2	31 2
277	299	0.0	2	292 7
278	134	0.0	2	128 6
279	169	0.0	2	164 5
280	226	0.0	2	216 10
281	94	0.0	2	91 3
282	135	0.0	2	130 5
283	114	0.0	2	112 2
284	62	0.0	2	61 1
285	84	0.0	2	83 1
286	40	0.0	2	40
287	118	0.0	2	114 4
288	27	0.0	2	27
289	308	0.0	2	301 7
290	13	0.0	2	13
291	196	0.0	2	189 7
292	172	0.0	2	168 4
293	161	0.0	2	160 1
294	33	0.0	2	33
295	16	0.0	2	16
296	4	0.0	2	4
297	16	0.0	2	16
298	1	0.0	2	1
300	1380	0.0	2	1358 21 1
