This is cutadapt 2.6 with Python 3.7.16
Command line parameters: -a CCTACGGGNGGCWGCAG -A GACTACHVGGGTATCTAATCC -o trimmed_reads/Bact-31_S30_R1_trimmed.fastq.gz -p trimmed_reads/Bact-31_S30_R2_trimmed.fastq.gz clean_reads/Bact-31_S30_R1_clean.fastq.gz clean_reads/Bact-31_S30_R2_clean.fastq.gz
Processing reads on 1 core in paired-end mode ...
Finished in 1.72 s (36 us/read; 1.67 M reads/minute).

=== Summary ===

Total read pairs processed:             47,775
  Read 1 with adapter:                  47,651 (99.7%)
  Read 2 with adapter:                  47,699 (99.8%)
Pairs written (passing filters):        47,775 (100.0%)

Total basepairs processed:    24,406,063 bp
  Read 1:    12,906,520 bp
  Read 2:    11,499,543 bp
Total written (filtered):         47,533 bp (0.2%)
  Read 1:        32,452 bp
  Read 2:        15,081 bp

=== First read: Adapter 1 ===

Sequence: CCTACGGGNGGCWGCAG; Type: regular 3'; Length: 17; Trimmed: 47651 times.

No. of allowed errors:
0-9 bp: 0; 10-16 bp: 1

Bases preceding removed adapters:
  A: 0.0%
  C: 0.0%
  G: 0.1%
  T: 0.0%
  none/other: 99.9%

Overview of removed sequences
length	count	expect	max.err	error counts
3	2	746.5	0	2
50	19	0.0	1	18 1
51	22	0.0	1	22
52	9	0.0	1	8 1
53	4	0.0	1	4
54	9	0.0	1	9
55	10	0.0	1	10
56	3	0.0	1	3
57	8	0.0	1	7 1
58	5	0.0	1	4 1
59	8	0.0	1	7 1
60	6	0.0	1	5 1
61	4	0.0	1	3 1
62	4	0.0	1	4
63	3	0.0	1	3
64	1	0.0	1	1
65	5	0.0	1	4 1
66	15	0.0	1	15
67	24	0.0	1	22 2
68	11	0.0	1	11
69	15	0.0	1	15
70	9	0.0	1	9
71	4	0.0	1	3 1
72	5	0.0	1	4 1
73	7	0.0	1	6 1
74	14	0.0	1	14
75	4	0.0	1	4
76	14	0.0	1	14
77	15	0.0	1	15
78	30	0.0	1	29 1
79	30	0.0	1	29 1
80	15	0.0	1	15
81	9	0.0	1	9
82	7	0.0	1	7
83	5	0.0	1	5
84	13	0.0	1	13
85	13	0.0	1	12 1
86	6	0.0	1	6
87	22	0.0	1	21 1
88	4	0.0	1	4
90	1	0.0	1	1
91	8	0.0	1	8
92	30	0.0	1	28 2
93	26	0.0	1	25 1
94	22	0.0	1	20 2
95	10	0.0	1	10
96	11	0.0	1	11
97	10	0.0	1	10
98	11	0.0	1	11
99	43	0.0	1	42 1
100	59	0.0	1	59
101	54	0.0	1	52 2
102	33	0.0	1	32 1
103	14	0.0	1	14
104	8	0.0	1	8
105	11	0.0	1	10 1
106	6	0.0	1	6
107	12	0.0	1	12
108	15	0.0	1	15
109	8	0.0	1	8
110	5	0.0	1	5
111	36	0.0	1	36
112	55	0.0	1	53 2
113	71	0.0	1	70 1
114	67	0.0	1	65 2
115	60	0.0	1	59 1
116	59	0.0	1	58 1
117	50	0.0	1	49 1
118	48	0.0	1	48
119	35	0.0	1	35
120	29	0.0	1	29
121	40	0.0	1	37 3
122	33	0.0	1	33
123	42	0.0	1	42
124	43	0.0	1	42 1
125	30	0.0	1	30
126	45	0.0	1	45
127	37	0.0	1	36 1
128	78	0.0	1	75 3
129	28	0.0	1	28
130	28	0.0	1	26 2
131	38	0.0	1	37 1
132	27	0.0	1	27
133	23	0.0	1	23
134	23	0.0	1	23
135	31	0.0	1	31
136	34	0.0	1	33 1
137	16	0.0	1	16
138	14	0.0	1	14
139	17	0.0	1	17
140	27	0.0	1	24 3
141	14	0.0	1	13 1
142	13	0.0	1	13
143	21	0.0	1	21
144	14	0.0	1	14
145	23	0.0	1	23
146	33	0.0	1	33
147	25	0.0	1	25
148	16	0.0	1	16
149	23	0.0	1	22 1
150	23	0.0	1	23
151	14	0.0	1	14
152	14	0.0	1	14
153	14	0.0	1	14
154	12	0.0	1	12
155	20	0.0	1	20
156	19	0.0	1	19
157	11	0.0	1	11
158	11	0.0	1	10 1
159	12	0.0	1	12
160	22	0.0	1	21 1
161	17	0.0	1	16 1
162	34	0.0	1	34
163	58	0.0	1	52 6
164	23	0.0	1	23
165	37	0.0	1	37
166	22	0.0	1	22
167	21	0.0	1	17 4
168	28	0.0	1	27 1
169	32	0.0	1	32
170	40	0.0	1	38 2
171	31	0.0	1	29 2
172	71	0.0	1	68 3
173	61	0.0	1	60 1
174	42	0.0	1	37 5
175	43	0.0	1	43
176	36	0.0	1	34 2
177	30	0.0	1	29 1
178	19	0.0	1	19
179	28	0.0	1	26 2
180	35	0.0	1	34 1
181	26	0.0	1	25 1
182	25	0.0	1	23 2
183	28	0.0	1	28
184	17	0.0	1	17
185	32	0.0	1	31 1
186	47	0.0	1	45 2
187	49	0.0	1	47 2
188	41	0.0	1	41
189	43	0.0	1	42 1
190	40	0.0	1	38 2
191	66	0.0	1	64 2
192	51	0.0	1	51
193	60	0.0	1	59 1
194	46	0.0	1	45 1
195	46	0.0	1	45 1
196	69	0.0	1	69
197	56	0.0	1	52 4
198	54	0.0	1	53 1
199	47	0.0	1	47
200	49	0.0	1	48 1
201	45	0.0	1	43 2
202	36	0.0	1	34 2
203	57	0.0	1	56 1
204	44	0.0	1	43 1
205	50	0.0	1	49 1
206	51	0.0	1	50 1
207	50	0.0	1	49 1
208	43	0.0	1	42 1
209	97	0.0	1	94 3
210	80	0.0	1	77 3
211	80	0.0	1	78 2
212	77	0.0	1	76 1
213	60	0.0	1	59 1
214	46	0.0	1	45 1
215	92	0.0	1	90 2
216	65	0.0	1	63 2
217	104	0.0	1	101 3
218	94	0.0	1	92 2
219	131	0.0	1	128 3
220	83	0.0	1	82 1
221	58	0.0	1	56 2
222	72	0.0	1	72
223	81	0.0	1	78 3
224	94	0.0	1	93 1
225	62	0.0	1	60 2
226	105	0.0	1	104 1
227	116	0.0	1	115 1
228	130	0.0	1	129 1
229	80	0.0	1	78 2
230	125	0.0	1	122 3
231	118	0.0	1	113 5
232	104	0.0	1	103 1
233	126	0.0	1	126
234	168	0.0	1	168
235	155	0.0	1	149 6
236	102	0.0	1	101 1
237	190	0.0	1	187 3
238	207	0.0	1	200 7
239	282	0.0	1	276 6
240	340	0.0	1	326 14
241	144	0.0	1	139 5
242	118	0.0	1	114 4
243	55	0.0	1	52 3
244	108	0.0	1	103 5
245	97	0.0	1	94 3
246	184	0.0	1	178 6
247	202	0.0	1	198 4
248	173	0.0	1	161 12
249	176	0.0	1	170 6
250	158	0.0	1	154 4
251	231	0.0	1	221 10
252	281	0.0	1	275 6
253	401	0.0	1	383 18
254	157	0.0	1	154 3
255	120	0.0	1	113 7
256	156	0.0	1	151 5
257	226	0.0	1	223 3
258	229	0.0	1	222 7
259	139	0.0	1	136 3
260	217	0.0	1	211 6
261	244	0.0	1	228 16
262	246	0.0	1	234 12
263	433	0.0	1	421 12
264	361	0.0	1	349 12
265	335	0.0	1	322 13
266	418	0.0	1	408 10
267	630	0.0	1	613 17
268	479	0.0	1	461 18
269	385	0.0	1	372 13
270	351	0.0	1	345 6
271	537	0.0	1	515 22
272	507	0.0	1	485 22
273	359	0.0	1	346 13
274	570	0.0	1	553 17
275	325	0.0	1	312 13
276	308	0.0	1	298 10
277	399	0.0	1	392 7
278	298	0.0	1	293 5
279	358	0.0	1	345 13
280	321	0.0	1	311 10
281	467	0.0	1	461 6
282	431	0.0	1	422 9
283	415	0.0	1	398 17
284	548	0.0	1	536 12
285	470	0.0	1	454 16
286	487	0.0	1	472 15
287	459	0.0	1	453 6
288	410	0.0	1	393 17
289	742	0.0	1	725 17
290	493	0.0	1	478 15
291	479	0.0	1	466 13
292	632	0.0	1	609 23
293	474	0.0	1	464 10
294	600	0.0	1	583 17
295	397	0.0	1	381 16
296	378	0.0	1	371 7
297	136	0.0	1	135 1
298	8	0.0	1	8
299	11	0.0	1	11
300	20150	0.0	1	19490 660


=== Second read: Adapter 2 ===

Sequence: GACTACHVGGGTATCTAATCC; Type: regular 3'; Length: 21; Trimmed: 47699 times.

No. of allowed errors:
0-9 bp: 0; 10-19 bp: 1; 20-21 bp: 2

Bases preceding removed adapters:
  A: 0.0%
  C: 0.0%
  G: 0.0%
  T: 0.0%
  none/other: 100.0%

Overview of removed sequences
length	count	expect	max.err	error counts
3	1	746.5	0	1
50	9	0.0	2	6 2 1
51	5	0.0	2	3 2
52	5	0.0	2	1 2 2
53	3	0.0	2	2 0 1
54	15	0.0	2	13 1 1
55	21	0.0	2	17 4
56	72	0.0	2	68 3 1
57	74	0.0	2	72 2
58	45	0.0	2	41 3 1
59	36	0.0	2	33 3
60	19	0.0	2	18 1
61	17	0.0	2	15 1 1
62	14	0.0	2	12 2
63	8	0.0	2	8
64	4	0.0	2	3 1
65	6	0.0	2	4 2
66	8	0.0	2	7 1
67	67	0.0	2	63 4
68	53	0.0	2	51 2
69	51	0.0	2	48 2 1
70	22	0.0	2	20 1 1
71	10	0.0	2	9 1
72	5	0.0	2	5
73	4	0.0	2	2 2
74	5	0.0	2	4 0 1
75	3	0.0	2	2 1
76	1	0.0	2	1
77	5	0.0	2	5
78	3	0.0	2	2 1
79	1	0.0	2	1
80	1	0.0	2	1
81	16	0.0	2	13 2 1
82	7	0.0	2	7
83	4	0.0	2	4
84	11	0.0	2	10 1
85	7	0.0	2	6 1
86	24	0.0	2	15 7 2
87	13	0.0	2	9 4
88	3	0.0	2	3
89	3	0.0	2	3
90	6	0.0	2	4 2
91	4	0.0	2	3 1
92	7	0.0	2	6 1
93	17	0.0	2	17
94	17	0.0	2	17
95	11	0.0	2	9 2
96	21	0.0	2	18 3
97	11	0.0	2	11
98	13	0.0	2	10 3
99	6	0.0	2	5 1
100	8	0.0	2	6 2
101	16	0.0	2	15 1
102	4	0.0	2	4
103	9	0.0	2	8 0 1
104	3	0.0	2	3
105	3	0.0	2	3
106	7	0.0	2	4 1 2
108	5	0.0	2	5
109	4	0.0	2	4
110	3	0.0	2	2 1
111	4	0.0	2	4
112	6	0.0	2	5 1
113	2	0.0	2	2
115	4	0.0	2	4
116	14	0.0	2	12 2
117	8	0.0	2	6 2
118	22	0.0	2	16 4 2
119	9	0.0	2	6 2 1
120	5	0.0	2	3 2
121	10	0.0	2	10
122	12	0.0	2	12
123	22	0.0	2	22
124	22	0.0	2	21 1
125	17	0.0	2	17
126	19	0.0	2	18 1
127	14	0.0	2	12 2
128	17	0.0	2	14 1 2
129	6	0.0	2	6
130	12	0.0	2	12
131	4	0.0	2	3 1
132	10	0.0	2	8 2
133	108	0.0	2	104 4
134	152	0.0	2	148 4
135	121	0.0	2	116 5
136	32	0.0	2	29 3
137	11	0.0	2	11
138	3	0.0	2	3
139	6	0.0	2	3 2 1
140	29	0.0	2	26 3
141	12	0.0	2	8 3 1
142	21	0.0	2	20 1
143	48	0.0	2	45 3
144	38	0.0	2	33 5
145	68	0.0	2	61 6 1
146	73	0.0	2	64 8 1
147	62	0.0	2	58 4
148	45	0.0	2	41 4
149	11	0.0	2	11
150	30	0.0	2	26 3 1
151	11	0.0	2	10 1
152	37	0.0	2	34 3
153	21	0.0	2	16 4 1
154	37	0.0	2	33 4
155	112	0.0	2	108 4
156	226	0.0	2	220 6
157	114	0.0	2	106 8
158	107	0.0	2	101 6
159	69	0.0	2	64 5
160	38	0.0	2	35 3
161	27	0.0	2	26 1
162	31	0.0	2	31
163	29	0.0	2	29
164	51	0.0	2	47 3 1
165	34	0.0	2	31 3
166	47	0.0	2	43 2 2
167	118	0.0	2	113 4 1
168	73	0.0	2	69 4
169	148	0.0	2	142 6
170	85	0.0	2	82 2 1
171	85	0.0	2	78 7
172	91	0.0	2	85 5 1
173	85	0.0	2	83 2
174	116	0.0	2	111 4 1
175	99	0.0	2	94 5
176	70	0.0	2	66 4
177	96	0.0	2	93 3
178	102	0.0	2	95 7
179	115	0.0	2	110 5
180	98	0.0	2	90 7 1
181	54	0.0	2	45 9
182	37	0.0	2	30 4 3
183	46	0.0	2	44 1 1
184	51	0.0	2	44 3 4
185	91	0.0	2	83 8
186	83	0.0	2	77 6
187	50	0.0	2	49 1
188	35	0.0	2	31 3 1
189	125	0.0	2	119 5 1
190	210	0.0	2	201 7 2
191	219	0.0	2	215 4
192	213	0.0	2	206 6 1
193	346	0.0	2	333 13
194	263	0.0	2	247 15 1
195	238	0.0	2	232 6
196	96	0.0	2	94 2
197	53	0.0	2	47 4 2
198	55	0.0	2	46 7 2
199	137	0.0	2	132 5
200	175	0.0	2	164 10 1
201	103	0.0	2	92 10 1
202	270	0.0	2	256 12 2
203	423	0.0	2	408 14 1
204	221	0.0	2	201 17 3
205	373	0.0	2	349 21 3
206	281	0.0	2	256 24 1
207	345	0.0	2	328 15 2
208	118	0.0	2	106 12
209	266	0.0	2	253 11 2
210	213	0.0	2	198 12 3
211	446	0.0	2	427 17 2
212	318	0.0	2	308 10
213	407	0.0	2	392 15
214	331	0.0	2	317 14
215	189	0.0	2	180 9
216	139	0.0	2	130 8 1
217	50	0.0	2	48 2
218	43	0.0	2	30 12 1
219	274	0.0	2	264 8 2
220	152	0.0	2	147 4 1
221	102	0.0	2	83 18 1
222	519	0.0	2	502 13 4
223	684	0.0	2	664 19 1
224	284	0.0	2	269 15
225	764	0.0	2	749 14 1
226	620	0.0	2	597 23
227	961	0.0	2	938 22 1
228	263	0.0	2	246 15 2
229	651	0.0	2	633 15 3
230	245	0.0	2	227 17 1
231	231	0.0	2	223 7 1
232	139	0.0	2	133 5 1
233	261	0.0	2	244 15 2
234	449	0.0	2	439 10
235	180	0.0	2	174 6
236	66	0.0	2	63 2 1
237	9	0.0	2	9
238	18	0.0	2	16 1 1
239	62	0.0	2	32 30
240	693	0.0	2	668 21 4
241	1376	0.0	2	1340 34 2
242	977	0.0	2	948 26 3
243	874	0.0	2	841 32 1
244	403	0.0	2	391 11 1
245	258	0.0	2	250 7 1
246	103	0.0	2	93 10
247	67	0.0	2	59 8
248	94	0.0	2	88 6
249	581	0.0	2	558 21 2
250	1421	0.0	2	1374 46 1
251	1462	0.0	2	1428 31 3
252	448	0.0	2	428 19 1
253	169	0.0	2	158 10 1
254	388	0.0	2	373 13 2
255	267	0.0	2	252 14 1
256	882	0.0	2	849 31 2
257	547	0.0	2	520 25 2
258	631	0.0	2	614 17
259	578	0.0	2	565 13
260	664	0.0	2	651 13
261	363	0.0	2	354 7 2
262	440	0.0	2	430 10
263	238	0.0	2	232 2 4
264	116	0.0	2	115 1
265	174	0.0	2	168 6
266	522	0.0	2	508 14
267	677	0.0	2	661 16
268	485	0.0	2	475 8 2
269	584	0.0	2	576 8
270	535	0.0	2	520 15
271	625	0.0	2	615 10
272	125	0.0	2	122 2 1
273	87	0.0	2	84 3
274	224	0.0	2	219 5
275	58	0.0	2	55 3
276	82	0.0	2	76 5 1
277	1058	0.0	2	1033 25
278	365	0.0	2	356 9
279	521	0.0	2	506 14 1
280	717	0.0	2	709 8
281	255	0.0	2	249 5 1
282	423	0.0	2	417 5 1
283	335	0.0	2	326 9
284	199	0.0	2	197 2
285	259	0.0	2	252 6 1
286	131	0.0	2	127 4
287	331	0.0	2	322 9
288	84	0.0	2	78 6
289	761	0.0	2	742 18 1
290	60	0.0	2	57 3
291	488	0.0	2	481 7
292	468	0.0	2	456 12
293	349	0.0	2	344 5
294	113	0.0	2	112 1
295	38	0.0	2	38
296	10	0.0	2	10
297	18	0.0	2	18
298	1	0.0	2	1
300	4113	0.0	2	4066 46 1
