This is cutadapt 2.6 with Python 3.7.16
Command line parameters: -a CCTACGGGNGGCWGCAG -A GACTACHVGGGTATCTAATCC -o trimmed_reads/Bact-28_S27_R1_trimmed.fastq.gz -p trimmed_reads/Bact-28_S27_R2_trimmed.fastq.gz clean_reads/Bact-28_S27_R1_clean.fastq.gz clean_reads/Bact-28_S27_R2_clean.fastq.gz
Processing reads on 1 core in paired-end mode ...
Finished in 0.82 s (34 us/read; 1.75 M reads/minute).

=== Summary ===

Total read pairs processed:             24,002
  Read 1 with adapter:                  23,949 (99.8%)
  Read 2 with adapter:                  23,970 (99.9%)
Pairs written (passing filters):        24,002 (100.0%)

Total basepairs processed:    12,320,829 bp
  Read 1:     6,532,382 bp
  Read 2:     5,788,447 bp
Total written (filtered):         21,051 bp (0.2%)
  Read 1:        14,934 bp
  Read 2:         6,117 bp

=== First read: Adapter 1 ===

Sequence: CCTACGGGNGGCWGCAG; Type: regular 3'; Length: 17; Trimmed: 23949 times.

No. of allowed errors:
0-9 bp: 0; 10-16 bp: 1

Bases preceding removed adapters:
  A: 0.0%
  C: 0.0%
  G: 0.1%
  T: 0.0%
  none/other: 99.9%

Overview of removed sequences
length	count	expect	max.err	error counts
19	1	0.0	1	1
50	9	0.0	1	9
51	5	0.0	1	5
52	6	0.0	1	6
53	3	0.0	1	2 1
55	13	0.0	1	13
57	2	0.0	1	2
59	5	0.0	1	5
60	2	0.0	1	2
61	2	0.0	1	2
62	4	0.0	1	4
63	1	0.0	1	1
64	1	0.0	1	1
65	1	0.0	1	1
66	11	0.0	1	10 1
67	16	0.0	1	15 1
68	7	0.0	1	7
69	12	0.0	1	12
70	4	0.0	1	4
71	2	0.0	1	2
73	1	0.0	1	1
74	5	0.0	1	5
75	3	0.0	1	3
76	11	0.0	1	10 1
77	7	0.0	1	6 1
78	13	0.0	1	13
79	8	0.0	1	8
80	7	0.0	1	7
81	2	0.0	1	2
82	3	0.0	1	3
83	2	0.0	1	2
84	4	0.0	1	4
85	5	0.0	1	5
86	8	0.0	1	8
87	10	0.0	1	8 2
88	7	0.0	1	7
91	8	0.0	1	8
92	9	0.0	1	9
93	10	0.0	1	10
94	8	0.0	1	8
95	6	0.0	1	6
96	7	0.0	1	7
97	11	0.0	1	11
98	6	0.0	1	6
99	21	0.0	1	21
100	22	0.0	1	22
101	27	0.0	1	26 1
102	10	0.0	1	10
103	7	0.0	1	7
104	7	0.0	1	7
105	4	0.0	1	4
106	6	0.0	1	4 2
107	7	0.0	1	7
108	7	0.0	1	7
109	4	0.0	1	4
110	4	0.0	1	3 1
111	12	0.0	1	12
112	33	0.0	1	33
113	31	0.0	1	31
114	38	0.0	1	38
115	27	0.0	1	27
116	25	0.0	1	24 1
117	34	0.0	1	34
118	23	0.0	1	21 2
119	14	0.0	1	13 1
120	7	0.0	1	7
121	14	0.0	1	14
122	19	0.0	1	19
123	20	0.0	1	19 1
124	15	0.0	1	15
125	19	0.0	1	18 1
126	13	0.0	1	13
127	16	0.0	1	16
128	32	0.0	1	30 2
129	7	0.0	1	7
130	17	0.0	1	16 1
131	11	0.0	1	11
132	13	0.0	1	13
133	11	0.0	1	11
134	10	0.0	1	10
135	25	0.0	1	25
136	13	0.0	1	13
137	13	0.0	1	12 1
138	7	0.0	1	7
139	12	0.0	1	12
140	13	0.0	1	13
141	7	0.0	1	7
142	10	0.0	1	9 1
143	8	0.0	1	7 1
144	11	0.0	1	11
145	7	0.0	1	7
146	18	0.0	1	18
147	8	0.0	1	7 1
148	10	0.0	1	10
149	15	0.0	1	12 3
150	10	0.0	1	10
151	6	0.0	1	6
152	4	0.0	1	4
153	6	0.0	1	6
154	4	0.0	1	3 1
155	7	0.0	1	6 1
156	7	0.0	1	6 1
157	4	0.0	1	4
158	7	0.0	1	7
159	5	0.0	1	5
160	7	0.0	1	7
161	10	0.0	1	9 1
162	7	0.0	1	6 1
163	25	0.0	1	23 2
164	7	0.0	1	7
165	22	0.0	1	22
166	9	0.0	1	9
167	15	0.0	1	14 1
168	18	0.0	1	18
169	19	0.0	1	19
170	19	0.0	1	19
171	14	0.0	1	14
172	32	0.0	1	31 1
173	24	0.0	1	24
174	18	0.0	1	17 1
175	18	0.0	1	17 1
176	19	0.0	1	19
177	20	0.0	1	19 1
178	8	0.0	1	7 1
179	14	0.0	1	14
180	12	0.0	1	12
181	9	0.0	1	9
182	19	0.0	1	17 2
183	12	0.0	1	11 1
184	15	0.0	1	14 1
185	23	0.0	1	23
186	27	0.0	1	27
187	25	0.0	1	24 1
188	10	0.0	1	10
189	11	0.0	1	11
190	17	0.0	1	16 1
191	31	0.0	1	31
192	13	0.0	1	13
193	35	0.0	1	34 1
194	20	0.0	1	20
195	17	0.0	1	17
196	24	0.0	1	23 1
197	28	0.0	1	26 2
198	37	0.0	1	36 1
199	23	0.0	1	22 1
200	26	0.0	1	25 1
201	31	0.0	1	29 2
202	26	0.0	1	26
203	26	0.0	1	25 1
204	25	0.0	1	24 1
205	28	0.0	1	27 1
206	19	0.0	1	19
207	22	0.0	1	20 2
208	29	0.0	1	28 1
209	41	0.0	1	40 1
210	34	0.0	1	33 1
211	32	0.0	1	32
212	35	0.0	1	35
213	40	0.0	1	39 1
214	38	0.0	1	38
215	44	0.0	1	43 1
216	28	0.0	1	27 1
217	50	0.0	1	47 3
218	34	0.0	1	34
219	60	0.0	1	59 1
220	39	0.0	1	39
221	20	0.0	1	20
222	45	0.0	1	43 2
223	43	0.0	1	40 3
224	44	0.0	1	44
225	36	0.0	1	34 2
226	34	0.0	1	32 2
227	60	0.0	1	59 1
228	67	0.0	1	65 2
229	42	0.0	1	42
230	58	0.0	1	58
231	57	0.0	1	55 2
232	53	0.0	1	52 1
233	53	0.0	1	52 1
234	55	0.0	1	55
235	71	0.0	1	67 4
236	54	0.0	1	52 2
237	70	0.0	1	68 2
238	102	0.0	1	96 6
239	115	0.0	1	110 5
240	171	0.0	1	163 8
241	71	0.0	1	67 4
242	37	0.0	1	37
243	28	0.0	1	28
244	39	0.0	1	39
245	44	0.0	1	41 3
246	94	0.0	1	92 2
247	93	0.0	1	89 4
248	94	0.0	1	90 4
249	79	0.0	1	75 4
250	64	0.0	1	62 2
251	99	0.0	1	97 2
252	128	0.0	1	119 9
253	162	0.0	1	159 3
254	55	0.0	1	55
255	45	0.0	1	43 2
256	75	0.0	1	72 3
257	117	0.0	1	112 5
258	117	0.0	1	115 2
259	61	0.0	1	57 4
260	99	0.0	1	97 2
261	111	0.0	1	108 3
262	146	0.0	1	146
263	174	0.0	1	168 6
264	205	0.0	1	196 9
265	141	0.0	1	136 5
266	207	0.0	1	202 5
267	303	0.0	1	290 13
268	261	0.0	1	247 14
269	213	0.0	1	207 6
270	180	0.0	1	171 9
271	245	0.0	1	233 12
272	247	0.0	1	236 11
273	167	0.0	1	160 7
274	263	0.0	1	252 11
275	126	0.0	1	122 4
276	124	0.0	1	118 6
277	146	0.0	1	144 2
278	110	0.0	1	105 5
279	165	0.0	1	160 5
280	131	0.0	1	125 6
281	220	0.0	1	214 6
282	204	0.0	1	199 5
283	176	0.0	1	171 5
284	225	0.0	1	218 7
285	224	0.0	1	211 13
286	246	0.0	1	236 10
287	216	0.0	1	211 5
288	230	0.0	1	222 8
289	344	0.0	1	332 12
290	264	0.0	1	255 9
291	249	0.0	1	238 11
292	296	0.0	1	285 11
293	188	0.0	1	179 9
294	246	0.0	1	238 8
295	191	0.0	1	187 4
296	168	0.0	1	164 4
297	61	0.0	1	59 2
298	4	0.0	1	4
299	10	0.0	1	8 2
300	11139	0.0	1	10787 352


=== Second read: Adapter 2 ===

Sequence: GACTACHVGGGTATCTAATCC; Type: regular 3'; Length: 21; Trimmed: 23970 times.

No. of allowed errors:
0-9 bp: 0; 10-19 bp: 1; 20-21 bp: 2

Bases preceding removed adapters:
  A: 0.0%
  C: 0.0%
  G: 0.0%
  T: 0.0%
  none/other: 100.0%

Overview of removed sequences
length	count	expect	max.err	error counts
3	1	375.0	0	1
50	7	0.0	2	3 2 2
51	4	0.0	2	2 2
52	2	0.0	2	2
54	9	0.0	2	7 2
55	13	0.0	2	12 0 1
56	25	0.0	2	24 1
57	46	0.0	2	45 1
58	30	0.0	2	27 3
59	13	0.0	2	13
60	7	0.0	2	7
61	5	0.0	2	3 1 1
62	2	0.0	2	2
63	5	0.0	2	4 1
64	4	0.0	2	3 0 1
66	5	0.0	2	5
67	33	0.0	2	33
68	37	0.0	2	35 2
69	26	0.0	2	24 1 1
70	13	0.0	2	12 0 1
71	7	0.0	2	5 1 1
72	4	0.0	2	4
73	3	0.0	2	1 2
74	4	0.0	2	3 1
75	1	0.0	2	1
76	1	0.0	2	0 1
78	1	0.0	2	1
79	2	0.0	2	1 1
80	2	0.0	2	2
81	11	0.0	2	9 0 2
82	8	0.0	2	6 2
83	4	0.0	2	3 1
84	6	0.0	2	4 2
86	4	0.0	2	2 1 1
87	2	0.0	2	1 1
88	6	0.0	2	4 2
89	2	0.0	2	2
90	1	0.0	2	1
91	2	0.0	2	2
92	3	0.0	2	3
93	8	0.0	2	8
94	15	0.0	2	15
95	7	0.0	2	6 1
96	6	0.0	2	5 1
97	8	0.0	2	8
98	8	0.0	2	6 1 1
99	5	0.0	2	3 2
100	2	0.0	2	2
101	1	0.0	2	1
102	2	0.0	2	2
103	2	0.0	2	2
104	10	0.0	2	9 1
105	1	0.0	2	1
106	6	0.0	2	6
107	2	0.0	2	2
108	6	0.0	2	4 2
109	2	0.0	2	2
110	3	0.0	2	1 2
111	4	0.0	2	4
112	1	0.0	2	1
113	1	0.0	2	1
114	4	0.0	2	3 0 1
115	2	0.0	2	1 1
116	4	0.0	2	3 1
117	3	0.0	2	1 2
118	1	0.0	2	1
119	1	0.0	2	1
120	2	0.0	2	2
121	4	0.0	2	4
122	2	0.0	2	2
123	10	0.0	2	10
124	9	0.0	2	9
125	12	0.0	2	12
126	10	0.0	2	9 0 1
127	8	0.0	2	7 1
128	3	0.0	2	3
129	3	0.0	2	3
130	3	0.0	2	2 0 1
131	1	0.0	2	1
132	6	0.0	2	5 1
133	53	0.0	2	51 2
134	77	0.0	2	76 1
135	55	0.0	2	50 4 1
136	24	0.0	2	23 0 1
137	6	0.0	2	6
138	5	0.0	2	3 2
139	1	0.0	2	1
140	19	0.0	2	19
141	7	0.0	2	4 2 1
142	18	0.0	2	17 1
143	16	0.0	2	16
144	23	0.0	2	22 1
145	41	0.0	2	38 3
146	31	0.0	2	31
147	28	0.0	2	26 2
148	17	0.0	2	17
149	8	0.0	2	7 1
150	10	0.0	2	9 1
151	12	0.0	2	12
152	21	0.0	2	17 4
153	9	0.0	2	8 1
154	21	0.0	2	16 5
155	54	0.0	2	50 4
156	93	0.0	2	89 3 1
157	67	0.0	2	67
158	43	0.0	2	41 2
159	33	0.0	2	32 1
160	24	0.0	2	21 3
161	24	0.0	2	23 0 1
162	15	0.0	2	14 1
163	16	0.0	2	14 2
164	32	0.0	2	30 2
165	12	0.0	2	11 1
166	15	0.0	2	15
167	52	0.0	2	48 2 2
168	34	0.0	2	32 2
169	67	0.0	2	64 3
170	34	0.0	2	32 2
171	46	0.0	2	40 4 2
172	33	0.0	2	32 1
173	56	0.0	2	55 1
174	70	0.0	2	67 3
175	55	0.0	2	55
176	58	0.0	2	56 2
177	71	0.0	2	68 3
178	55	0.0	2	50 5
179	64	0.0	2	61 2 1
180	47	0.0	2	47
181	18	0.0	2	16 2
182	21	0.0	2	18 3
183	27	0.0	2	27
184	23	0.0	2	23
185	49	0.0	2	47 2
186	46	0.0	2	43 2 1
187	23	0.0	2	23
188	13	0.0	2	11 2
189	43	0.0	2	40 3
190	87	0.0	2	83 4
191	101	0.0	2	98 3
192	99	0.0	2	93 6
193	122	0.0	2	118 3 1
194	139	0.0	2	133 6
195	130	0.0	2	121 8 1
196	50	0.0	2	49 1
197	29	0.0	2	26 2 1
198	32	0.0	2	29 3
199	72	0.0	2	65 6 1
200	100	0.0	2	94 5 1
201	52	0.0	2	47 5
202	125	0.0	2	119 4 2
203	185	0.0	2	180 4 1
204	111	0.0	2	106 5
205	170	0.0	2	161 8 1
206	131	0.0	2	118 12 1
207	187	0.0	2	178 8 1
208	59	0.0	2	55 3 1
209	112	0.0	2	106 6
210	103	0.0	2	97 5 1
211	203	0.0	2	193 9 1
212	167	0.0	2	165 2
213	186	0.0	2	176 9 1
214	154	0.0	2	150 4
215	118	0.0	2	113 5
216	77	0.0	2	72 5
217	26	0.0	2	26
218	18	0.0	2	13 5
219	130	0.0	2	124 5 1
220	78	0.0	2	74 0 4
221	71	0.0	2	58 10 3
222	229	0.0	2	221 8
223	354	0.0	2	345 8 1
224	166	0.0	2	153 11 2
225	364	0.0	2	353 11
226	317	0.0	2	304 13
227	522	0.0	2	501 20 1
228	143	0.0	2	132 10 1
229	336	0.0	2	328 8
230	113	0.0	2	105 7 1
231	96	0.0	2	92 4
232	78	0.0	2	74 3 1
233	146	0.0	2	135 11
234	233	0.0	2	226 7
235	99	0.0	2	97 2
236	37	0.0	2	33 3 1
237	9	0.0	2	9
238	8	0.0	2	6 0 2
239	21	0.0	2	14 6 1
240	313	0.0	2	284 27 2
241	633	0.0	2	618 15
242	502	0.0	2	487 13 2
243	410	0.0	2	403 7
244	180	0.0	2	177 3
245	129	0.0	2	128 1
246	59	0.0	2	57 1 1
247	28	0.0	2	22 6
248	48	0.0	2	44 4
249	313	0.0	2	296 15 2
250	703	0.0	2	677 26
251	754	0.0	2	727 25 2
252	214	0.0	2	206 8
253	103	0.0	2	98 5
254	208	0.0	2	197 11
255	141	0.0	2	132 9
256	443	0.0	2	433 8 2
257	274	0.0	2	266 8
258	312	0.0	2	303 8 1
259	293	0.0	2	285 8
260	331	0.0	2	324 7
261	182	0.0	2	176 6
262	207	0.0	2	204 3
263	126	0.0	2	123 3
264	55	0.0	2	54 1
265	81	0.0	2	74 7
266	302	0.0	2	292 10
267	303	0.0	2	297 6
268	282	0.0	2	270 12
269	273	0.0	2	266 7
270	252	0.0	2	245 6 1
271	337	0.0	2	327 10
272	47	0.0	2	45 2
273	45	0.0	2	43 2
274	111	0.0	2	109 2
275	30	0.0	2	27 0 3
276	48	0.0	2	42 6
277	509	0.0	2	499 10
278	200	0.0	2	195 5
279	280	0.0	2	272 7 1
280	358	0.0	2	347 11
281	138	0.0	2	136 2
282	220	0.0	2	213 7
283	184	0.0	2	178 6
284	117	0.0	2	114 3
285	107	0.0	2	105 2
286	66	0.0	2	62 4
287	167	0.0	2	162 5
288	36	0.0	2	32 4
289	342	0.0	2	337 5
290	37	0.0	2	37
291	259	0.0	2	254 5
292	240	0.0	2	235 5
293	228	0.0	2	225 3
294	51	0.0	2	51
295	17	0.0	2	16 1
296	2	0.0	2	2
297	9	0.0	2	9
300	2152	0.0	2	2113 39
