This is cutadapt 2.6 with Python 3.7.16
Command line parameters: -a CCTACGGGNGGCWGCAG -A GACTACHVGGGTATCTAATCC -o trimmed_reads/Bact-51_S49_R1_trimmed.fastq.gz -p trimmed_reads/Bact-51_S49_R2_trimmed.fastq.gz clean_reads/Bact-51_S49_R1_clean.fastq.gz clean_reads/Bact-51_S49_R2_clean.fastq.gz
Processing reads on 1 core in paired-end mode ...
Finished in 1.34 s (35 us/read; 1.71 M reads/minute).

=== Summary ===

Total read pairs processed:             38,184
  Read 1 with adapter:                  38,094 (99.8%)
  Read 2 with adapter:                  38,134 (99.9%)
Pairs written (passing filters):        38,184 (100.0%)

Total basepairs processed:    19,516,194 bp
  Read 1:    10,260,999 bp
  Read 2:     9,255,195 bp
Total written (filtered):         33,361 bp (0.2%)
  Read 1:        23,663 bp
  Read 2:         9,698 bp

=== First read: Adapter 1 ===

Sequence: CCTACGGGNGGCWGCAG; Type: regular 3'; Length: 17; Trimmed: 38094 times.

No. of allowed errors:
0-9 bp: 0; 10-16 bp: 1

Bases preceding removed adapters:
  A: 0.0%
  C: 0.0%
  G: 0.0%
  T: 0.0%
  none/other: 99.9%

Overview of removed sequences
length	count	expect	max.err	error counts
37	1	0.0	1	1
50	12	0.0	1	10 2
51	21	0.0	1	20 1
52	3	0.0	1	3
53	4	0.0	1	4
54	3	0.0	1	3
55	12	0.0	1	12
56	3	0.0	1	3
57	8	0.0	1	8
58	2	0.0	1	1 1
59	6	0.0	1	6
60	6	0.0	1	6
61	2	0.0	1	1 1
62	6	0.0	1	6
63	4	0.0	1	4
64	1	0.0	1	1
65	6	0.0	1	5 1
66	10	0.0	1	10
67	17	0.0	1	17
68	15	0.0	1	13 2
69	12	0.0	1	11 1
70	6	0.0	1	6
71	4	0.0	1	3 1
73	4	0.0	1	3 1
74	21	0.0	1	21
75	3	0.0	1	3
76	9	0.0	1	9
77	24	0.0	1	21 3
78	19	0.0	1	19
79	18	0.0	1	18
80	13	0.0	1	13
81	8	0.0	1	8
82	11	0.0	1	11
83	3	0.0	1	2 1
84	11	0.0	1	11
85	8	0.0	1	8
86	11	0.0	1	11
87	23	0.0	1	22 1
88	4	0.0	1	4
89	3	0.0	1	3
90	1	0.0	1	1
91	10	0.0	1	10
92	27	0.0	1	26 1
93	24	0.0	1	24
94	18	0.0	1	17 1
95	13	0.0	1	12 1
96	9	0.0	1	9
97	13	0.0	1	13
98	6	0.0	1	6
99	42	0.0	1	39 3
100	39	0.0	1	39
101	45	0.0	1	44 1
102	30	0.0	1	29 1
103	13	0.0	1	13
104	13	0.0	1	12 1
105	7	0.0	1	6 1
106	7	0.0	1	6 1
107	11	0.0	1	11
108	15	0.0	1	15
109	4	0.0	1	4
110	8	0.0	1	8
111	33	0.0	1	33
112	62	0.0	1	61 1
113	75	0.0	1	75
114	75	0.0	1	73 2
115	54	0.0	1	53 1
116	61	0.0	1	61
117	44	0.0	1	43 1
118	34	0.0	1	34
119	31	0.0	1	31
120	37	0.0	1	35 2
121	37	0.0	1	37
122	31	0.0	1	31
123	34	0.0	1	34
124	29	0.0	1	29
125	30	0.0	1	29 1
126	36	0.0	1	36
127	32	0.0	1	32
128	73	0.0	1	70 3
129	18	0.0	1	18
130	21	0.0	1	21
131	23	0.0	1	21 2
132	26	0.0	1	26
133	15	0.0	1	14 1
134	24	0.0	1	24
135	18	0.0	1	18
136	20	0.0	1	19 1
137	14	0.0	1	14
138	12	0.0	1	12
139	19	0.0	1	19
140	10	0.0	1	9 1
141	17	0.0	1	16 1
142	18	0.0	1	17 1
143	9	0.0	1	9
144	20	0.0	1	20
145	23	0.0	1	22 1
146	21	0.0	1	20 1
147	18	0.0	1	17 1
148	9	0.0	1	9
149	21	0.0	1	19 2
150	14	0.0	1	14
151	16	0.0	1	16
152	18	0.0	1	17 1
153	18	0.0	1	18
154	12	0.0	1	12
155	19	0.0	1	19
156	16	0.0	1	15 1
157	12	0.0	1	11 1
158	13	0.0	1	13
159	13	0.0	1	12 1
160	13	0.0	1	12 1
161	19	0.0	1	19
162	19	0.0	1	18 1
163	41	0.0	1	40 1
164	16	0.0	1	16
165	27	0.0	1	27
166	24	0.0	1	24
167	13	0.0	1	13
168	30	0.0	1	30
169	33	0.0	1	32 1
170	30	0.0	1	29 1
171	30	0.0	1	30
172	56	0.0	1	53 3
173	54	0.0	1	53 1
174	40	0.0	1	38 2
175	30	0.0	1	27 3
176	30	0.0	1	29 1
177	28	0.0	1	27 1
178	20	0.0	1	18 2
179	19	0.0	1	18 1
180	28	0.0	1	28
181	25	0.0	1	24 1
182	33	0.0	1	31 2
183	22	0.0	1	20 2
184	27	0.0	1	26 1
185	28	0.0	1	26 2
186	34	0.0	1	33 1
187	39	0.0	1	39
188	30	0.0	1	29 1
189	17	0.0	1	17
190	36	0.0	1	35 1
191	36	0.0	1	36
192	50	0.0	1	48 2
193	59	0.0	1	57 2
194	34	0.0	1	33 1
195	49	0.0	1	46 3
196	59	0.0	1	59
197	39	0.0	1	38 1
198	48	0.0	1	48
199	67	0.0	1	65 2
200	51	0.0	1	49 2
201	58	0.0	1	53 5
202	37	0.0	1	36 1
203	39	0.0	1	39
204	24	0.0	1	23 1
205	48	0.0	1	45 3
206	42	0.0	1	39 3
207	57	0.0	1	54 3
208	50	0.0	1	49 1
209	71	0.0	1	69 2
210	70	0.0	1	68 2
211	61	0.0	1	55 6
212	66	0.0	1	63 3
213	52	0.0	1	51 1
214	60	0.0	1	58 2
215	59	0.0	1	55 4
216	48	0.0	1	46 2
217	71	0.0	1	70 1
218	71	0.0	1	70 1
219	113	0.0	1	107 6
220	57	0.0	1	55 2
221	39	0.0	1	37 2
222	80	0.0	1	79 1
223	72	0.0	1	69 3
224	79	0.0	1	77 2
225	54	0.0	1	54
226	82	0.0	1	77 5
227	89	0.0	1	87 2
228	102	0.0	1	99 3
229	88	0.0	1	83 5
230	117	0.0	1	116 1
231	78	0.0	1	76 2
232	89	0.0	1	88 1
233	103	0.0	1	99 4
234	110	0.0	1	108 2
235	118	0.0	1	114 4
236	88	0.0	1	86 2
237	143	0.0	1	133 10
238	115	0.0	1	111 4
239	225	0.0	1	219 6
240	325	0.0	1	316 9
241	129	0.0	1	125 4
242	70	0.0	1	64 6
243	52	0.0	1	50 2
244	92	0.0	1	92
245	93	0.0	1	92 1
246	138	0.0	1	132 6
247	164	0.0	1	161 3
248	123	0.0	1	119 4
249	153	0.0	1	146 7
250	130	0.0	1	126 4
251	185	0.0	1	173 12
252	216	0.0	1	209 7
253	277	0.0	1	267 10
254	123	0.0	1	122 1
255	107	0.0	1	101 6
256	108	0.0	1	103 5
257	217	0.0	1	210 7
258	216	0.0	1	208 8
259	151	0.0	1	147 4
260	170	0.0	1	164 6
261	195	0.0	1	187 8
262	195	0.0	1	187 8
263	301	0.0	1	289 12
264	318	0.0	1	303 15
265	258	0.0	1	253 5
266	360	0.0	1	354 6
267	486	0.0	1	471 15
268	389	0.0	1	376 13
269	313	0.0	1	301 12
270	254	0.0	1	243 11
271	399	0.0	1	391 8
272	375	0.0	1	357 18
273	301	0.0	1	288 13
274	441	0.0	1	426 15
275	240	0.0	1	227 13
276	217	0.0	1	209 8
277	266	0.0	1	259 7
278	248	0.0	1	235 13
279	303	0.0	1	294 9
280	266	0.0	1	256 10
281	426	0.0	1	417 9
282	345	0.0	1	326 19
283	347	0.0	1	332 15
284	441	0.0	1	433 8
285	459	0.0	1	443 16
286	424	0.0	1	404 20
287	367	0.0	1	360 7
288	292	0.0	1	279 13
289	560	0.0	1	550 10
290	422	0.0	1	406 16
291	470	0.0	1	453 17
292	475	0.0	1	454 21
293	379	0.0	1	364 15
294	479	0.0	1	466 13
295	296	0.0	1	283 13
296	315	0.0	1	305 10
297	136	0.0	1	133 3
298	9	0.0	1	8 1
299	7	0.0	1	5 2
300	15626	0.0	1	15100 526


=== Second read: Adapter 2 ===

Sequence: GACTACHVGGGTATCTAATCC; Type: regular 3'; Length: 21; Trimmed: 38134 times.

No. of allowed errors:
0-9 bp: 0; 10-19 bp: 1; 20-21 bp: 2

Bases preceding removed adapters:
  A: 0.0%
  C: 0.0%
  G: 0.0%
  T: 0.0%
  none/other: 100.0%

Overview of removed sequences
length	count	expect	max.err	error counts
3	2	596.6	0	2
50	7	0.0	2	5 1 1
51	1	0.0	2	0 1
52	3	0.0	2	3
53	1	0.0	2	0 1
54	10	0.0	2	7 1 2
55	15	0.0	2	9 5 1
56	46	0.0	2	43 3
57	48	0.0	2	46 2
58	47	0.0	2	47
59	29	0.0	2	29
60	18	0.0	2	14 4
61	17	0.0	2	14 2 1
62	11	0.0	2	11
63	1	0.0	2	1
64	4	0.0	2	3 1
65	7	0.0	2	6 0 1
66	12	0.0	2	11 1
67	57	0.0	2	55 1 1
68	48	0.0	2	48
69	28	0.0	2	27 1
70	19	0.0	2	17 2
71	9	0.0	2	9
72	8	0.0	2	8
73	2	0.0	2	2
74	3	0.0	2	2 1
75	6	0.0	2	5 1
76	2	0.0	2	2
77	1	0.0	2	1
78	2	0.0	2	2
79	1	0.0	2	1
80	3	0.0	2	1 1 1
81	8	0.0	2	6 2
82	7	0.0	2	5 2
83	8	0.0	2	8
84	8	0.0	2	8
85	5	0.0	2	3 1 1
86	17	0.0	2	6 9 2
87	6	0.0	2	6
88	2	0.0	2	2
89	3	0.0	2	3
90	2	0.0	2	2
91	3	0.0	2	3
92	6	0.0	2	6
93	16	0.0	2	15 1
94	19	0.0	2	19
95	8	0.0	2	8
96	9	0.0	2	9
97	11	0.0	2	10 1
98	6	0.0	2	6
99	10	0.0	2	9 1
100	5	0.0	2	4 1
101	8	0.0	2	6 2
102	1	0.0	2	1
103	6	0.0	2	6
104	5	0.0	2	4 1
105	3	0.0	2	2 1
106	5	0.0	2	3 2
107	6	0.0	2	6
108	3	0.0	2	3
109	4	0.0	2	3 0 1
110	1	0.0	2	1
111	2	0.0	2	2
112	3	0.0	2	2 1
113	1	0.0	2	1
115	3	0.0	2	3
116	7	0.0	2	5 2
117	5	0.0	2	4 1
118	15	0.0	2	14 1
119	7	0.0	2	7
120	3	0.0	2	3
121	8	0.0	2	8
122	6	0.0	2	4 0 2
123	20	0.0	2	20
124	14	0.0	2	14
125	22	0.0	2	20 2
126	16	0.0	2	16
127	19	0.0	2	12 6 1
128	9	0.0	2	8 1
129	3	0.0	2	3
130	5	0.0	2	5
131	7	0.0	2	7
132	13	0.0	2	8 5
133	87	0.0	2	79 8
134	119	0.0	2	110 8 1
135	90	0.0	2	87 2 1
136	27	0.0	2	27
137	11	0.0	2	9 2
139	4	0.0	2	3 1
140	25	0.0	2	21 4
141	5	0.0	2	5
142	19	0.0	2	16 3
143	22	0.0	2	20 2
144	32	0.0	2	31 1
145	54	0.0	2	50 3 1
146	56	0.0	2	51 5
147	48	0.0	2	45 3
148	27	0.0	2	25 2
149	8	0.0	2	7 1
150	16	0.0	2	14 1 1
151	11	0.0	2	8 2 1
152	27	0.0	2	25 2
153	18	0.0	2	17 1
154	32	0.0	2	29 3
155	70	0.0	2	69 1
156	156	0.0	2	150 6
157	84	0.0	2	83 1
158	80	0.0	2	77 3
159	58	0.0	2	57 1
160	22	0.0	2	21 0 1
161	18	0.0	2	15 2 1
162	27	0.0	2	25 1 1
163	25	0.0	2	24 1
164	33	0.0	2	32 1
165	45	0.0	2	39 5 1
166	26	0.0	2	25 1
167	105	0.0	2	96 9
168	54	0.0	2	49 1 4
169	73	0.0	2	71 2
170	55	0.0	2	53 1 1
171	49	0.0	2	43 6
172	57	0.0	2	55 2
173	80	0.0	2	79 1
174	101	0.0	2	98 2 1
175	85	0.0	2	83 2
176	85	0.0	2	82 3
177	99	0.0	2	93 6
178	68	0.0	2	65 3
179	78	0.0	2	70 8
180	78	0.0	2	69 9
181	35	0.0	2	30 4 1
182	28	0.0	2	27 1
183	30	0.0	2	29 1
184	32	0.0	2	27 5
185	60	0.0	2	55 4 1
186	67	0.0	2	62 5
187	39	0.0	2	36 3
188	20	0.0	2	18 2
189	78	0.0	2	75 2 1
190	138	0.0	2	135 3
191	152	0.0	2	144 7 1
192	155	0.0	2	150 5
193	216	0.0	2	209 6 1
194	213	0.0	2	201 11 1
195	193	0.0	2	184 9
196	63	0.0	2	61 2
197	42	0.0	2	40 2
198	51	0.0	2	46 4 1
199	92	0.0	2	89 3
200	129	0.0	2	125 4
201	96	0.0	2	89 5 2
202	172	0.0	2	161 9 2
203	293	0.0	2	286 5 2
204	157	0.0	2	151 6
205	254	0.0	2	240 13 1
206	197	0.0	2	177 20
207	224	0.0	2	214 10
208	116	0.0	2	109 6 1
209	174	0.0	2	163 11
210	173	0.0	2	161 9 3
211	326	0.0	2	313 13
212	255	0.0	2	240 15
213	299	0.0	2	289 8 2
214	235	0.0	2	232 2 1
215	171	0.0	2	164 6 1
216	127	0.0	2	121 5 1
217	48	0.0	2	44 3 1
218	32	0.0	2	25 7
219	193	0.0	2	184 8 1
220	129	0.0	2	123 4 2
221	98	0.0	2	90 7 1
222	393	0.0	2	372 20 1
223	507	0.0	2	493 14
224	273	0.0	2	258 14 1
225	542	0.0	2	517 23 2
226	580	0.0	2	554 22 4
227	769	0.0	2	747 21 1
228	222	0.0	2	210 11 1
229	502	0.0	2	480 20 2
230	204	0.0	2	185 15 4
231	128	0.0	2	128
232	88	0.0	2	81 5 2
233	217	0.0	2	211 6
234	389	0.0	2	379 10
235	160	0.0	2	154 5 1
236	61	0.0	2	59 1 1
237	10	0.0	2	9 0 1
238	4	0.0	2	3 0 1
239	47	0.0	2	24 20 3
240	565	0.0	2	542 23
241	1126	0.0	2	1101 23 2
242	753	0.0	2	724 28 1
243	702	0.0	2	681 20 1
244	312	0.0	2	297 14 1
245	183	0.0	2	176 7
246	84	0.0	2	79 4 1
247	47	0.0	2	44 3
248	94	0.0	2	82 9 3
249	420	0.0	2	399 17 4
250	1220	0.0	2	1184 36
251	1136	0.0	2	1110 23 3
252	324	0.0	2	312 12
253	144	0.0	2	134 9 1
254	322	0.0	2	307 14 1
255	220	0.0	2	202 18
256	742	0.0	2	720 21 1
257	408	0.0	2	387 21
258	464	0.0	2	455 7 2
259	473	0.0	2	446 25 2
260	545	0.0	2	531 14
261	279	0.0	2	267 12
262	359	0.0	2	351 8
263	197	0.0	2	190 6 1
264	89	0.0	2	87 2
265	123	0.0	2	111 10 2
266	512	0.0	2	499 12 1
267	588	0.0	2	575 13
268	491	0.0	2	476 14 1
269	543	0.0	2	528 15
270	592	0.0	2	573 19
271	538	0.0	2	526 11 1
272	88	0.0	2	86 2
273	67	0.0	2	65 2
274	148	0.0	2	143 4 1
275	27	0.0	2	25 2
276	62	0.0	2	53 9
277	781	0.0	2	758 23
278	315	0.0	2	306 8 1
279	414	0.0	2	404 10
280	589	0.0	2	572 17
281	240	0.0	2	223 16 1
282	384	0.0	2	375 9
283	243	0.0	2	239 4
284	147	0.0	2	144 2 1
285	207	0.0	2	202 5
286	87	0.0	2	79 8
287	303	0.0	2	294 9
288	77	0.0	2	75 2
289	638	0.0	2	625 13
290	46	0.0	2	43 3
291	383	0.0	2	375 8
292	360	0.0	2	356 4
293	321	0.0	2	313 8
294	88	0.0	2	86 2
295	17	0.0	2	17
296	4	0.0	2	3 1
297	10	0.0	2	9 1
298	2	0.0	2	2
300	3487	0.0	2	3419 66 2
