This is cutadapt 2.6 with Python 3.7.16
Command line parameters: -a CCTACGGGNGGCWGCAG -A GACTACHVGGGTATCTAATCC -o trimmed_reads/Bact-22_S21_R1_trimmed.fastq.gz -p trimmed_reads/Bact-22_S21_R2_trimmed.fastq.gz clean_reads/Bact-22_S21_R1_clean.fastq.gz clean_reads/Bact-22_S21_R2_clean.fastq.gz
Processing reads on 1 core in paired-end mode ...
Finished in 0.65 s (38 us/read; 1.59 M reads/minute).

=== Summary ===

Total read pairs processed:             17,358
  Read 1 with adapter:                  17,315 (99.8%)
  Read 2 with adapter:                  17,335 (99.9%)
Pairs written (passing filters):        17,358 (100.0%)

Total basepairs processed:     8,925,232 bp
  Read 1:     4,672,231 bp
  Read 2:     4,253,001 bp
Total written (filtered):         16,630 bp (0.2%)
  Read 1:        11,690 bp
  Read 2:         4,940 bp

=== First read: Adapter 1 ===

Sequence: CCTACGGGNGGCWGCAG; Type: regular 3'; Length: 17; Trimmed: 17315 times.

No. of allowed errors:
0-9 bp: 0; 10-16 bp: 1

Bases preceding removed adapters:
  A: 0.0%
  C: 0.0%
  G: 0.0%
  T: 0.0%
  none/other: 99.9%

Overview of removed sequences
length	count	expect	max.err	error counts
6	1	4.2	0	1
8	1	0.3	0	1
50	4	0.0	1	4
51	11	0.0	1	11
52	4	0.0	1	4
53	4	0.0	1	3 1
54	1	0.0	1	1
55	4	0.0	1	4
57	4	0.0	1	4
59	2	0.0	1	2
60	2	0.0	1	2
61	1	0.0	1	1
62	2	0.0	1	2
63	1	0.0	1	1
65	2	0.0	1	2
66	9	0.0	1	9
67	16	0.0	1	16
68	9	0.0	1	9
69	7	0.0	1	6 1
70	5	0.0	1	5
71	4	0.0	1	4
73	3	0.0	1	2 1
74	2	0.0	1	2
76	1	0.0	1	1
77	13	0.0	1	13
78	16	0.0	1	16
79	6	0.0	1	6
80	7	0.0	1	6 1
81	2	0.0	1	2
82	2	0.0	1	2
83	2	0.0	1	2
84	4	0.0	1	2 2
85	10	0.0	1	8 2
86	6	0.0	1	6
87	12	0.0	1	12
88	2	0.0	1	2
89	1	0.0	1	1
90	1	0.0	1	1
91	5	0.0	1	5
92	6	0.0	1	6
93	12	0.0	1	12
94	5	0.0	1	5
95	4	0.0	1	4
96	4	0.0	1	4
97	6	0.0	1	6
98	1	0.0	1	1
99	22	0.0	1	21 1
100	18	0.0	1	17 1
101	20	0.0	1	20
102	8	0.0	1	8
103	5	0.0	1	5
104	4	0.0	1	4
105	7	0.0	1	6 1
106	3	0.0	1	3
107	7	0.0	1	7
108	2	0.0	1	2
109	1	0.0	1	1
110	2	0.0	1	1 1
111	14	0.0	1	13 1
112	24	0.0	1	24
113	23	0.0	1	22 1
114	31	0.0	1	31
115	20	0.0	1	19 1
116	23	0.0	1	23
117	26	0.0	1	25 1
118	14	0.0	1	14
119	15	0.0	1	15
120	12	0.0	1	12
121	11	0.0	1	11
122	13	0.0	1	13
123	16	0.0	1	16
124	18	0.0	1	18
125	13	0.0	1	13
126	8	0.0	1	7 1
127	27	0.0	1	27
128	26	0.0	1	26
129	10	0.0	1	10
130	10	0.0	1	9 1
131	8	0.0	1	7 1
132	6	0.0	1	6
133	5	0.0	1	5
134	10	0.0	1	10
135	4	0.0	1	4
136	6	0.0	1	5 1
137	6	0.0	1	6
138	5	0.0	1	4 1
139	7	0.0	1	6 1
140	8	0.0	1	8
141	6	0.0	1	6
142	4	0.0	1	4
143	6	0.0	1	5 1
144	8	0.0	1	8
145	6	0.0	1	6
146	11	0.0	1	11
147	6	0.0	1	6
148	8	0.0	1	8
149	12	0.0	1	12
150	8	0.0	1	8
151	6	0.0	1	6
152	3	0.0	1	3
153	5	0.0	1	5
154	5	0.0	1	4 1
155	9	0.0	1	9
156	11	0.0	1	11
157	3	0.0	1	3
158	3	0.0	1	3
159	4	0.0	1	4
160	8	0.0	1	8
161	10	0.0	1	10
162	17	0.0	1	17
163	19	0.0	1	19
164	9	0.0	1	7 2
165	14	0.0	1	14
166	13	0.0	1	13
167	17	0.0	1	17
168	10	0.0	1	10
169	11	0.0	1	8 3
170	17	0.0	1	17
171	14	0.0	1	14
172	19	0.0	1	18 1
173	20	0.0	1	18 2
174	17	0.0	1	17
175	13	0.0	1	13
176	1	0.0	1	1
177	12	0.0	1	12
178	7	0.0	1	7
179	10	0.0	1	8 2
180	7	0.0	1	5 2
181	14	0.0	1	13 1
182	7	0.0	1	7
183	14	0.0	1	14
184	9	0.0	1	9
185	19	0.0	1	17 2
186	13	0.0	1	13
187	22	0.0	1	21 1
188	3	0.0	1	3
189	12	0.0	1	11 1
190	29	0.0	1	28 1
191	23	0.0	1	22 1
192	15	0.0	1	15
193	32	0.0	1	32
194	14	0.0	1	12 2
195	23	0.0	1	22 1
196	23	0.0	1	22 1
197	16	0.0	1	14 2
198	20	0.0	1	19 1
199	24	0.0	1	24
200	24	0.0	1	23 1
201	33	0.0	1	32 1
202	14	0.0	1	13 1
203	27	0.0	1	26 1
204	19	0.0	1	16 3
205	28	0.0	1	26 2
206	25	0.0	1	24 1
207	18	0.0	1	17 1
208	27	0.0	1	27
209	37	0.0	1	36 1
210	31	0.0	1	31
211	21	0.0	1	18 3
212	44	0.0	1	44
213	32	0.0	1	31 1
214	35	0.0	1	32 3
215	36	0.0	1	35 1
216	29	0.0	1	27 2
217	38	0.0	1	37 1
218	36	0.0	1	36
219	57	0.0	1	55 2
220	38	0.0	1	36 2
221	24	0.0	1	21 3
222	26	0.0	1	26
223	29	0.0	1	28 1
224	26	0.0	1	25 1
225	33	0.0	1	32 1
226	24	0.0	1	23 1
227	45	0.0	1	45
228	54	0.0	1	54
229	28	0.0	1	28
230	41	0.0	1	39 2
231	41	0.0	1	40 1
232	28	0.0	1	27 1
233	43	0.0	1	41 2
234	56	0.0	1	53 3
235	53	0.0	1	51 2
236	32	0.0	1	32
237	69	0.0	1	69
238	61	0.0	1	59 2
239	86	0.0	1	83 3
240	113	0.0	1	110 3
241	49	0.0	1	48 1
242	52	0.0	1	51 1
243	21	0.0	1	20 1
244	47	0.0	1	46 1
245	40	0.0	1	34 6
246	71	0.0	1	67 4
247	73	0.0	1	71 2
248	62	0.0	1	61 1
249	50	0.0	1	48 2
250	66	0.0	1	64 2
251	84	0.0	1	82 2
252	88	0.0	1	83 5
253	129	0.0	1	120 9
254	70	0.0	1	69 1
255	40	0.0	1	39 1
256	64	0.0	1	62 2
257	93	0.0	1	92 1
258	78	0.0	1	76 2
259	58	0.0	1	57 1
260	89	0.0	1	88 1
261	106	0.0	1	102 4
262	89	0.0	1	87 2
263	168	0.0	1	162 6
264	146	0.0	1	142 4
265	113	0.0	1	108 5
266	191	0.0	1	182 9
267	191	0.0	1	183 8
268	188	0.0	1	178 10
269	141	0.0	1	133 8
270	114	0.0	1	109 5
271	159	0.0	1	151 8
272	204	0.0	1	198 6
273	109	0.0	1	106 3
274	198	0.0	1	192 6
275	96	0.0	1	92 4
276	95	0.0	1	95
277	132	0.0	1	130 2
278	105	0.0	1	102 3
279	146	0.0	1	141 5
280	101	0.0	1	94 7
281	177	0.0	1	170 7
282	168	0.0	1	160 8
283	152	0.0	1	145 7
284	204	0.0	1	199 5
285	180	0.0	1	176 4
286	189	0.0	1	185 4
287	178	0.0	1	176 2
288	137	0.0	1	131 6
289	246	0.0	1	240 6
290	162	0.0	1	155 7
291	190	0.0	1	178 12
292	224	0.0	1	218 6
293	182	0.0	1	177 5
294	179	0.0	1	176 3
295	142	0.0	1	133 9
296	142	0.0	1	137 5
297	55	0.0	1	55
298	8	0.0	1	8
299	2	0.0	1	1 1
300	7255	0.0	1	7010 245


=== Second read: Adapter 2 ===

Sequence: GACTACHVGGGTATCTAATCC; Type: regular 3'; Length: 21; Trimmed: 17335 times.

No. of allowed errors:
0-9 bp: 0; 10-19 bp: 1; 20-21 bp: 2

Bases preceding removed adapters:
  A: 0.0%
  C: 0.0%
  G: 0.0%
  T: 0.0%
  none/other: 100.0%

Overview of removed sequences
length	count	expect	max.err	error counts
4	1	67.8	0	1
50	4	0.0	2	1 1 2
52	1	0.0	2	0 1
53	5	0.0	2	4 1
54	4	0.0	2	2 1 1
55	8	0.0	2	7 1
56	21	0.0	2	20 1
57	27	0.0	2	25 2
58	19	0.0	2	16 0 3
59	11	0.0	2	11
60	9	0.0	2	8 1
61	3	0.0	2	3
62	5	0.0	2	3 2
63	2	0.0	2	2
65	2	0.0	2	1 1
66	4	0.0	2	4
67	21	0.0	2	20 1
68	18	0.0	2	16 2
69	19	0.0	2	19
70	8	0.0	2	7 1
71	3	0.0	2	3
72	1	0.0	2	1
73	1	0.0	2	0 0 1
74	3	0.0	2	3
75	4	0.0	2	4
76	1	0.0	2	1
81	4	0.0	2	4
82	5	0.0	2	4 0 1
84	4	0.0	2	4
86	4	0.0	2	4
88	1	0.0	2	1
89	2	0.0	2	2
90	2	0.0	2	2
91	2	0.0	2	2
92	9	0.0	2	8 1
93	8	0.0	2	8
94	10	0.0	2	10
95	3	0.0	2	3
96	10	0.0	2	8 1 1
97	3	0.0	2	3
98	5	0.0	2	4 1
99	5	0.0	2	4 1
100	2	0.0	2	2
101	4	0.0	2	4
102	1	0.0	2	1
103	4	0.0	2	3 1
104	3	0.0	2	2 1
106	1	0.0	2	0 1
107	2	0.0	2	2
109	1	0.0	2	1
110	2	0.0	2	2
111	1	0.0	2	1
112	1	0.0	2	1
113	1	0.0	2	1
114	1	0.0	2	1
115	5	0.0	2	3 2
116	2	0.0	2	1 0 1
117	2	0.0	2	1 1
118	10	0.0	2	10
119	3	0.0	2	3
120	8	0.0	2	7 1
121	5	0.0	2	5
122	5	0.0	2	4 1
123	4	0.0	2	4
124	8	0.0	2	8
125	6	0.0	2	6
126	7	0.0	2	6 1
127	5	0.0	2	4 0 1
128	2	0.0	2	2
131	1	0.0	2	1
132	2	0.0	2	1 1
133	44	0.0	2	41 2 1
134	39	0.0	2	38 1
135	22	0.0	2	22
136	5	0.0	2	5
137	1	0.0	2	1
139	3	0.0	2	3
140	3	0.0	2	3
141	3	0.0	2	3
142	9	0.0	2	7 1 1
143	14	0.0	2	14
144	16	0.0	2	15 1
145	23	0.0	2	22 0 1
146	13	0.0	2	13
147	22	0.0	2	18 4
148	11	0.0	2	11
149	8	0.0	2	8
150	9	0.0	2	9
151	5	0.0	2	4 1
152	10	0.0	2	9 1
153	6	0.0	2	6
154	10	0.0	2	9 1
155	34	0.0	2	34
156	69	0.0	2	65 4
157	33	0.0	2	29 4
158	25	0.0	2	25
159	26	0.0	2	24 2
160	8	0.0	2	8
161	11	0.0	2	11
162	11	0.0	2	9 2
163	4	0.0	2	4
164	17	0.0	2	15 2
165	15	0.0	2	15
166	13	0.0	2	13
167	27	0.0	2	24 3
168	20	0.0	2	19 1
169	24	0.0	2	19 5
170	28	0.0	2	25 3
171	20	0.0	2	19 0 1
172	24	0.0	2	23 1
173	36	0.0	2	35 1
174	43	0.0	2	41 2
175	27	0.0	2	25 2
176	24	0.0	2	23 1
177	44	0.0	2	41 2 1
178	31	0.0	2	30 1
179	43	0.0	2	42 1
180	42	0.0	2	40 2
181	12	0.0	2	12
182	15	0.0	2	13 1 1
183	20	0.0	2	19 1
184	9	0.0	2	7 2
185	28	0.0	2	27 1
186	39	0.0	2	36 3
187	26	0.0	2	25 1
188	7	0.0	2	6 1
189	32	0.0	2	29 3
190	57	0.0	2	55 2
191	66	0.0	2	61 5
192	83	0.0	2	78 4 1
193	95	0.0	2	89 6
194	81	0.0	2	79 1 1
195	84	0.0	2	77 7
196	24	0.0	2	23 1
197	22	0.0	2	20 2
198	10	0.0	2	10
199	41	0.0	2	38 3
200	53	0.0	2	51 2
201	32	0.0	2	29 2 1
202	72	0.0	2	70 2
203	127	0.0	2	120 7
204	63	0.0	2	52 11
205	116	0.0	2	105 8 3
206	79	0.0	2	70 9
207	102	0.0	2	101 1
208	57	0.0	2	52 3 2
209	79	0.0	2	76 3
210	64	0.0	2	60 3 1
211	111	0.0	2	106 3 2
212	100	0.0	2	95 5
213	112	0.0	2	105 6 1
214	105	0.0	2	100 5
215	67	0.0	2	65 2
216	54	0.0	2	51 3
217	24	0.0	2	24
218	18	0.0	2	16 2
219	85	0.0	2	83 2
220	33	0.0	2	31 2
221	44	0.0	2	38 5 1
222	172	0.0	2	165 5 2
223	263	0.0	2	252 10 1
224	122	0.0	2	115 7
225	214	0.0	2	205 9
226	256	0.0	2	244 11 1
227	379	0.0	2	366 13
228	78	0.0	2	72 6
229	243	0.0	2	236 7
230	68	0.0	2	65 2 1
231	69	0.0	2	67 2
232	43	0.0	2	41 2
233	77	0.0	2	75 2
234	167	0.0	2	158 9
235	44	0.0	2	40 4
236	30	0.0	2	27 3
237	6	0.0	2	6
238	4	0.0	2	4
239	27	0.0	2	15 11 1
240	223	0.0	2	210 12 1
241	494	0.0	2	477 16 1
242	335	0.0	2	320 13 2
243	289	0.0	2	281 7 1
244	152	0.0	2	148 3 1
245	70	0.0	2	69 1
246	56	0.0	2	53 3
247	15	0.0	2	14 0 1
248	29	0.0	2	24 5
249	197	0.0	2	185 9 3
250	534	0.0	2	505 28 1
251	553	0.0	2	538 14 1
252	162	0.0	2	155 7
253	69	0.0	2	67 2
254	143	0.0	2	136 7
255	87	0.0	2	81 6
256	384	0.0	2	369 13 2
257	184	0.0	2	170 13 1
258	206	0.0	2	199 6 1
259	253	0.0	2	246 7
260	231	0.0	2	224 7
261	142	0.0	2	139 3
262	160	0.0	2	157 2 1
263	82	0.0	2	82
264	39	0.0	2	34 3 2
265	77	0.0	2	77
266	204	0.0	2	197 6 1
267	236	0.0	2	227 9
268	138	0.0	2	134 4
269	218	0.0	2	215 3
270	208	0.0	2	204 4
271	293	0.0	2	283 10
272	41	0.0	2	39 2
273	25	0.0	2	24 1
274	94	0.0	2	93 1
275	17	0.0	2	15 2
276	41	0.0	2	36 5
277	403	0.0	2	389 14
278	165	0.0	2	162 2 1
279	218	0.0	2	215 3
280	278	0.0	2	273 5
281	115	0.0	2	113 2
282	174	0.0	2	171 3
283	115	0.0	2	114 1
284	75	0.0	2	74 1
285	100	0.0	2	98 2
286	58	0.0	2	56 2
287	137	0.0	2	134 3
288	25	0.0	2	23 2
289	332	0.0	2	324 8
290	19	0.0	2	17 2
291	187	0.0	2	185 2
292	202	0.0	2	198 4
293	151	0.0	2	146 5
294	41	0.0	2	40 1
295	5	0.0	2	5
296	3	0.0	2	3
297	12	0.0	2	12
298	1	0.0	2	1
300	1872	0.0	2	1833 38 1
