This is cutadapt 2.6 with Python 3.7.16
Command line parameters: -a CCTACGGGNGGCWGCAG -A GACTACHVGGGTATCTAATCC -o trimmed_reads/Bact-3_S3_R1_trimmed.fastq.gz -p trimmed_reads/Bact-3_S3_R2_trimmed.fastq.gz clean_reads/Bact-3_S3_R1_clean.fastq.gz clean_reads/Bact-3_S3_R2_clean.fastq.gz
Processing reads on 1 core in paired-end mode ...
Finished in 1.27 s (36 us/read; 1.66 M reads/minute).

=== Summary ===

Total read pairs processed:             35,176
  Read 1 with adapter:                  35,085 (99.7%)
  Read 2 with adapter:                  35,124 (99.9%)
Pairs written (passing filters):        35,176 (100.0%)

Total basepairs processed:    18,119,166 bp
  Read 1:     9,562,473 bp
  Read 2:     8,556,693 bp
Total written (filtered):         35,134 bp (0.2%)
  Read 1:        24,657 bp
  Read 2:        10,477 bp

=== First read: Adapter 1 ===

Sequence: CCTACGGGNGGCWGCAG; Type: regular 3'; Length: 17; Trimmed: 35085 times.

No. of allowed errors:
0-9 bp: 0; 10-16 bp: 1

Bases preceding removed adapters:
  A: 0.0%
  C: 0.0%
  G: 0.1%
  T: 0.0%
  none/other: 99.9%

Overview of removed sequences
length	count	expect	max.err	error counts
3	2	549.6	0	2
50	9	0.0	1	8 1
51	9	0.0	1	9
52	6	0.0	1	5 1
53	1	0.0	1	1
54	2	0.0	1	1 1
55	13	0.0	1	12 1
57	5	0.0	1	5
58	7	0.0	1	7
59	6	0.0	1	6
60	5	0.0	1	5
61	3	0.0	1	3
62	3	0.0	1	3
63	3	0.0	1	3
64	2	0.0	1	2
65	8	0.0	1	8
66	12	0.0	1	12
67	19	0.0	1	19
68	14	0.0	1	13 1
69	5	0.0	1	4 1
70	4	0.0	1	3 1
71	2	0.0	1	2
72	2	0.0	1	2
73	5	0.0	1	4 1
74	4	0.0	1	4
75	8	0.0	1	7 1
76	11	0.0	1	11
77	17	0.0	1	17
78	14	0.0	1	14
79	5	0.0	1	5
80	8	0.0	1	8
81	13	0.0	1	13
82	8	0.0	1	8
83	7	0.0	1	7
84	8	0.0	1	7 1
85	14	0.0	1	14
86	10	0.0	1	10
87	22	0.0	1	20 2
88	5	0.0	1	5
89	3	0.0	1	3
91	9	0.0	1	9
92	9	0.0	1	9
93	13	0.0	1	13
94	18	0.0	1	18
95	10	0.0	1	10
96	4	0.0	1	3 1
97	8	0.0	1	8
98	10	0.0	1	10
99	33	0.0	1	33
100	42	0.0	1	41 1
101	43	0.0	1	43
102	24	0.0	1	24
103	20	0.0	1	20
104	11	0.0	1	10 1
105	6	0.0	1	6
106	10	0.0	1	10
107	9	0.0	1	9
108	13	0.0	1	13
109	7	0.0	1	7
110	4	0.0	1	4
111	38	0.0	1	37 1
112	31	0.0	1	31
113	38	0.0	1	38
114	51	0.0	1	50 1
115	35	0.0	1	35
116	56	0.0	1	56
117	51	0.0	1	49 2
118	35	0.0	1	35
119	28	0.0	1	27 1
120	25	0.0	1	25
121	30	0.0	1	30
122	22	0.0	1	22
123	28	0.0	1	28
124	24	0.0	1	23 1
125	30	0.0	1	29 1
126	29	0.0	1	29
127	25	0.0	1	25
128	42	0.0	1	35 7
129	10	0.0	1	10
130	15	0.0	1	15
131	18	0.0	1	17 1
132	9	0.0	1	9
133	15	0.0	1	15
134	18	0.0	1	18
135	19	0.0	1	19
136	16	0.0	1	16
137	15	0.0	1	14 1
138	13	0.0	1	12 1
139	12	0.0	1	12
140	15	0.0	1	15
141	16	0.0	1	16
142	18	0.0	1	18
143	8	0.0	1	8
144	17	0.0	1	16 1
145	17	0.0	1	17
146	22	0.0	1	21 1
147	20	0.0	1	20
148	17	0.0	1	17
149	19	0.0	1	19
150	24	0.0	1	24
151	16	0.0	1	16
152	10	0.0	1	10
153	15	0.0	1	13 2
154	8	0.0	1	8
155	17	0.0	1	17
156	13	0.0	1	13
157	7	0.0	1	7
158	12	0.0	1	12
159	8	0.0	1	8
160	12	0.0	1	10 2
161	17	0.0	1	17
162	21	0.0	1	21
163	20	0.0	1	18 2
164	11	0.0	1	11
165	29	0.0	1	28 1
166	23	0.0	1	22 1
167	18	0.0	1	18
168	23	0.0	1	23
169	27	0.0	1	27
170	22	0.0	1	21 1
171	28	0.0	1	26 2
172	57	0.0	1	57
173	32	0.0	1	30 2
174	30	0.0	1	29 1
175	17	0.0	1	16 1
176	14	0.0	1	12 2
177	21	0.0	1	20 1
178	9	0.0	1	9
179	18	0.0	1	17 1
180	14	0.0	1	13 1
181	12	0.0	1	12
182	23	0.0	1	22 1
183	28	0.0	1	26 2
184	24	0.0	1	24
185	23	0.0	1	23
186	35	0.0	1	35
187	27	0.0	1	27
188	27	0.0	1	26 1
189	22	0.0	1	22
190	42	0.0	1	42
191	38	0.0	1	37 1
192	27	0.0	1	27
193	29	0.0	1	27 2
194	22	0.0	1	22
195	34	0.0	1	32 2
196	40	0.0	1	40
197	29	0.0	1	28 1
198	60	0.0	1	57 3
199	42	0.0	1	41 1
200	53	0.0	1	52 1
201	48	0.0	1	44 4
202	33	0.0	1	33
203	25	0.0	1	25
204	30	0.0	1	30
205	29	0.0	1	27 2
206	22	0.0	1	22
207	51	0.0	1	50 1
208	46	0.0	1	46
209	56	0.0	1	53 3
210	49	0.0	1	49
211	43	0.0	1	40 3
212	72	0.0	1	72
213	49	0.0	1	48 1
214	49	0.0	1	48 1
215	45	0.0	1	43 2
216	48	0.0	1	45 3
217	65	0.0	1	61 4
218	62	0.0	1	58 4
219	89	0.0	1	87 2
220	48	0.0	1	47 1
221	48	0.0	1	46 2
222	58	0.0	1	57 1
223	59	0.0	1	58 1
224	69	0.0	1	67 2
225	43	0.0	1	43
226	60	0.0	1	59 1
227	81	0.0	1	79 2
228	92	0.0	1	88 4
229	64	0.0	1	59 5
230	85	0.0	1	84 1
231	81	0.0	1	79 2
232	69	0.0	1	66 3
233	79	0.0	1	79
234	92	0.0	1	90 2
235	87	0.0	1	82 5
236	90	0.0	1	88 2
237	116	0.0	1	107 9
238	122	0.0	1	120 2
239	203	0.0	1	196 7
240	266	0.0	1	254 12
241	108	0.0	1	104 4
242	64	0.0	1	61 3
243	40	0.0	1	40
244	79	0.0	1	78 1
245	86	0.0	1	85 1
246	110	0.0	1	109 1
247	143	0.0	1	139 4
248	107	0.0	1	105 2
249	107	0.0	1	106 1
250	107	0.0	1	105 2
251	137	0.0	1	129 8
252	179	0.0	1	173 6
253	234	0.0	1	227 7
254	111	0.0	1	108 3
255	72	0.0	1	69 3
256	93	0.0	1	91 2
257	179	0.0	1	176 3
258	167	0.0	1	165 2
259	123	0.0	1	119 4
260	159	0.0	1	152 7
261	160	0.0	1	155 5
262	190	0.0	1	180 10
263	267	0.0	1	259 8
264	262	0.0	1	257 5
265	250	0.0	1	238 12
266	316	0.0	1	305 11
267	389	0.0	1	374 15
268	310	0.0	1	302 8
269	279	0.0	1	266 13
270	243	0.0	1	237 6
271	364	0.0	1	352 12
272	360	0.0	1	343 17
273	230	0.0	1	217 13
274	293	0.0	1	288 5
275	202	0.0	1	193 9
276	173	0.0	1	167 6
277	274	0.0	1	264 10
278	188	0.0	1	181 7
279	280	0.0	1	275 5
280	255	0.0	1	250 5
281	316	0.0	1	304 12
282	320	0.0	1	307 13
283	294	0.0	1	287 7
284	352	0.0	1	338 14
285	371	0.0	1	356 15
286	318	0.0	1	306 12
287	303	0.0	1	293 10
288	250	0.0	1	237 13
289	534	0.0	1	519 15
290	372	0.0	1	356 16
291	444	0.0	1	432 12
292	373	0.0	1	360 13
293	304	0.0	1	288 16
294	359	0.0	1	351 8
295	276	0.0	1	263 13
296	270	0.0	1	258 12
297	86	0.0	1	81 5
298	2	0.0	1	2
299	11	0.0	1	11
300	16233	0.0	1	15703 530


=== Second read: Adapter 2 ===

Sequence: GACTACHVGGGTATCTAATCC; Type: regular 3'; Length: 21; Trimmed: 35124 times.

No. of allowed errors:
0-9 bp: 0; 10-19 bp: 1; 20-21 bp: 2

Bases preceding removed adapters:
  A: 0.0%
  C: 0.0%
  G: 0.0%
  T: 0.0%
  none/other: 100.0%

Overview of removed sequences
length	count	expect	max.err	error counts
3	2	549.6	0	2
50	5	0.0	2	4 1
51	1	0.0	2	0 1
52	3	0.0	2	2 1
53	3	0.0	2	3
54	10	0.0	2	7 3
55	25	0.0	2	20 4 1
56	30	0.0	2	28 2
57	68	0.0	2	65 3
58	54	0.0	2	52 2
59	26	0.0	2	25 1
60	17	0.0	2	17
61	7	0.0	2	7
62	13	0.0	2	13
63	3	0.0	2	2 1
64	2	0.0	2	2
65	2	0.0	2	2
66	3	0.0	2	3
67	58	0.0	2	57 1
68	64	0.0	2	64
69	44	0.0	2	41 3
70	19	0.0	2	17 1 1
71	6	0.0	2	6
72	7	0.0	2	6 0 1
73	5	0.0	2	3 2
74	6	0.0	2	6
75	7	0.0	2	4 3
76	1	0.0	2	1
77	2	0.0	2	1 0 1
78	2	0.0	2	2
79	4	0.0	2	3 1
80	2	0.0	2	1 1
81	8	0.0	2	7 1
82	4	0.0	2	4
83	5	0.0	2	4 1
84	4	0.0	2	4
85	4	0.0	2	2 2
86	6	0.0	2	1 4 1
87	6	0.0	2	3 2 1
88	5	0.0	2	2 2 1
89	4	0.0	2	4
90	5	0.0	2	3 2
91	5	0.0	2	5
92	7	0.0	2	6 1
93	19	0.0	2	18 1
94	32	0.0	2	29 3
95	15	0.0	2	15
96	10	0.0	2	9 1
97	9	0.0	2	7 1 1
98	13	0.0	2	11 1 1
99	10	0.0	2	10
100	10	0.0	2	9 1
101	8	0.0	2	8
102	4	0.0	2	3 1
103	2	0.0	2	2
104	4	0.0	2	4
106	2	0.0	2	2
107	4	0.0	2	2 1 1
108	2	0.0	2	2
109	2	0.0	2	1 1
110	2	0.0	2	2
111	3	0.0	2	3
112	1	0.0	2	0 1
113	3	0.0	2	2 1
114	1	0.0	2	0 0 1
115	6	0.0	2	2 4
116	3	0.0	2	2 1
117	9	0.0	2	8 1
118	14	0.0	2	14
119	10	0.0	2	9 1
120	5	0.0	2	1 4
121	7	0.0	2	5 1 1
122	8	0.0	2	8
123	18	0.0	2	17 1
124	18	0.0	2	17 1
125	19	0.0	2	19
126	10	0.0	2	7 3
127	11	0.0	2	6 5
128	3	0.0	2	3
129	3	0.0	2	2 1
130	3	0.0	2	3
131	4	0.0	2	4
132	13	0.0	2	12 1
133	70	0.0	2	66 3 1
134	126	0.0	2	121 5
135	86	0.0	2	79 6 1
136	17	0.0	2	17
137	6	0.0	2	5 0 1
138	2	0.0	2	2
139	4	0.0	2	3 1
140	21	0.0	2	20 1
141	5	0.0	2	5
142	18	0.0	2	17 1
143	25	0.0	2	25
144	40	0.0	2	38 2
145	59	0.0	2	55 4
146	64	0.0	2	61 3
147	39	0.0	2	37 2
148	26	0.0	2	25 1
149	9	0.0	2	7 2
150	14	0.0	2	13 1
151	15	0.0	2	11 1 3
152	26	0.0	2	26
153	21	0.0	2	19 2
154	21	0.0	2	18 2 1
155	66	0.0	2	61 5
156	132	0.0	2	125 7
157	84	0.0	2	80 3 1
158	61	0.0	2	57 3 1
159	43	0.0	2	40 3
160	20	0.0	2	20
161	15	0.0	2	14 1
162	18	0.0	2	17 1
163	25	0.0	2	24 1
164	32	0.0	2	30 2
165	33	0.0	2	30 2 1
166	30	0.0	2	29 1
167	89	0.0	2	78 10 1
168	49	0.0	2	46 3
169	57	0.0	2	55 2
170	53	0.0	2	47 5 1
171	55	0.0	2	52 3
172	41	0.0	2	40 1
173	79	0.0	2	74 5
174	90	0.0	2	87 2 1
175	83	0.0	2	81 2
176	63	0.0	2	62 0 1
177	88	0.0	2	84 4
178	65	0.0	2	61 4
179	71	0.0	2	69 2
180	56	0.0	2	53 3
181	21	0.0	2	19 2
182	19	0.0	2	15 2 2
183	20	0.0	2	18 1 1
184	22	0.0	2	18 4
185	47	0.0	2	44 3
186	59	0.0	2	53 6
187	19	0.0	2	19
188	16	0.0	2	13 3
189	56	0.0	2	54 2
190	107	0.0	2	102 5
191	148	0.0	2	144 4
192	134	0.0	2	130 4
193	182	0.0	2	175 7
194	155	0.0	2	147 7 1
195	186	0.0	2	177 9
196	39	0.0	2	35 4
197	24	0.0	2	23 0 1
198	41	0.0	2	37 3 1
199	79	0.0	2	77 2
200	121	0.0	2	117 4
201	60	0.0	2	56 3 1
202	134	0.0	2	121 13
203	299	0.0	2	289 10
204	115	0.0	2	104 11
205	211	0.0	2	196 12 3
206	162	0.0	2	146 16
207	221	0.0	2	212 7 2
208	106	0.0	2	95 10 1
209	169	0.0	2	165 3 1
210	122	0.0	2	118 3 1
211	263	0.0	2	255 8
212	193	0.0	2	187 6
213	235	0.0	2	229 6
214	194	0.0	2	180 12 2
215	146	0.0	2	143 3
216	120	0.0	2	116 4
217	30	0.0	2	25 5
218	28	0.0	2	21 7
219	157	0.0	2	149 6 2
220	79	0.0	2	76 2 1
221	86	0.0	2	73 11 2
222	322	0.0	2	302 20
223	506	0.0	2	491 15
224	214	0.0	2	200 13 1
225	424	0.0	2	409 14 1
226	592	0.0	2	571 20 1
227	796	0.0	2	773 19 4
228	165	0.0	2	152 13
229	512	0.0	2	492 17 3
230	138	0.0	2	126 12
231	99	0.0	2	96 3
232	73	0.0	2	66 4 3
233	173	0.0	2	162 10 1
234	332	0.0	2	324 7 1
235	92	0.0	2	85 6 1
236	47	0.0	2	46 0 1
237	10	0.0	2	9 1
238	15	0.0	2	9 2 4
239	34	0.0	2	17 17
240	510	0.0	2	479 28 3
241	1052	0.0	2	1024 28
242	663	0.0	2	642 20 1
243	679	0.0	2	663 16
244	290	0.0	2	281 8 1
245	170	0.0	2	164 5 1
246	83	0.0	2	77 5 1
247	35	0.0	2	30 4 1
248	85	0.0	2	78 6 1
249	500	0.0	2	484 15 1
250	1133	0.0	2	1100 32 1
251	1063	0.0	2	1041 21 1
252	288	0.0	2	278 10
253	125	0.0	2	120 4 1
254	263	0.0	2	252 10 1
255	227	0.0	2	213 14
256	748	0.0	2	730 14 4
257	382	0.0	2	364 18
258	550	0.0	2	538 12
259	518	0.0	2	508 10
260	529	0.0	2	517 12
261	263	0.0	2	259 4
262	389	0.0	2	381 8
263	179	0.0	2	175 4
264	79	0.0	2	78 1
265	106	0.0	2	97 9
266	427	0.0	2	420 7
267	515	0.0	2	506 9
268	289	0.0	2	283 6
269	433	0.0	2	424 9
270	424	0.0	2	413 11
271	489	0.0	2	484 5
272	92	0.0	2	86 5 1
273	65	0.0	2	61 4
274	159	0.0	2	157 2
275	40	0.0	2	38 2
276	81	0.0	2	70 11
277	786	0.0	2	762 24
278	278	0.0	2	274 4
279	449	0.0	2	439 8 2
280	577	0.0	2	564 11 2
281	201	0.0	2	198 3
282	343	0.0	2	336 7
283	261	0.0	2	258 3
284	149	0.0	2	145 4
285	169	0.0	2	167 2
286	100	0.0	2	93 7
287	272	0.0	2	266 6
288	61	0.0	2	58 3
289	646	0.0	2	632 13 1
290	46	0.0	2	44 2
291	385	0.0	2	378 7
292	417	0.0	2	413 4
293	295	0.0	2	286 8 1
294	76	0.0	2	75 1
295	24	0.0	2	24
296	7	0.0	2	6 1
297	20	0.0	2	20
300	3374	0.0	2	3328 45 1
