This is cutadapt 2.6 with Python 3.7.16
Command line parameters: -a CCTACGGGNGGCWGCAG -A GACTACHVGGGTATCTAATCC -o trimmed_reads/Bact-30_S29_R1_trimmed.fastq.gz -p trimmed_reads/Bact-30_S29_R2_trimmed.fastq.gz clean_reads/Bact-30_S29_R1_clean.fastq.gz clean_reads/Bact-30_S29_R2_clean.fastq.gz
Processing reads on 1 core in paired-end mode ...
Finished in 1.41 s (36 us/read; 1.67 M reads/minute).

=== Summary ===

Total read pairs processed:             39,372
  Read 1 with adapter:                  39,293 (99.8%)
  Read 2 with adapter:                  39,313 (99.9%)
Pairs written (passing filters):        39,372 (100.0%)

Total basepairs processed:    19,983,289 bp
  Read 1:    10,575,479 bp
  Read 2:     9,407,810 bp
Total written (filtered):         34,321 bp (0.2%)
  Read 1:        22,682 bp
  Read 2:        11,639 bp

=== First read: Adapter 1 ===

Sequence: CCTACGGGNGGCWGCAG; Type: regular 3'; Length: 17; Trimmed: 39293 times.

No. of allowed errors:
0-9 bp: 0; 10-16 bp: 1

Bases preceding removed adapters:
  A: 0.0%
  C: 0.0%
  G: 0.1%
  T: 0.0%
  none/other: 99.9%

Overview of removed sequences
length	count	expect	max.err	error counts
3	1	615.2	0	1
8	1	0.6	0	1
11	1	0.0	1	1
12	1	0.0	1	1
31	1	0.0	1	1
34	1	0.0	1	1
46	1	0.0	1	1
50	11	0.0	1	11
51	8	0.0	1	7 1
52	4	0.0	1	4
53	2	0.0	1	2
54	5	0.0	1	5
55	13	0.0	1	13
56	2	0.0	1	2
57	7	0.0	1	5 2
58	4	0.0	1	3 1
59	8	0.0	1	8
60	7	0.0	1	7
61	3	0.0	1	3
62	3	0.0	1	3
63	1	0.0	1	1
64	8	0.0	1	8
65	7	0.0	1	7
66	23	0.0	1	23
67	25	0.0	1	24 1
68	9	0.0	1	9
69	12	0.0	1	12
70	15	0.0	1	15
71	2	0.0	1	2
72	6	0.0	1	5 1
73	9	0.0	1	8 1
74	12	0.0	1	12
75	11	0.0	1	11
76	10	0.0	1	10
77	13	0.0	1	13
78	17	0.0	1	16 1
79	11	0.0	1	11
80	21	0.0	1	21
81	14	0.0	1	14
82	8	0.0	1	8
83	3	0.0	1	2 1
84	8	0.0	1	7 1
85	13	0.0	1	13
86	11	0.0	1	10 1
87	28	0.0	1	28
88	2	0.0	1	2
89	1	0.0	1	1
91	10	0.0	1	10
92	21	0.0	1	21
93	17	0.0	1	17
94	15	0.0	1	14 1
95	10	0.0	1	10
96	9	0.0	1	9
97	17	0.0	1	17
98	10	0.0	1	10
99	38	0.0	1	37 1
100	55	0.0	1	54 1
101	52	0.0	1	51 1
102	20	0.0	1	20
103	19	0.0	1	19
104	18	0.0	1	17 1
105	10	0.0	1	10
106	8	0.0	1	8
107	13	0.0	1	13
108	23	0.0	1	22 1
109	11	0.0	1	10 1
110	5	0.0	1	5
111	25	0.0	1	24 1
112	49	0.0	1	49
113	63	0.0	1	63
114	56	0.0	1	55 1
115	57	0.0	1	56 1
116	59	0.0	1	56 3
117	52	0.0	1	51 1
118	29	0.0	1	25 4
119	27	0.0	1	26 1
120	24	0.0	1	24
121	34	0.0	1	34
122	27	0.0	1	27
123	32	0.0	1	31 1
124	28	0.0	1	27 1
125	38	0.0	1	37 1
126	15	0.0	1	15
127	26	0.0	1	26
128	74	0.0	1	72 2
129	19	0.0	1	18 1
130	20	0.0	1	20
131	23	0.0	1	22 1
132	20	0.0	1	19 1
133	16	0.0	1	15 1
134	19	0.0	1	19
135	26	0.0	1	26
136	31	0.0	1	29 2
137	22	0.0	1	21 1
138	24	0.0	1	24
139	18	0.0	1	18
140	19	0.0	1	18 1
141	10	0.0	1	10
142	18	0.0	1	18
143	18	0.0	1	18
144	24	0.0	1	24
145	18	0.0	1	17 1
146	26	0.0	1	26
147	23	0.0	1	23
148	20	0.0	1	17 3
149	22	0.0	1	22
150	25	0.0	1	25
151	20	0.0	1	20
152	9	0.0	1	9
153	14	0.0	1	13 1
154	13	0.0	1	13
155	23	0.0	1	22 1
156	10	0.0	1	10
157	13	0.0	1	13
158	14	0.0	1	13 1
159	14	0.0	1	14
160	28	0.0	1	27 1
161	17	0.0	1	17
162	21	0.0	1	21
163	35	0.0	1	34 1
164	20	0.0	1	20
165	26	0.0	1	25 1
166	24	0.0	1	24
167	12	0.0	1	12
168	26	0.0	1	26
169	38	0.0	1	36 2
170	28	0.0	1	28
171	43	0.0	1	42 1
172	51	0.0	1	51
173	47	0.0	1	45 2
174	39	0.0	1	39
175	43	0.0	1	42 1
176	20	0.0	1	19 1
177	22	0.0	1	22
178	20	0.0	1	18 2
179	20	0.0	1	20
180	17	0.0	1	16 1
181	35	0.0	1	35
182	37	0.0	1	35 2
183	24	0.0	1	24
184	21	0.0	1	21
185	27	0.0	1	27
186	32	0.0	1	29 3
187	34	0.0	1	32 2
188	24	0.0	1	24
189	21	0.0	1	20 1
190	44	0.0	1	43 1
191	50	0.0	1	50
192	24	0.0	1	23 1
193	39	0.0	1	39
194	43	0.0	1	42 1
195	53	0.0	1	50 3
196	59	0.0	1	58 1
197	66	0.0	1	65 1
198	54	0.0	1	54
199	51	0.0	1	49 2
200	61	0.0	1	59 2
201	48	0.0	1	44 4
202	44	0.0	1	42 2
203	49	0.0	1	48 1
204	46	0.0	1	45 1
205	41	0.0	1	40 1
206	41	0.0	1	39 2
207	50	0.0	1	50
208	46	0.0	1	41 5
209	74	0.0	1	71 3
210	45	0.0	1	43 2
211	84	0.0	1	75 9
212	64	0.0	1	62 2
213	68	0.0	1	67 1
214	54	0.0	1	53 1
215	75	0.0	1	73 2
216	54	0.0	1	51 3
217	78	0.0	1	73 5
218	85	0.0	1	82 3
219	114	0.0	1	111 3
220	65	0.0	1	64 1
221	59	0.0	1	57 2
222	88	0.0	1	84 4
223	70	0.0	1	64 6
224	93	0.0	1	89 4
225	67	0.0	1	67
226	103	0.0	1	99 4
227	107	0.0	1	103 4
228	121	0.0	1	116 5
229	104	0.0	1	100 4
230	120	0.0	1	119 1
231	93	0.0	1	93
232	95	0.0	1	91 4
233	107	0.0	1	103 4
234	103	0.0	1	98 5
235	122	0.0	1	117 5
236	125	0.0	1	120 5
237	123	0.0	1	118 5
238	166	0.0	1	163 3
239	201	0.0	1	195 6
240	321	0.0	1	314 7
241	132	0.0	1	128 4
242	83	0.0	1	81 2
243	55	0.0	1	55
244	68	0.0	1	66 2
245	75	0.0	1	73 2
246	132	0.0	1	124 8
247	172	0.0	1	169 3
248	144	0.0	1	141 3
249	122	0.0	1	117 5
250	139	0.0	1	137 2
251	191	0.0	1	186 5
252	203	0.0	1	195 8
253	351	0.0	1	338 13
254	161	0.0	1	156 5
255	93	0.0	1	84 9
256	142	0.0	1	139 3
257	182	0.0	1	178 4
258	232	0.0	1	223 9
259	138	0.0	1	132 6
260	181	0.0	1	175 6
261	207	0.0	1	202 5
262	202	0.0	1	192 10
263	313	0.0	1	303 10
264	309	0.0	1	295 14
265	253	0.0	1	246 7
266	405	0.0	1	393 12
267	593	0.0	1	578 15
268	413	0.0	1	398 15
269	375	0.0	1	358 17
270	319	0.0	1	308 11
271	359	0.0	1	347 12
272	422	0.0	1	410 12
273	300	0.0	1	297 3
274	514	0.0	1	506 8
275	279	0.0	1	271 8
276	231	0.0	1	220 11
277	331	0.0	1	312 19
278	235	0.0	1	227 8
279	284	0.0	1	274 10
280	263	0.0	1	247 16
281	396	0.0	1	385 11
282	354	0.0	1	339 15
283	370	0.0	1	364 6
284	472	0.0	1	454 18
285	512	0.0	1	490 22
286	427	0.0	1	409 18
287	349	0.0	1	333 16
288	290	0.0	1	276 14
289	592	0.0	1	570 22
290	439	0.0	1	430 9
291	397	0.0	1	386 11
292	462	0.0	1	446 16
293	359	0.0	1	349 10
294	360	0.0	1	349 11
295	369	0.0	1	353 16
296	321	0.0	1	307 14
297	117	0.0	1	110 7
298	4	0.0	1	4
299	12	0.0	1	11 1
300	16008	0.0	1	15555 453


=== Second read: Adapter 2 ===

Sequence: GACTACHVGGGTATCTAATCC; Type: regular 3'; Length: 21; Trimmed: 39313 times.

No. of allowed errors:
0-9 bp: 0; 10-19 bp: 1; 20-21 bp: 2

Bases preceding removed adapters:
  A: 0.0%
  C: 0.0%
  G: 0.0%
  T: 0.0%
  none/other: 100.0%

Overview of removed sequences
length	count	expect	max.err	error counts
3	1	615.2	0	1
4	1	153.8	0	1
50	7	0.0	2	4 2 1
51	1	0.0	2	0 0 1
52	5	0.0	2	2 3
54	13	0.0	2	8 5
55	15	0.0	2	14 1
56	42	0.0	2	41 1
57	44	0.0	2	42 2
58	44	0.0	2	43 1
59	33	0.0	2	32 0 1
60	18	0.0	2	18
61	12	0.0	2	11 1
62	6	0.0	2	5 1
63	5	0.0	2	4 1
64	2	0.0	2	2
65	5	0.0	2	4 1
66	7	0.0	2	4 2 1
67	50	0.0	2	49 1
68	48	0.0	2	46 2
69	33	0.0	2	30 3
70	22	0.0	2	22
71	9	0.0	2	8 1
72	9	0.0	2	6 3
73	4	0.0	2	3 1
74	6	0.0	2	6
75	9	0.0	2	8 1
76	1	0.0	2	1
77	4	0.0	2	3 1
78	1	0.0	2	1
79	3	0.0	2	3
81	10	0.0	2	9 1
82	4	0.0	2	2 1 1
83	9	0.0	2	7 2
84	10	0.0	2	8 2
85	8	0.0	2	4 3 1
86	11	0.0	2	9 1 1
87	4	0.0	2	3 1
88	4	0.0	2	4
89	4	0.0	2	3 1
90	1	0.0	2	1
91	5	0.0	2	4 1
92	7	0.0	2	6 1
93	11	0.0	2	11
94	19	0.0	2	17 2
95	13	0.0	2	11 2
96	16	0.0	2	14 2
97	6	0.0	2	5 1
98	14	0.0	2	13 1
99	5	0.0	2	5
100	7	0.0	2	5 2
101	7	0.0	2	6 1
102	7	0.0	2	6 1
103	2	0.0	2	2
104	3	0.0	2	3
105	2	0.0	2	0 2
106	7	0.0	2	4 3
107	5	0.0	2	5
108	1	0.0	2	1
109	6	0.0	2	6
110	5	0.0	2	4 1
111	3	0.0	2	3
112	2	0.0	2	2
114	2	0.0	2	2
115	5	0.0	2	3 2
116	6	0.0	2	6
117	4	0.0	2	4
118	12	0.0	2	10 2
119	8	0.0	2	7 1
120	9	0.0	2	6 3
121	10	0.0	2	7 3
122	5	0.0	2	5
123	22	0.0	2	22
124	21	0.0	2	21
125	23	0.0	2	22 1
126	18	0.0	2	16 2
127	15	0.0	2	14 1
128	8	0.0	2	8
129	6	0.0	2	5 1
130	7	0.0	2	6 1
131	4	0.0	2	4
132	4	0.0	2	4
133	86	0.0	2	84 2
134	115	0.0	2	107 6 2
135	78	0.0	2	74 4
136	32	0.0	2	32
137	6	0.0	2	6
138	3	0.0	2	3
139	5	0.0	2	3 2
140	27	0.0	2	25 2
141	9	0.0	2	9
142	32	0.0	2	25 7
143	32	0.0	2	28 4
144	52	0.0	2	48 4
145	56	0.0	2	52 2 2
146	55	0.0	2	50 4 1
147	60	0.0	2	57 3
148	27	0.0	2	25 2
149	14	0.0	2	11 2 1
150	23	0.0	2	21 2
151	20	0.0	2	17 1 2
152	30	0.0	2	28 1 1
153	31	0.0	2	28 3
154	28	0.0	2	26 2
155	90	0.0	2	89 1
156	171	0.0	2	160 9 2
157	114	0.0	2	110 4
158	82	0.0	2	77 4 1
159	49	0.0	2	45 4
160	26	0.0	2	24 2
161	22	0.0	2	21 1
162	25	0.0	2	23 2
163	18	0.0	2	17 1
164	37	0.0	2	35 2
165	33	0.0	2	31 1 1
166	32	0.0	2	30 2
167	95	0.0	2	89 6
168	56	0.0	2	56
169	109	0.0	2	108 1
170	69	0.0	2	67 1 1
171	71	0.0	2	66 5
172	52	0.0	2	52
173	81	0.0	2	80 1
174	82	0.0	2	78 4
175	75	0.0	2	72 3
176	62	0.0	2	58 4
177	97	0.0	2	96 1
178	70	0.0	2	67 3
179	113	0.0	2	108 4 1
180	91	0.0	2	88 3
181	34	0.0	2	30 4
182	40	0.0	2	35 4 1
183	37	0.0	2	36 0 1
184	48	0.0	2	46 2
185	69	0.0	2	66 3
186	68	0.0	2	60 6 2
187	43	0.0	2	42 1
188	10	0.0	2	10
189	63	0.0	2	62 1
190	169	0.0	2	157 10 2
191	158	0.0	2	150 7 1
192	195	0.0	2	187 8
193	299	0.0	2	289 9 1
194	274	0.0	2	257 16 1
195	251	0.0	2	241 9 1
196	60	0.0	2	57 3
197	39	0.0	2	36 3
198	47	0.0	2	42 4 1
199	98	0.0	2	92 6
200	174	0.0	2	168 6
201	81	0.0	2	74 7
202	243	0.0	2	237 6
203	364	0.0	2	354 9 1
204	180	0.0	2	160 20
205	305	0.0	2	293 12
206	236	0.0	2	226 9 1
207	281	0.0	2	274 5 2
208	126	0.0	2	115 10 1
209	217	0.0	2	208 8 1
210	148	0.0	2	143 5
211	405	0.0	2	382 21 2
212	284	0.0	2	275 9
213	357	0.0	2	346 8 3
214	284	0.0	2	275 9
215	162	0.0	2	153 9
216	153	0.0	2	147 6
217	59	0.0	2	57 2
218	31	0.0	2	26 5
219	235	0.0	2	223 11 1
220	114	0.0	2	110 4
221	114	0.0	2	104 9 1
222	450	0.0	2	425 23 2
223	625	0.0	2	610 15
224	318	0.0	2	303 15
225	667	0.0	2	642 24 1
226	547	0.0	2	529 17 1
227	860	0.0	2	836 23 1
228	238	0.0	2	218 19 1
229	531	0.0	2	520 10 1
230	168	0.0	2	152 15 1
231	205	0.0	2	198 7
232	141	0.0	2	132 5 4
233	228	0.0	2	212 15 1
234	442	0.0	2	428 14
235	152	0.0	2	143 9
236	59	0.0	2	57 2
237	6	0.0	2	5 0 1
238	13	0.0	2	13
239	38	0.0	2	23 15
240	623	0.0	2	590 30 3
241	1308	0.0	2	1271 36 1
242	829	0.0	2	813 16
243	818	0.0	2	794 21 3
244	369	0.0	2	353 15 1
245	239	0.0	2	225 14
246	114	0.0	2	110 4
247	59	0.0	2	58 1
248	81	0.0	2	75 6
249	511	0.0	2	496 14 1
250	1223	0.0	2	1192 30 1
251	1246	0.0	2	1210 34 2
252	354	0.0	2	341 13
253	203	0.0	2	193 10
254	349	0.0	2	338 9 2
255	177	0.0	2	169 8
256	798	0.0	2	780 16 2
257	367	0.0	2	361 6
258	498	0.0	2	483 15
259	489	0.0	2	478 11
260	516	0.0	2	509 7
261	365	0.0	2	358 7
262	369	0.0	2	359 10
263	214	0.0	2	209 4 1
264	73	0.0	2	71 1 1
265	121	0.0	2	108 13
266	486	0.0	2	477 9
267	505	0.0	2	498 6 1
268	464	0.0	2	453 10 1
269	494	0.0	2	482 12
270	453	0.0	2	440 12 1
271	552	0.0	2	536 15 1
272	86	0.0	2	82 4
273	81	0.0	2	76 5
274	176	0.0	2	172 3 1
275	40	0.0	2	39 1
276	66	0.0	2	57 8 1
277	818	0.0	2	794 22 2
278	293	0.0	2	284 9
279	394	0.0	2	387 7
280	555	0.0	2	537 18
281	184	0.0	2	180 4
282	339	0.0	2	332 7
283	229	0.0	2	221 8
284	134	0.0	2	133 0 1
285	179	0.0	2	177 2
286	92	0.0	2	88 4
287	291	0.0	2	285 6
288	64	0.0	2	63 1
289	523	0.0	2	514 9
290	41	0.0	2	41
291	347	0.0	2	342 5
292	347	0.0	2	341 6
293	282	0.0	2	273 9
294	89	0.0	2	88 1
295	17	0.0	2	17
296	2	0.0	2	2
297	20	0.0	2	19 1
300	2604	0.0	2	2562 42
