This is cutadapt 2.6 with Python 3.7.16
Command line parameters: -a CCTACGGGNGGCWGCAG -A GACTACHVGGGTATCTAATCC -o trimmed_reads/Bact-8_S8_R1_trimmed.fastq.gz -p trimmed_reads/Bact-8_S8_R2_trimmed.fastq.gz clean_reads/Bact-8_S8_R1_clean.fastq.gz clean_reads/Bact-8_S8_R2_clean.fastq.gz
Processing reads on 1 core in paired-end mode ...
Finished in 2.36 s (61 us/read; 0.99 M reads/minute).

=== Summary ===

Total read pairs processed:             38,950
  Read 1 with adapter:                  38,852 (99.7%)
  Read 2 with adapter:                  38,897 (99.9%)
Pairs written (passing filters):        38,950 (100.0%)

Total basepairs processed:    19,982,706 bp
  Read 1:    10,442,334 bp
  Read 2:     9,540,372 bp
Total written (filtered):         37,145 bp (0.2%)
  Read 1:        26,841 bp
  Read 2:        10,304 bp

=== First read: Adapter 1 ===

Sequence: CCTACGGGNGGCWGCAG; Type: regular 3'; Length: 17; Trimmed: 38852 times.

No. of allowed errors:
0-9 bp: 0; 10-16 bp: 1

Bases preceding removed adapters:
  A: 0.0%
  C: 0.0%
  G: 0.1%
  T: 0.0%
  none/other: 99.9%

Overview of removed sequences
length	count	expect	max.err	error counts
50	19	0.0	1	19
51	11	0.0	1	11
52	5	0.0	1	5
53	1	0.0	1	1
54	6	0.0	1	6
55	6	0.0	1	6
56	1	0.0	1	0 1
57	7	0.0	1	7
58	3	0.0	1	2 1
59	6	0.0	1	6
60	4	0.0	1	4
61	5	0.0	1	4 1
62	2	0.0	1	2
63	2	0.0	1	2
64	4	0.0	1	4
65	5	0.0	1	5
66	18	0.0	1	17 1
67	16	0.0	1	15 1
68	12	0.0	1	12
69	17	0.0	1	17
70	6	0.0	1	6
71	2	0.0	1	2
72	3	0.0	1	3
73	8	0.0	1	8
74	13	0.0	1	13
75	5	0.0	1	5
76	12	0.0	1	12
77	33	0.0	1	31 2
78	25	0.0	1	25
79	18	0.0	1	18
80	14	0.0	1	13 1
81	8	0.0	1	8
82	6	0.0	1	6
83	4	0.0	1	4
84	7	0.0	1	7
85	13	0.0	1	12 1
86	22	0.0	1	21 1
87	27	0.0	1	27
88	8	0.0	1	8
90	2	0.0	1	2
91	12	0.0	1	11 1
92	24	0.0	1	22 2
93	24	0.0	1	23 1
94	19	0.0	1	19
95	20	0.0	1	19 1
96	13	0.0	1	12 1
97	15	0.0	1	15
98	12	0.0	1	11 1
99	39	0.0	1	38 1
100	54	0.0	1	54
101	54	0.0	1	53 1
102	17	0.0	1	15 2
103	11	0.0	1	11
104	13	0.0	1	13
105	5	0.0	1	5
106	5	0.0	1	4 1
107	9	0.0	1	9
108	16	0.0	1	16
109	10	0.0	1	9 1
110	5	0.0	1	5
111	22	0.0	1	22
112	51	0.0	1	50 1
113	60	0.0	1	60
114	48	0.0	1	48
115	46	0.0	1	45 1
116	48	0.0	1	47 1
117	39	0.0	1	38 1
118	40	0.0	1	37 3
119	21	0.0	1	21
120	19	0.0	1	19
121	22	0.0	1	22
122	24	0.0	1	24
123	38	0.0	1	38
124	31	0.0	1	31
125	37	0.0	1	35 2
126	25	0.0	1	25
127	34	0.0	1	34
128	72	0.0	1	71 1
129	12	0.0	1	12
130	22	0.0	1	21 1
131	29	0.0	1	29
132	24	0.0	1	22 2
133	16	0.0	1	16
134	18	0.0	1	18
135	33	0.0	1	32 1
136	17	0.0	1	17
137	12	0.0	1	12
138	24	0.0	1	24
139	17	0.0	1	17
140	8	0.0	1	8
141	13	0.0	1	13
142	22	0.0	1	22
143	11	0.0	1	10 1
144	26	0.0	1	24 2
145	11	0.0	1	11
146	30	0.0	1	29 1
147	23	0.0	1	22 1
148	13	0.0	1	13
149	37	0.0	1	37
150	27	0.0	1	27
151	14	0.0	1	14
152	7	0.0	1	7
153	15	0.0	1	14 1
154	15	0.0	1	12 3
155	10	0.0	1	10
156	13	0.0	1	13
157	19	0.0	1	19
158	18	0.0	1	17 1
159	13	0.0	1	13
160	22	0.0	1	20 2
161	23	0.0	1	22 1
162	22	0.0	1	21 1
163	34	0.0	1	30 4
164	12	0.0	1	11 1
165	27	0.0	1	24 3
166	20	0.0	1	20
167	20	0.0	1	20
168	27	0.0	1	27
169	37	0.0	1	36 1
170	36	0.0	1	33 3
171	32	0.0	1	32
172	61	0.0	1	61
173	54	0.0	1	53 1
174	30	0.0	1	28 2
175	23	0.0	1	23
176	26	0.0	1	25 1
177	20	0.0	1	19 1
178	25	0.0	1	24 1
179	25	0.0	1	25
180	33	0.0	1	33
181	19	0.0	1	19
182	36	0.0	1	35 1
183	28	0.0	1	25 3
184	23	0.0	1	21 2
185	32	0.0	1	30 2
186	30	0.0	1	29 1
187	43	0.0	1	41 2
188	23	0.0	1	23
189	36	0.0	1	36
190	36	0.0	1	36
191	33	0.0	1	32 1
192	34	0.0	1	34
193	51	0.0	1	50 1
194	40	0.0	1	39 1
195	43	0.0	1	43
196	66	0.0	1	62 4
197	57	0.0	1	56 1
198	52	0.0	1	50 2
199	63	0.0	1	59 4
200	53	0.0	1	52 1
201	60	0.0	1	55 5
202	31	0.0	1	29 2
203	50	0.0	1	48 2
204	45	0.0	1	41 4
205	40	0.0	1	39 1
206	56	0.0	1	54 2
207	55	0.0	1	54 1
208	65	0.0	1	63 2
209	77	0.0	1	76 1
210	71	0.0	1	67 4
211	84	0.0	1	80 4
212	91	0.0	1	88 3
213	84	0.0	1	83 1
214	69	0.0	1	68 1
215	87	0.0	1	82 5
216	64	0.0	1	62 2
217	89	0.0	1	88 1
218	95	0.0	1	87 8
219	104	0.0	1	103 1
220	66	0.0	1	63 3
221	71	0.0	1	68 3
222	66	0.0	1	63 3
223	78	0.0	1	75 3
224	106	0.0	1	104 2
225	71	0.0	1	70 1
226	87	0.0	1	86 1
227	100	0.0	1	99 1
228	123	0.0	1	118 5
229	83	0.0	1	77 6
230	95	0.0	1	91 4
231	100	0.0	1	96 4
232	107	0.0	1	105 2
233	121	0.0	1	118 3
234	127	0.0	1	122 5
235	127	0.0	1	120 7
236	110	0.0	1	103 7
237	136	0.0	1	132 4
238	153	0.0	1	148 5
239	207	0.0	1	201 6
240	266	0.0	1	256 10
241	124	0.0	1	121 3
242	54	0.0	1	53 1
243	56	0.0	1	53 3
244	107	0.0	1	104 3
245	84	0.0	1	82 2
246	126	0.0	1	123 3
247	185	0.0	1	179 6
248	136	0.0	1	131 5
249	145	0.0	1	142 3
250	139	0.0	1	130 9
251	190	0.0	1	184 6
252	204	0.0	1	198 6
253	341	0.0	1	332 9
254	167	0.0	1	159 8
255	80	0.0	1	76 4
256	137	0.0	1	131 6
257	209	0.0	1	200 9
258	237	0.0	1	234 3
259	143	0.0	1	137 6
260	182	0.0	1	172 10
261	208	0.0	1	200 8
262	238	0.0	1	232 6
263	413	0.0	1	396 17
264	312	0.0	1	302 10
265	303	0.0	1	294 9
266	431	0.0	1	416 15
267	518	0.0	1	498 20
268	413	0.0	1	395 18
269	354	0.0	1	339 15
270	328	0.0	1	321 7
271	375	0.0	1	361 14
272	415	0.0	1	408 7
273	282	0.0	1	267 15
274	436	0.0	1	419 17
275	258	0.0	1	252 6
276	230	0.0	1	224 6
277	362	0.0	1	354 8
278	267	0.0	1	260 7
279	336	0.0	1	319 17
280	265	0.0	1	255 10
281	390	0.0	1	380 10
282	394	0.0	1	378 16
283	396	0.0	1	379 17
284	448	0.0	1	427 21
285	423	0.0	1	414 9
286	410	0.0	1	401 9
287	365	0.0	1	348 17
288	286	0.0	1	278 8
289	583	0.0	1	566 17
290	384	0.0	1	371 13
291	387	0.0	1	379 8
292	442	0.0	1	427 15
293	295	0.0	1	281 14
294	387	0.0	1	375 12
295	274	0.0	1	265 9
296	294	0.0	1	290 4
297	141	0.0	1	139 2
298	7	0.0	1	7
299	12	0.0	1	10 2
300	15611	0.0	1	15118 493


=== Second read: Adapter 2 ===

Sequence: GACTACHVGGGTATCTAATCC; Type: regular 3'; Length: 21; Trimmed: 38897 times.

No. of allowed errors:
0-9 bp: 0; 10-19 bp: 1; 20-21 bp: 2

Bases preceding removed adapters:
  A: 0.0%
  C: 0.0%
  G: 0.0%
  T: 0.0%
  none/other: 100.0%

Overview of removed sequences
length	count	expect	max.err	error counts
50	9	0.0	2	6 2 1
51	3	0.0	2	1 0 2
52	6	0.0	2	3 3
53	5	0.0	2	3 1 1
54	17	0.0	2	10 5 2
55	25	0.0	2	15 8 2
56	43	0.0	2	41 2
57	54	0.0	2	54
58	53	0.0	2	50 3
59	24	0.0	2	22 1 1
60	23	0.0	2	23
61	12	0.0	2	12
62	6	0.0	2	5 0 1
63	2	0.0	2	2
64	3	0.0	2	2 0 1
65	7	0.0	2	6 0 1
66	4	0.0	2	4
67	50	0.0	2	49 1
68	55	0.0	2	51 4
69	43	0.0	2	40 3
70	16	0.0	2	15 1
71	6	0.0	2	4 2
72	5	0.0	2	4 1
73	1	0.0	2	0 0 1
74	5	0.0	2	5
75	6	0.0	2	5 1
77	2	0.0	2	2
78	3	0.0	2	3
79	1	0.0	2	1
81	12	0.0	2	11 1
82	10	0.0	2	8 2
83	5	0.0	2	4 1
84	4	0.0	2	3 1
85	5	0.0	2	3 2
86	7	0.0	2	4 3
87	3	0.0	2	2 1
88	5	0.0	2	5
89	8	0.0	2	8
90	1	0.0	2	1
91	3	0.0	2	3
92	5	0.0	2	5
93	29	0.0	2	27 2
94	27	0.0	2	24 3
95	12	0.0	2	10 1 1
96	14	0.0	2	13 1
97	11	0.0	2	10 1
98	7	0.0	2	6 1
99	16	0.0	2	12 3 1
100	5	0.0	2	5
101	11	0.0	2	8 3
102	2	0.0	2	2
103	4	0.0	2	4
104	2	0.0	2	2
105	1	0.0	2	1
106	6	0.0	2	4 1 1
107	4	0.0	2	4
108	1	0.0	2	0 1
109	4	0.0	2	4
110	3	0.0	2	2 0 1
111	2	0.0	2	2
112	1	0.0	2	1
113	3	0.0	2	2 1
114	2	0.0	2	0 2
115	6	0.0	2	4 2
116	8	0.0	2	6 2
117	2	0.0	2	2
118	12	0.0	2	11 1
119	4	0.0	2	4
120	4	0.0	2	3 1
121	9	0.0	2	8 1
122	11	0.0	2	11
123	17	0.0	2	17
124	14	0.0	2	14
125	23	0.0	2	23
126	6	0.0	2	5 1
127	9	0.0	2	7 0 2
128	5	0.0	2	3 0 2
129	3	0.0	2	2 1
130	7	0.0	2	5 2
131	5	0.0	2	5
132	3	0.0	2	3
133	79	0.0	2	75 2 2
134	107	0.0	2	101 5 1
135	68	0.0	2	63 4 1
136	23	0.0	2	20 2 1
137	6	0.0	2	4 2
138	1	0.0	2	0 1
139	6	0.0	2	4 2
140	16	0.0	2	15 1
141	13	0.0	2	12 1
142	16	0.0	2	16
143	27	0.0	2	26 0 1
144	35	0.0	2	30 5
145	62	0.0	2	59 3
146	51	0.0	2	48 3
147	45	0.0	2	41 4
148	30	0.0	2	29 1
149	14	0.0	2	12 2
150	18	0.0	2	17 1
151	7	0.0	2	5 0 2
152	25	0.0	2	22 1 2
153	14	0.0	2	13 1
154	23	0.0	2	22 1
155	72	0.0	2	67 5
156	137	0.0	2	133 4
157	99	0.0	2	94 4 1
158	72	0.0	2	70 2
159	49	0.0	2	44 5
160	23	0.0	2	21 2
161	16	0.0	2	15 1
162	17	0.0	2	15 2
163	12	0.0	2	10 2
164	30	0.0	2	30
165	36	0.0	2	34 2
166	25	0.0	2	23 2
167	86	0.0	2	80 6
168	54	0.0	2	52 2
169	71	0.0	2	68 3
170	49	0.0	2	48 1
171	55	0.0	2	53 2
172	65	0.0	2	63 2
173	81	0.0	2	77 4
174	83	0.0	2	81 2
175	56	0.0	2	54 2
176	58	0.0	2	57 1
177	79	0.0	2	79
178	61	0.0	2	57 4
179	72	0.0	2	67 4 1
180	95	0.0	2	88 6 1
181	38	0.0	2	37 1
182	33	0.0	2	29 3 1
183	35	0.0	2	33 2
184	24	0.0	2	22 2
185	62	0.0	2	59 2 1
186	51	0.0	2	44 5 2
187	38	0.0	2	37 1
188	18	0.0	2	16 2
189	57	0.0	2	54 3
190	117	0.0	2	112 5
191	126	0.0	2	124 2
192	152	0.0	2	144 8
193	203	0.0	2	196 7
194	215	0.0	2	208 6 1
195	186	0.0	2	177 9
196	64	0.0	2	62 2
197	40	0.0	2	37 3
198	36	0.0	2	32 4
199	75	0.0	2	70 4 1
200	127	0.0	2	122 5
201	69	0.0	2	63 5 1
202	170	0.0	2	160 10
203	291	0.0	2	278 11 2
204	127	0.0	2	118 9
205	247	0.0	2	232 14 1
206	174	0.0	2	154 16 4
207	234	0.0	2	220 11 3
208	80	0.0	2	70 9 1
209	139	0.0	2	136 3
210	111	0.0	2	107 2 2
211	295	0.0	2	284 10 1
212	191	0.0	2	183 7 1
213	231	0.0	2	216 15
214	183	0.0	2	177 6
215	155	0.0	2	144 11
216	121	0.0	2	116 2 3
217	44	0.0	2	43 0 1
218	33	0.0	2	24 9
219	165	0.0	2	153 11 1
220	82	0.0	2	79 3
221	94	0.0	2	74 15 5
222	347	0.0	2	322 24 1
223	548	0.0	2	531 17
224	249	0.0	2	231 17 1
225	577	0.0	2	554 22 1
226	459	0.0	2	438 20 1
227	814	0.0	2	792 21 1
228	232	0.0	2	217 14 1
229	462	0.0	2	444 17 1
230	182	0.0	2	162 17 3
231	185	0.0	2	179 3 3
232	114	0.0	2	108 4 2
233	214	0.0	2	200 14
234	373	0.0	2	357 13 3
235	130	0.0	2	122 7 1
236	53	0.0	2	50 2 1
237	8	0.0	2	7 0 1
238	11	0.0	2	11
239	53	0.0	2	25 24 4
240	629	0.0	2	590 36 3
241	1090	0.0	2	1058 32
242	811	0.0	2	786 20 5
243	726	0.0	2	703 23
244	296	0.0	2	278 18
245	189	0.0	2	182 7
246	109	0.0	2	106 3
247	44	0.0	2	41 3
248	70	0.0	2	63 7
249	481	0.0	2	456 22 3
250	1266	0.0	2	1222 43 1
251	1246	0.0	2	1212 34
252	377	0.0	2	365 10 2
253	141	0.0	2	129 12
254	317	0.0	2	306 10 1
255	209	0.0	2	204 5
256	849	0.0	2	816 31 2
257	467	0.0	2	443 23 1
258	576	0.0	2	556 20
259	502	0.0	2	484 18
260	541	0.0	2	531 8 2
261	317	0.0	2	305 11 1
262	409	0.0	2	396 13
263	211	0.0	2	203 8
264	93	0.0	2	88 5
265	116	0.0	2	106 9 1
266	510	0.0	2	500 10
267	501	0.0	2	485 15 1
268	350	0.0	2	341 9
269	520	0.0	2	504 16
270	527	0.0	2	514 13
271	620	0.0	2	605 14 1
272	114	0.0	2	109 4 1
273	97	0.0	2	91 6
274	184	0.0	2	176 7 1
275	42	0.0	2	39 3
276	63	0.0	2	56 6 1
277	833	0.0	2	805 27 1
278	357	0.0	2	345 12
279	455	0.0	2	446 8 1
280	572	0.0	2	558 14
281	263	0.0	2	258 5
282	362	0.0	2	354 8
283	288	0.0	2	279 9
284	166	0.0	2	159 7
285	205	0.0	2	199 6
286	91	0.0	2	81 9 1
287	275	0.0	2	268 7
288	78	0.0	2	75 3
289	703	0.0	2	677 24 2
290	62	0.0	2	59 3
291	408	0.0	2	401 6 1
292	467	0.0	2	460 7
293	395	0.0	2	393 2
294	110	0.0	2	109 1
295	47	0.0	2	47
296	4	0.0	2	4
297	25	0.0	2	25
298	1	0.0	2	1
300	4065	0.0	2	3983 81 1
