This is cutadapt 2.6 with Python 3.7.16
Command line parameters: -a CCTACGGGNGGCWGCAG -A GACTACHVGGGTATCTAATCC -o trimmed_reads/Bact-45_S44_R1_trimmed.fastq.gz -p trimmed_reads/Bact-45_S44_R2_trimmed.fastq.gz clean_reads/Bact-45_S44_R1_clean.fastq.gz clean_reads/Bact-45_S44_R2_clean.fastq.gz
Processing reads on 1 core in paired-end mode ...
Finished in 0.96 s (32 us/read; 1.88 M reads/minute).

=== Summary ===

Total read pairs processed:             30,157
  Read 1 with adapter:                  30,080 (99.7%)
  Read 2 with adapter:                  30,100 (99.8%)
Pairs written (passing filters):        30,157 (100.0%)

Total basepairs processed:    15,453,246 bp
  Read 1:     8,141,387 bp
  Read 2:     7,311,859 bp
Total written (filtered):         31,900 bp (0.2%)
  Read 1:        20,782 bp
  Read 2:        11,118 bp

=== First read: Adapter 1 ===

Sequence: CCTACGGGNGGCWGCAG; Type: regular 3'; Length: 17; Trimmed: 30080 times.

No. of allowed errors:
0-9 bp: 0; 10-16 bp: 1

Bases preceding removed adapters:
  A: 0.0%
  C: 0.0%
  G: 0.0%
  T: 0.0%
  none/other: 99.9%

Overview of removed sequences
length	count	expect	max.err	error counts
12	1	0.0	1	1
31	1	0.0	1	1
50	12	0.0	1	12
51	5	0.0	1	4 1
52	3	0.0	1	2 1
53	2	0.0	1	2
54	1	0.0	1	1
55	12	0.0	1	12
57	5	0.0	1	5
59	5	0.0	1	5
60	4	0.0	1	3 1
61	2	0.0	1	2
62	6	0.0	1	6
63	3	0.0	1	3
64	2	0.0	1	2
65	3	0.0	1	2 1
66	14	0.0	1	14
67	22	0.0	1	20 2
68	9	0.0	1	8 1
69	8	0.0	1	7 1
70	8	0.0	1	8
71	4	0.0	1	3 1
72	1	0.0	1	1
73	5	0.0	1	5
74	9	0.0	1	9
75	5	0.0	1	5
76	15	0.0	1	15
77	21	0.0	1	21
78	19	0.0	1	19
79	17	0.0	1	17
80	9	0.0	1	8 1
81	4	0.0	1	4
82	8	0.0	1	7 1
83	5	0.0	1	5
84	6	0.0	1	6
85	15	0.0	1	15
86	7	0.0	1	7
87	14	0.0	1	14
88	2	0.0	1	2
90	4	0.0	1	4
91	8	0.0	1	8
92	20	0.0	1	18 2
93	19	0.0	1	16 3
94	12	0.0	1	12
95	7	0.0	1	7
96	10	0.0	1	10
97	11	0.0	1	11
98	3	0.0	1	3
99	28	0.0	1	27 1
100	37	0.0	1	36 1
101	32	0.0	1	31 1
102	13	0.0	1	12 1
103	12	0.0	1	12
104	3	0.0	1	3
105	9	0.0	1	9
106	11	0.0	1	11
107	10	0.0	1	10
108	15	0.0	1	15
109	4	0.0	1	4
110	7	0.0	1	6 1
111	32	0.0	1	31 1
112	47	0.0	1	47
113	54	0.0	1	54
114	53	0.0	1	53
115	30	0.0	1	30
116	42	0.0	1	40 2
117	34	0.0	1	33 1
118	31	0.0	1	31
119	23	0.0	1	22 1
120	22	0.0	1	22
121	29	0.0	1	28 1
122	16	0.0	1	16
123	22	0.0	1	22
124	26	0.0	1	24 2
125	22	0.0	1	21 1
126	27	0.0	1	26 1
127	29	0.0	1	29
128	49	0.0	1	48 1
129	10	0.0	1	10
130	19	0.0	1	19
131	14	0.0	1	14
132	12	0.0	1	12
133	13	0.0	1	13
134	11	0.0	1	10 1
135	17	0.0	1	16 1
136	11	0.0	1	11
137	14	0.0	1	14
138	13	0.0	1	12 1
139	15	0.0	1	14 1
140	14	0.0	1	13 1
141	7	0.0	1	7
142	11	0.0	1	11
143	10	0.0	1	10
144	15	0.0	1	15
145	12	0.0	1	10 2
146	22	0.0	1	22
147	14	0.0	1	14
148	14	0.0	1	14
149	24	0.0	1	24
150	17	0.0	1	16 1
151	14	0.0	1	13 1
152	12	0.0	1	12
153	14	0.0	1	13 1
154	11	0.0	1	11
155	12	0.0	1	11 1
156	12	0.0	1	12
157	11	0.0	1	11
158	6	0.0	1	6
159	9	0.0	1	9
160	15	0.0	1	15
161	12	0.0	1	12
162	17	0.0	1	17
163	34	0.0	1	34
164	9	0.0	1	7 2
165	21	0.0	1	21
166	9	0.0	1	9
167	17	0.0	1	16 1
168	30	0.0	1	29 1
169	28	0.0	1	27 1
170	24	0.0	1	24
171	27	0.0	1	26 1
172	40	0.0	1	38 2
173	34	0.0	1	31 3
174	25	0.0	1	25
175	23	0.0	1	23
176	16	0.0	1	16
177	17	0.0	1	17
178	16	0.0	1	15 1
179	13	0.0	1	12 1
180	20	0.0	1	20
181	16	0.0	1	16
182	23	0.0	1	23
183	24	0.0	1	23 1
184	11	0.0	1	11
185	28	0.0	1	26 2
186	24	0.0	1	23 1
187	32	0.0	1	32
188	14	0.0	1	13 1
189	22	0.0	1	22
190	18	0.0	1	18
191	31	0.0	1	30 1
192	19	0.0	1	19
193	34	0.0	1	32 2
194	24	0.0	1	22 2
195	37	0.0	1	36 1
196	34	0.0	1	32 2
197	30	0.0	1	29 1
198	57	0.0	1	54 3
199	53	0.0	1	51 2
200	46	0.0	1	46
201	43	0.0	1	43
202	22	0.0	1	22
203	32	0.0	1	30 2
204	26	0.0	1	25 1
205	37	0.0	1	35 2
206	35	0.0	1	34 1
207	35	0.0	1	35
208	48	0.0	1	48
209	69	0.0	1	67 2
210	45	0.0	1	44 1
211	41	0.0	1	41
212	63	0.0	1	62 1
213	36	0.0	1	35 1
214	35	0.0	1	34 1
215	65	0.0	1	63 2
216	39	0.0	1	39
217	51	0.0	1	50 1
218	47	0.0	1	44 3
219	93	0.0	1	87 6
220	40	0.0	1	40
221	29	0.0	1	29
222	52	0.0	1	50 2
223	47	0.0	1	46 1
224	58	0.0	1	57 1
225	42	0.0	1	41 1
226	59	0.0	1	59
227	69	0.0	1	66 3
228	82	0.0	1	76 6
229	68	0.0	1	65 3
230	80	0.0	1	80
231	59	0.0	1	56 3
232	83	0.0	1	81 2
233	64	0.0	1	63 1
234	81	0.0	1	79 2
235	88	0.0	1	85 3
236	67	0.0	1	63 4
237	110	0.0	1	106 4
238	112	0.0	1	108 4
239	150	0.0	1	146 4
240	237	0.0	1	229 8
241	82	0.0	1	79 3
242	54	0.0	1	54
243	36	0.0	1	34 2
244	74	0.0	1	69 5
245	70	0.0	1	69 1
246	101	0.0	1	98 3
247	133	0.0	1	127 6
248	106	0.0	1	100 6
249	108	0.0	1	106 2
250	81	0.0	1	74 7
251	117	0.0	1	114 3
252	142	0.0	1	136 6
253	212	0.0	1	197 15
254	114	0.0	1	113 1
255	73	0.0	1	69 4
256	107	0.0	1	106 1
257	152	0.0	1	148 4
258	152	0.0	1	146 6
259	85	0.0	1	84 1
260	130	0.0	1	125 5
261	146	0.0	1	140 6
262	138	0.0	1	125 13
263	245	0.0	1	232 13
264	244	0.0	1	239 5
265	219	0.0	1	211 8
266	284	0.0	1	274 10
267	334	0.0	1	320 14
268	308	0.0	1	293 15
269	223	0.0	1	214 9
270	236	0.0	1	234 2
271	377	0.0	1	367 10
272	300	0.0	1	285 15
273	200	0.0	1	192 8
274	330	0.0	1	320 10
275	179	0.0	1	172 7
276	164	0.0	1	159 5
277	238	0.0	1	233 5
278	157	0.0	1	152 5
279	252	0.0	1	240 12
280	206	0.0	1	201 5
281	282	0.0	1	276 6
282	241	0.0	1	236 5
283	254	0.0	1	242 12
284	333	0.0	1	326 7
285	330	0.0	1	322 8
286	315	0.0	1	300 15
287	308	0.0	1	298 10
288	236	0.0	1	229 7
289	447	0.0	1	432 15
290	351	0.0	1	339 12
291	319	0.0	1	311 8
292	425	0.0	1	412 13
293	270	0.0	1	262 8
294	364	0.0	1	353 11
295	253	0.0	1	241 12
296	206	0.0	1	203 3
297	83	0.0	1	81 2
298	2	0.0	1	1 1
299	6	0.0	1	6
300	13016	0.0	1	12579 437


=== Second read: Adapter 2 ===

Sequence: GACTACHVGGGTATCTAATCC; Type: regular 3'; Length: 21; Trimmed: 30100 times.

No. of allowed errors:
0-9 bp: 0; 10-19 bp: 1; 20-21 bp: 2

Bases preceding removed adapters:
  A: 0.0%
  C: 0.0%
  G: 0.0%
  T: 0.0%
  none/other: 100.0%

Overview of removed sequences
length	count	expect	max.err	error counts
3	3	471.2	0	3
4	1	117.8	0	1
50	8	0.0	2	3 2 3
51	4	0.0	2	1 2 1
52	3	0.0	2	3
53	4	0.0	2	3 0 1
54	9	0.0	2	4 5
55	11	0.0	2	9 2
56	37	0.0	2	35 2
57	52	0.0	2	51 1
58	39	0.0	2	39
59	33	0.0	2	31 2
60	16	0.0	2	14 2
61	11	0.0	2	10 1
62	7	0.0	2	6 1
63	5	0.0	2	5
64	9	0.0	2	7 2
65	7	0.0	2	6 1
66	4	0.0	2	4
67	34	0.0	2	32 2
68	50	0.0	2	46 4
69	24	0.0	2	23 1
70	12	0.0	2	11 1
71	5	0.0	2	4 1
72	6	0.0	2	4 2
73	5	0.0	2	5
74	3	0.0	2	3
75	3	0.0	2	2 1
76	1	0.0	2	0 1
77	2	0.0	2	2
78	3	0.0	2	2 1
80	1	0.0	2	1
81	8	0.0	2	8
82	4	0.0	2	2 2
83	2	0.0	2	2
84	10	0.0	2	8 2
85	7	0.0	2	5 2
86	7	0.0	2	4 3
87	7	0.0	2	5 2
88	1	0.0	2	1
89	4	0.0	2	4
90	2	0.0	2	1 1
91	2	0.0	2	1 1
92	4	0.0	2	4
93	12	0.0	2	12
94	15	0.0	2	15
95	4	0.0	2	4
96	5	0.0	2	5
97	6	0.0	2	6
98	12	0.0	2	12
99	9	0.0	2	9
100	3	0.0	2	3
101	6	0.0	2	5 1
102	4	0.0	2	3 1
103	4	0.0	2	4
104	4	0.0	2	2 2
105	2	0.0	2	2
106	3	0.0	2	1 2
108	5	0.0	2	5
109	2	0.0	2	2
110	5	0.0	2	5
111	2	0.0	2	2
112	3	0.0	2	1 2
113	3	0.0	2	3
114	1	0.0	2	0 1
115	2	0.0	2	1 1
116	11	0.0	2	10 1
117	8	0.0	2	5 3
118	10	0.0	2	10
119	6	0.0	2	5 1
120	5	0.0	2	4 0 1
121	7	0.0	2	7
122	3	0.0	2	2 1
123	19	0.0	2	15 3 1
124	7	0.0	2	6 1
125	16	0.0	2	14 2
126	7	0.0	2	7
127	12	0.0	2	12
128	4	0.0	2	3 1
129	1	0.0	2	1
130	6	0.0	2	5 1
131	3	0.0	2	3
132	7	0.0	2	6 0 1
133	89	0.0	2	84 4 1
134	79	0.0	2	76 3
135	67	0.0	2	64 2 1
136	19	0.0	2	19
137	4	0.0	2	4
138	1	0.0	2	1
139	5	0.0	2	2 3
140	15	0.0	2	15
141	3	0.0	2	3
142	16	0.0	2	15 1
143	24	0.0	2	23 1
144	25	0.0	2	22 3
145	48	0.0	2	46 1 1
146	43	0.0	2	38 4 1
147	37	0.0	2	32 3 2
148	24	0.0	2	22 2
149	17	0.0	2	14 3
150	14	0.0	2	12 2
151	17	0.0	2	17
152	22	0.0	2	19 2 1
153	12	0.0	2	11 1
154	13	0.0	2	13
155	71	0.0	2	69 2
156	115	0.0	2	110 5
157	88	0.0	2	85 3
158	66	0.0	2	62 4
159	39	0.0	2	35 2 2
160	22	0.0	2	21 1
161	17	0.0	2	16 1
162	19	0.0	2	16 2 1
163	23	0.0	2	20 2 1
164	31	0.0	2	27 4
165	29	0.0	2	26 3
166	24	0.0	2	21 3
167	69	0.0	2	63 5 1
168	52	0.0	2	48 4
169	65	0.0	2	60 5
170	42	0.0	2	41 1
171	58	0.0	2	54 4
172	45	0.0	2	41 3 1
173	77	0.0	2	74 2 1
174	68	0.0	2	64 4
175	61	0.0	2	57 4
176	40	0.0	2	40
177	65	0.0	2	61 3 1
178	56	0.0	2	53 3
179	68	0.0	2	63 5
180	77	0.0	2	74 2 1
181	26	0.0	2	21 5
182	30	0.0	2	27 2 1
183	24	0.0	2	22 2
184	33	0.0	2	28 5
185	57	0.0	2	54 3
186	60	0.0	2	58 2
187	37	0.0	2	37
188	12	0.0	2	11 1
189	52	0.0	2	50 2
190	93	0.0	2	89 4
191	136	0.0	2	127 9
192	126	0.0	2	118 7 1
193	182	0.0	2	176 5 1
194	158	0.0	2	151 6 1
195	138	0.0	2	131 6 1
196	43	0.0	2	40 3
197	30	0.0	2	27 2 1
198	29	0.0	2	27 1 1
199	74	0.0	2	63 9 2
200	129	0.0	2	125 3 1
201	79	0.0	2	74 4 1
202	156	0.0	2	153 3
203	224	0.0	2	208 15 1
204	136	0.0	2	129 6 1
205	170	0.0	2	159 11
206	132	0.0	2	121 11
207	190	0.0	2	183 7
208	88	0.0	2	76 10 2
209	138	0.0	2	133 5
210	119	0.0	2	111 8
211	227	0.0	2	216 10 1
212	206	0.0	2	201 4 1
213	207	0.0	2	195 11 1
214	186	0.0	2	180 6
215	143	0.0	2	131 11 1
216	82	0.0	2	78 3 1
217	34	0.0	2	30 3 1
218	28	0.0	2	19 8 1
219	158	0.0	2	150 8
220	93	0.0	2	86 5 2
221	93	0.0	2	77 15 1
222	321	0.0	2	299 19 3
223	418	0.0	2	408 10
224	214	0.0	2	202 11 1
225	399	0.0	2	386 13
226	411	0.0	2	399 12
227	631	0.0	2	615 15 1
228	159	0.0	2	144 14 1
229	374	0.0	2	363 9 2
230	122	0.0	2	111 10 1
231	129	0.0	2	124 5
232	78	0.0	2	73 5
233	142	0.0	2	122 20
234	310	0.0	2	298 12
235	95	0.0	2	93 1 1
236	42	0.0	2	41 1
237	5	0.0	2	5
238	8	0.0	2	7 1
239	28	0.0	2	18 10
240	431	0.0	2	399 29 3
241	825	0.0	2	802 22 1
242	619	0.0	2	594 23 2
243	519	0.0	2	501 17 1
244	240	0.0	2	233 6 1
245	183	0.0	2	177 5 1
246	78	0.0	2	75 3
247	39	0.0	2	37 1 1
248	52	0.0	2	49 3
249	345	0.0	2	331 14
250	940	0.0	2	907 32 1
251	1034	0.0	2	1003 30 1
252	302	0.0	2	296 6
253	104	0.0	2	97 7
254	276	0.0	2	259 15 2
255	179	0.0	2	169 8 2
256	567	0.0	2	545 20 2
257	348	0.0	2	321 25 2
258	339	0.0	2	318 20 1
259	361	0.0	2	348 13
260	401	0.0	2	396 5
261	253	0.0	2	240 10 3
262	279	0.0	2	269 10
263	151	0.0	2	148 3
264	65	0.0	2	61 4
265	112	0.0	2	100 12
266	318	0.0	2	309 8 1
267	357	0.0	2	350 6 1
268	249	0.0	2	242 7
269	383	0.0	2	377 6
270	376	0.0	2	366 9 1
271	456	0.0	2	444 12
272	69	0.0	2	67 2
273	70	0.0	2	69 1
274	171	0.0	2	168 3
275	26	0.0	2	22 4
276	60	0.0	2	58 2
277	649	0.0	2	634 15
278	248	0.0	2	241 6 1
279	314	0.0	2	309 5
280	478	0.0	2	470 8
281	183	0.0	2	177 6
282	263	0.0	2	256 7
283	216	0.0	2	214 2
284	155	0.0	2	152 3
285	182	0.0	2	178 4
286	100	0.0	2	97 3
287	210	0.0	2	206 4
288	71	0.0	2	69 2
289	514	0.0	2	506 8
290	43	0.0	2	40 3
291	304	0.0	2	295 8 1
292	319	0.0	2	314 5
293	303	0.0	2	295 8
294	91	0.0	2	90 1
295	22	0.0	2	22
296	15	0.0	2	15
297	17	0.0	2	17
300	2887	0.0	2	2817 69 1
