This is cutadapt 2.6 with Python 3.7.16
Command line parameters: -a CCTACGGGNGGCWGCAG -A GACTACHVGGGTATCTAATCC -o trimmed_reads/Bact-54_S52_R1_trimmed.fastq.gz -p trimmed_reads/Bact-54_S52_R2_trimmed.fastq.gz clean_reads/Bact-54_S52_R1_clean.fastq.gz clean_reads/Bact-54_S52_R2_clean.fastq.gz
Processing reads on 1 core in paired-end mode ...
Finished in 0.50 s (36 us/read; 1.67 M reads/minute).

=== Summary ===

Total read pairs processed:             13,950
  Read 1 with adapter:                  13,911 (99.7%)
  Read 2 with adapter:                  13,923 (99.8%)
Pairs written (passing filters):        13,950 (100.0%)

Total basepairs processed:     6,176,211 bp
  Read 1:     3,280,315 bp
  Read 2:     2,895,896 bp
Total written (filtered):         14,631 bp (0.2%)
  Read 1:        10,037 bp
  Read 2:         4,594 bp

=== First read: Adapter 1 ===

Sequence: CCTACGGGNGGCWGCAG; Type: regular 3'; Length: 17; Trimmed: 13911 times.

No. of allowed errors:
0-9 bp: 0; 10-16 bp: 1

Bases preceding removed adapters:
  A: 0.0%
  C: 0.0%
  G: 0.0%
  T: 0.0%
  none/other: 99.9%

Overview of removed sequences
length	count	expect	max.err	error counts
3	1	218.0	0	1
50	8	0.0	1	7 1
51	10	0.0	1	8 2
52	5	0.0	1	5
54	1	0.0	1	1
55	13	0.0	1	13
56	2	0.0	1	2
57	6	0.0	1	6
58	4	0.0	1	3 1
59	6	0.0	1	5 1
60	4	0.0	1	4
62	7	0.0	1	6 1
64	4	0.0	1	4
65	3	0.0	1	2 1
66	18	0.0	1	17 1
67	11	0.0	1	9 2
68	3	0.0	1	3
69	7	0.0	1	7
70	5	0.0	1	5
71	5	0.0	1	5
72	4	0.0	1	4
73	6	0.0	1	6
74	6	0.0	1	6
75	3	0.0	1	3
76	6	0.0	1	6
77	10	0.0	1	10
78	11	0.0	1	11
79	10	0.0	1	9 1
80	8	0.0	1	8
81	7	0.0	1	6 1
82	9	0.0	1	9
83	3	0.0	1	2 1
84	3	0.0	1	3
85	7	0.0	1	7
86	5	0.0	1	5
87	23	0.0	1	22 1
88	1	0.0	1	1
91	6	0.0	1	6
92	17	0.0	1	16 1
93	24	0.0	1	23 1
94	15	0.0	1	13 2
95	15	0.0	1	15
96	13	0.0	1	12 1
97	7	0.0	1	7
98	4	0.0	1	4
99	29	0.0	1	29
100	21	0.0	1	20 1
101	26	0.0	1	26
102	14	0.0	1	13 1
103	13	0.0	1	13
104	8	0.0	1	6 2
105	11	0.0	1	11
106	1	0.0	1	1
107	2	0.0	1	2
108	9	0.0	1	9
109	3	0.0	1	3
110	4	0.0	1	4
111	22	0.0	1	20 2
112	26	0.0	1	26
113	33	0.0	1	32 1
114	27	0.0	1	27
115	45	0.0	1	43 2
116	35	0.0	1	34 1
117	25	0.0	1	25
118	16	0.0	1	14 2
119	16	0.0	1	15 1
120	17	0.0	1	16 1
121	19	0.0	1	19
122	15	0.0	1	14 1
123	22	0.0	1	21 1
124	13	0.0	1	13
125	21	0.0	1	19 2
126	14	0.0	1	14
127	22	0.0	1	22
128	78	0.0	1	76 2
129	17	0.0	1	16 1
130	13	0.0	1	12 1
131	9	0.0	1	9
132	18	0.0	1	18
133	11	0.0	1	11
134	19	0.0	1	18 1
135	20	0.0	1	20
136	14	0.0	1	14
137	10	0.0	1	10
138	15	0.0	1	14 1
139	9	0.0	1	8 1
140	16	0.0	1	16
141	14	0.0	1	13 1
142	17	0.0	1	17
143	13	0.0	1	11 2
144	12	0.0	1	12
145	13	0.0	1	13
146	15	0.0	1	15
147	25	0.0	1	24 1
148	15	0.0	1	13 2
149	26	0.0	1	26
150	18	0.0	1	18
151	11	0.0	1	10 1
152	7	0.0	1	5 2
153	17	0.0	1	16 1
154	13	0.0	1	13
155	14	0.0	1	14
156	15	0.0	1	15
157	11	0.0	1	10 1
158	7	0.0	1	6 1
159	17	0.0	1	16 1
160	29	0.0	1	29
161	10	0.0	1	10
162	29	0.0	1	26 3
163	39	0.0	1	38 1
164	13	0.0	1	13
165	35	0.0	1	35
166	19	0.0	1	19
167	22	0.0	1	22
168	31	0.0	1	30 1
169	18	0.0	1	17 1
170	31	0.0	1	29 2
171	38	0.0	1	35 3
172	66	0.0	1	63 3
173	36	0.0	1	35 1
174	37	0.0	1	36 1
175	26	0.0	1	25 1
176	28	0.0	1	26 2
177	22	0.0	1	22
178	18	0.0	1	16 2
179	32	0.0	1	32
180	27	0.0	1	25 2
181	20	0.0	1	19 1
182	42	0.0	1	41 1
183	34	0.0	1	33 1
184	32	0.0	1	29 3
185	37	0.0	1	36 1
186	48	0.0	1	47 1
187	43	0.0	1	42 1
188	41	0.0	1	39 2
189	36	0.0	1	34 2
190	45	0.0	1	45
191	46	0.0	1	46
192	33	0.0	1	33
193	57	0.0	1	55 2
194	49	0.0	1	47 2
195	59	0.0	1	56 3
196	63	0.0	1	60 3
197	51	0.0	1	49 2
198	76	0.0	1	74 2
199	64	0.0	1	61 3
200	61	0.0	1	58 3
201	56	0.0	1	54 2
202	50	0.0	1	48 2
203	67	0.0	1	67
204	49	0.0	1	48 1
205	67	0.0	1	65 2
206	44	0.0	1	42 2
207	54	0.0	1	53 1
208	83	0.0	1	82 1
209	93	0.0	1	92 1
210	78	0.0	1	73 5
211	73	0.0	1	70 3
212	74	0.0	1	73 1
213	60	0.0	1	60
214	47	0.0	1	45 2
215	62	0.0	1	62
216	55	0.0	1	51 4
217	94	0.0	1	92 2
218	94	0.0	1	89 5
219	96	0.0	1	95 1
220	63	0.0	1	62 1
221	55	0.0	1	53 2
222	70	0.0	1	65 5
223	80	0.0	1	76 4
224	65	0.0	1	64 1
225	63	0.0	1	60 3
226	82	0.0	1	80 2
227	98	0.0	1	90 8
228	138	0.0	1	135 3
229	102	0.0	1	97 5
230	132	0.0	1	126 6
231	87	0.0	1	85 2
232	114	0.0	1	111 3
233	88	0.0	1	85 3
234	103	0.0	1	100 3
235	117	0.0	1	115 2
236	96	0.0	1	92 4
237	116	0.0	1	116
238	110	0.0	1	105 5
239	149	0.0	1	142 7
240	153	0.0	1	147 6
241	96	0.0	1	94 2
242	97	0.0	1	95 2
243	49	0.0	1	49
244	87	0.0	1	83 4
245	56	0.0	1	52 4
246	103	0.0	1	99 4
247	120	0.0	1	114 6
248	108	0.0	1	104 4
249	93	0.0	1	91 2
250	81	0.0	1	79 2
251	120	0.0	1	116 4
252	169	0.0	1	164 5
253	215	0.0	1	207 8
254	112	0.0	1	107 5
255	90	0.0	1	88 2
256	78	0.0	1	76 2
257	115	0.0	1	113 2
258	130	0.0	1	126 4
259	72	0.0	1	68 4
260	101	0.0	1	98 3
261	135	0.0	1	130 5
262	135	0.0	1	129 6
263	234	0.0	1	229 5
264	169	0.0	1	168 1
265	124	0.0	1	123 1
266	206	0.0	1	198 8
267	175	0.0	1	168 7
268	169	0.0	1	169
269	142	0.0	1	137 5
270	141	0.0	1	136 5
271	133	0.0	1	128 5
272	156	0.0	1	153 3
273	110	0.0	1	107 3
274	142	0.0	1	138 4
275	119	0.0	1	115 4
276	87	0.0	1	85 2
277	131	0.0	1	125 6
278	91	0.0	1	90 1
279	101	0.0	1	99 2
280	81	0.0	1	76 5
281	139	0.0	1	134 5
282	82	0.0	1	79 3
283	117	0.0	1	112 5
284	124	0.0	1	116 8
285	82	0.0	1	80 2
286	101	0.0	1	101
287	86	0.0	1	84 2
288	74	0.0	1	71 3
289	111	0.0	1	108 3
290	91	0.0	1	88 3
291	60	0.0	1	58 2
292	83	0.0	1	82 1
293	56	0.0	1	54 2
294	77	0.0	1	75 2
295	65	0.0	1	64 1
296	69	0.0	1	68 1
297	19	0.0	1	19
298	1	0.0	1	1
300	1277	0.0	1	1235 42


=== Second read: Adapter 2 ===

Sequence: GACTACHVGGGTATCTAATCC; Type: regular 3'; Length: 21; Trimmed: 13923 times.

No. of allowed errors:
0-9 bp: 0; 10-19 bp: 1; 20-21 bp: 2

Bases preceding removed adapters:
  A: 0.0%
  C: 0.0%
  G: 0.0%
  T: 0.0%
  none/other: 100.0%

Overview of removed sequences
length	count	expect	max.err	error counts
3	2	218.0	0	2
50	5	0.0	2	3 2
52	2	0.0	2	0 2
53	1	0.0	2	0 1
54	6	0.0	2	4 1 1
55	7	0.0	2	5 2
56	20	0.0	2	19 1
57	28	0.0	2	28
58	18	0.0	2	17 1
59	9	0.0	2	9
60	7	0.0	2	6 0 1
61	4	0.0	2	4
63	2	0.0	2	1 1
64	1	0.0	2	0 1
65	2	0.0	2	2
66	3	0.0	2	3
67	21	0.0	2	21
68	14	0.0	2	14
69	11	0.0	2	11
70	16	0.0	2	14 2
71	3	0.0	2	2 1
72	2	0.0	2	2
73	3	0.0	2	3
74	2	0.0	2	2
75	3	0.0	2	2 0 1
76	1	0.0	2	1
77	1	0.0	2	1
78	1	0.0	2	1
79	1	0.0	2	1
80	2	0.0	2	2
81	1	0.0	2	1
82	1	0.0	2	1
83	5	0.0	2	4 1
84	9	0.0	2	7 2
85	6	0.0	2	5 1
86	11	0.0	2	8 1 2
87	6	0.0	2	5 1
88	2	0.0	2	1 1
89	1	0.0	2	1
90	5	0.0	2	5
91	1	0.0	2	1
92	2	0.0	2	2
93	3	0.0	2	3
94	7	0.0	2	6 1
95	5	0.0	2	4 1
96	11	0.0	2	11
97	1	0.0	2	1
98	14	0.0	2	12 2
99	8	0.0	2	7 1
100	6	0.0	2	6
101	10	0.0	2	10
102	6	0.0	2	4 1 1
103	7	0.0	2	7
104	2	0.0	2	2
105	3	0.0	2	1 2
106	3	0.0	2	3
107	2	0.0	2	1 1
108	3	0.0	2	2 1
109	6	0.0	2	5 1
110	5	0.0	2	5
111	3	0.0	2	1 2
112	1	0.0	2	1
114	2	0.0	2	2
115	4	0.0	2	3 0 1
116	6	0.0	2	5 1
117	6	0.0	2	5 1
118	9	0.0	2	8 1
119	7	0.0	2	7
120	1	0.0	2	1
121	1	0.0	2	1
122	3	0.0	2	3
123	8	0.0	2	8
124	17	0.0	2	15 2
125	24	0.0	2	22 1 1
126	22	0.0	2	20 2
127	13	0.0	2	13
128	12	0.0	2	12
129	7	0.0	2	7
130	3	0.0	2	3
131	4	0.0	2	3 1
132	7	0.0	2	6 1
133	68	0.0	2	67 1
134	41	0.0	2	39 2
135	55	0.0	2	55
136	18	0.0	2	17 1
137	5	0.0	2	5
139	7	0.0	2	4 3
140	30	0.0	2	29 0 1
141	6	0.0	2	5 1
142	24	0.0	2	23 1
143	18	0.0	2	16 2
144	15	0.0	2	14 1
145	45	0.0	2	41 4
146	42	0.0	2	37 5
147	45	0.0	2	40 5
148	23	0.0	2	20 2 1
149	8	0.0	2	8
150	22	0.0	2	20 2
151	15	0.0	2	12 2 1
152	47	0.0	2	44 2 1
153	30	0.0	2	28 2
154	82	0.0	2	79 2 1
155	57	0.0	2	55 1 1
156	105	0.0	2	101 3 1
157	104	0.0	2	103 0 1
158	77	0.0	2	75 2
159	67	0.0	2	63 3 1
160	55	0.0	2	51 2 2
161	33	0.0	2	30 3
162	43	0.0	2	42 1
163	57	0.0	2	54 2 1
164	46	0.0	2	42 4
165	36	0.0	2	35 1
166	25	0.0	2	24 1
167	92	0.0	2	90 2
168	70	0.0	2	67 3
169	144	0.0	2	141 3
170	66	0.0	2	62 4
171	78	0.0	2	76 2
172	76	0.0	2	74 2
173	70	0.0	2	68 2
174	72	0.0	2	71 1
175	60	0.0	2	58 2
176	66	0.0	2	65 0 1
177	73	0.0	2	70 3
178	69	0.0	2	67 2
179	112	0.0	2	109 3
180	151	0.0	2	139 12
181	78	0.0	2	75 2 1
182	77	0.0	2	73 4
183	95	0.0	2	92 2 1
184	71	0.0	2	67 1 3
185	145	0.0	2	140 5
186	132	0.0	2	125 7
187	77	0.0	2	75 2
188	15	0.0	2	15
189	63	0.0	2	57 6
190	214	0.0	2	212 2
191	195	0.0	2	190 5
192	226	0.0	2	216 9 1
193	334	0.0	2	322 11 1
194	327	0.0	2	320 7
195	171	0.0	2	163 8
196	56	0.0	2	56
197	39	0.0	2	38 1
198	44	0.0	2	40 3 1
199	89	0.0	2	80 7 2
200	194	0.0	2	187 7
201	52	0.0	2	46 5 1
202	167	0.0	2	158 9
203	220	0.0	2	214 5 1
204	89	0.0	2	88 1
205	190	0.0	2	183 7
206	137	0.0	2	130 6 1
207	156	0.0	2	151 5
208	44	0.0	2	43 0 1
209	110	0.0	2	103 7
210	96	0.0	2	89 7
211	247	0.0	2	237 10
212	207	0.0	2	200 7
213	171	0.0	2	167 4
214	192	0.0	2	184 8
215	106	0.0	2	102 4
216	74	0.0	2	71 2 1
217	13	0.0	2	13
218	15	0.0	2	15
219	119	0.0	2	118 1
220	35	0.0	2	34 1
221	44	0.0	2	40 4
222	240	0.0	2	235 5
223	310	0.0	2	301 9
224	120	0.0	2	115 5
225	231	0.0	2	221 10
226	186	0.0	2	181 5
227	290	0.0	2	285 5
228	60	0.0	2	58 2
229	229	0.0	2	223 5 1
230	66	0.0	2	62 3 1
231	90	0.0	2	89 0 1
232	49	0.0	2	47 2
233	101	0.0	2	98 2 1
234	135	0.0	2	131 4
235	30	0.0	2	30
236	20	0.0	2	20
237	4	0.0	2	4
238	1	0.0	2	1
239	9	0.0	2	6 3
240	265	0.0	2	255 10
241	402	0.0	2	395 7
242	154	0.0	2	150 4
243	212	0.0	2	208 4
244	119	0.0	2	117 2
245	52	0.0	2	50 2
246	17	0.0	2	17
247	15	0.0	2	15
248	29	0.0	2	26 2 1
249	128	0.0	2	124 4
250	280	0.0	2	276 4
251	255	0.0	2	253 2
252	47	0.0	2	46 1
253	23	0.0	2	23
254	61	0.0	2	60 1
255	31	0.0	2	30 1
256	131	0.0	2	130 1
257	60	0.0	2	58 2
258	82	0.0	2	82
259	70	0.0	2	69 1
260	75	0.0	2	70 5
261	42	0.0	2	42
262	55	0.0	2	55
263	31	0.0	2	29 2
264	12	0.0	2	12
265	19	0.0	2	16 3
266	71	0.0	2	69 2
267	75	0.0	2	74 1
268	52	0.0	2	50 2
269	57	0.0	2	57
270	82	0.0	2	80 2
271	66	0.0	2	65 1
272	21	0.0	2	21
273	7	0.0	2	7
274	18	0.0	2	18
275	4	0.0	2	4
276	7	0.0	2	7
277	74	0.0	2	74
278	20	0.0	2	20
279	40	0.0	2	40
280	36	0.0	2	35 1
281	9	0.0	2	8 1
282	26	0.0	2	26
283	18	0.0	2	18
284	6	0.0	2	6
285	11	0.0	2	11
286	8	0.0	2	8
287	8	0.0	2	8
288	2	0.0	2	2
289	31	0.0	2	30 1
290	1	0.0	2	1
291	21	0.0	2	21
292	23	0.0	2	22 1
293	14	0.0	2	14
294	5	0.0	2	5
297	2	0.0	2	2
300	84	0.0	2	81 3
