This is cutadapt 2.6 with Python 3.7.16
Command line parameters: -a CCTACGGGNGGCWGCAG -A GACTACHVGGGTATCTAATCC -o trimmed_reads/Bact-46_S45_R1_trimmed.fastq.gz -p trimmed_reads/Bact-46_S45_R2_trimmed.fastq.gz clean_reads/Bact-46_S45_R1_clean.fastq.gz clean_reads/Bact-46_S45_R2_clean.fastq.gz
Processing reads on 1 core in paired-end mode ...
Finished in 1.56 s (30 us/read; 1.98 M reads/minute).

=== Summary ===

Total read pairs processed:             51,685
  Read 1 with adapter:                  51,576 (99.8%)
  Read 2 with adapter:                  51,612 (99.9%)
Pairs written (passing filters):        51,685 (100.0%)

Total basepairs processed:    26,588,303 bp
  Read 1:    13,957,033 bp
  Read 2:    12,631,270 bp
Total written (filtered):         45,383 bp (0.2%)
  Read 1:        29,709 bp
  Read 2:        15,674 bp

=== First read: Adapter 1 ===

Sequence: CCTACGGGNGGCWGCAG; Type: regular 3'; Length: 17; Trimmed: 51576 times.

No. of allowed errors:
0-9 bp: 0; 10-16 bp: 1

Bases preceding removed adapters:
  A: 0.0%
  C: 0.0%
  G: 0.1%
  T: 0.0%
  none/other: 99.9%

Overview of removed sequences
length	count	expect	max.err	error counts
3	1	807.6	0	1
50	16	0.0	1	15 1
51	25	0.0	1	23 2
52	11	0.0	1	10 1
53	1	0.0	1	1
54	8	0.0	1	8
55	11	0.0	1	11
56	4	0.0	1	4
57	11	0.0	1	10 1
58	6	0.0	1	6
59	12	0.0	1	10 2
60	4	0.0	1	4
61	5	0.0	1	4 1
62	6	0.0	1	6
63	6	0.0	1	5 1
64	2	0.0	1	2
65	6	0.0	1	5 1
66	14	0.0	1	13 1
67	38	0.0	1	37 1
68	16	0.0	1	15 1
69	11	0.0	1	11
70	5	0.0	1	4 1
71	3	0.0	1	3
73	5	0.0	1	5
74	20	0.0	1	19 1
75	7	0.0	1	7
76	12	0.0	1	12
77	34	0.0	1	33 1
78	43	0.0	1	42 1
79	14	0.0	1	14
80	16	0.0	1	15 1
81	5	0.0	1	4 1
82	11	0.0	1	10 1
83	6	0.0	1	6
84	10	0.0	1	10
85	11	0.0	1	11
86	6	0.0	1	6
87	33	0.0	1	29 4
88	3	0.0	1	3
90	2	0.0	1	2
91	11	0.0	1	11
92	27	0.0	1	26 1
93	28	0.0	1	28
94	23	0.0	1	21 2
95	14	0.0	1	14
96	16	0.0	1	16
97	18	0.0	1	17 1
98	10	0.0	1	9 1
99	54	0.0	1	54
100	62	0.0	1	61 1
101	50	0.0	1	50
102	23	0.0	1	23
103	11	0.0	1	11
104	13	0.0	1	13
105	13	0.0	1	13
106	15	0.0	1	15
107	6	0.0	1	5 1
108	17	0.0	1	17
109	10	0.0	1	10
110	11	0.0	1	11
111	60	0.0	1	59 1
112	94	0.0	1	94
113	87	0.0	1	85 2
114	83	0.0	1	83
115	72	0.0	1	71 1
116	82	0.0	1	80 2
117	58	0.0	1	57 1
118	49	0.0	1	48 1
119	28	0.0	1	28
120	29	0.0	1	28 1
121	62	0.0	1	61 1
122	39	0.0	1	38 1
123	41	0.0	1	40 1
124	47	0.0	1	46 1
125	39	0.0	1	39
126	31	0.0	1	29 2
127	40	0.0	1	40
128	80	0.0	1	77 3
129	23	0.0	1	23
130	20	0.0	1	20
131	23	0.0	1	23
132	31	0.0	1	29 2
133	15	0.0	1	15
134	21	0.0	1	20 1
135	36	0.0	1	36
136	33	0.0	1	32 1
137	21	0.0	1	21
138	25	0.0	1	25
139	22	0.0	1	21 1
140	30	0.0	1	29 1
141	10	0.0	1	9 1
142	21	0.0	1	20 1
143	17	0.0	1	15 2
144	20	0.0	1	19 1
145	20	0.0	1	20
146	31	0.0	1	31
147	30	0.0	1	29 1
148	16	0.0	1	16
149	31	0.0	1	31
150	22	0.0	1	22
151	21	0.0	1	20 1
152	15	0.0	1	15
153	15	0.0	1	14 1
154	19	0.0	1	19
155	34	0.0	1	31 3
156	17	0.0	1	17
157	13	0.0	1	13
158	20	0.0	1	20
159	16	0.0	1	15 1
160	14	0.0	1	14
161	29	0.0	1	29
162	40	0.0	1	37 3
163	46	0.0	1	43 3
164	26	0.0	1	25 1
165	52	0.0	1	52
166	45	0.0	1	44 1
167	30	0.0	1	29 1
168	42	0.0	1	40 2
169	47	0.0	1	44 3
170	43	0.0	1	43
171	41	0.0	1	37 4
172	77	0.0	1	75 2
173	51	0.0	1	51
174	38	0.0	1	37 1
175	39	0.0	1	37 2
176	28	0.0	1	26 2
177	40	0.0	1	40
178	18	0.0	1	17 1
179	31	0.0	1	29 2
180	30	0.0	1	30
181	31	0.0	1	30 1
182	38	0.0	1	37 1
183	40	0.0	1	38 2
184	29	0.0	1	28 1
185	44	0.0	1	43 1
186	44	0.0	1	43 1
187	54	0.0	1	50 4
188	27	0.0	1	27
189	42	0.0	1	42
190	50	0.0	1	50
191	54	0.0	1	52 2
192	43	0.0	1	42 1
193	56	0.0	1	53 3
194	40	0.0	1	38 2
195	66	0.0	1	64 2
196	61	0.0	1	61
197	55	0.0	1	53 2
198	70	0.0	1	69 1
199	67	0.0	1	63 4
200	60	0.0	1	57 3
201	61	0.0	1	59 2
202	44	0.0	1	42 2
203	59	0.0	1	56 3
204	51	0.0	1	47 4
205	71	0.0	1	69 2
206	40	0.0	1	38 2
207	59	0.0	1	58 1
208	57	0.0	1	56 1
209	94	0.0	1	94
210	79	0.0	1	77 2
211	92	0.0	1	88 4
212	124	0.0	1	121 3
213	78	0.0	1	74 4
214	111	0.0	1	107 4
215	93	0.0	1	86 7
216	75	0.0	1	72 3
217	96	0.0	1	89 7
218	87	0.0	1	83 4
219	111	0.0	1	107 4
220	86	0.0	1	83 3
221	65	0.0	1	65
222	73	0.0	1	71 2
223	82	0.0	1	80 2
224	101	0.0	1	100 1
225	71	0.0	1	66 5
226	77	0.0	1	75 2
227	123	0.0	1	119 4
228	143	0.0	1	138 5
229	95	0.0	1	93 2
230	154	0.0	1	150 4
231	120	0.0	1	114 6
232	121	0.0	1	120 1
233	128	0.0	1	125 3
234	154	0.0	1	149 5
235	141	0.0	1	139 2
236	127	0.0	1	121 6
237	150	0.0	1	144 6
238	178	0.0	1	166 12
239	278	0.0	1	269 9
240	370	0.0	1	356 14
241	129	0.0	1	125 4
242	81	0.0	1	76 5
243	58	0.0	1	56 2
244	102	0.0	1	101 1
245	88	0.0	1	87 1
246	173	0.0	1	167 6
247	243	0.0	1	237 6
248	162	0.0	1	156 6
249	155	0.0	1	154 1
250	168	0.0	1	164 4
251	245	0.0	1	237 8
252	312	0.0	1	300 12
253	423	0.0	1	407 16
254	169	0.0	1	163 6
255	110	0.0	1	105 5
256	186	0.0	1	181 5
257	226	0.0	1	221 5
258	312	0.0	1	300 12
259	158	0.0	1	148 10
260	243	0.0	1	231 12
261	249	0.0	1	242 7
262	260	0.0	1	246 14
263	418	0.0	1	404 14
264	466	0.0	1	446 20
265	381	0.0	1	362 19
266	467	0.0	1	455 12
267	657	0.0	1	632 25
268	551	0.0	1	536 15
269	490	0.0	1	474 16
270	465	0.0	1	450 15
271	673	0.0	1	653 20
272	473	0.0	1	458 15
273	343	0.0	1	328 15
274	500	0.0	1	487 13
275	276	0.0	1	268 8
276	276	0.0	1	267 9
277	402	0.0	1	394 8
278	339	0.0	1	333 6
279	432	0.0	1	419 13
280	339	0.0	1	330 9
281	468	0.0	1	449 19
282	462	0.0	1	443 19
283	443	0.0	1	433 10
284	498	0.0	1	479 19
285	556	0.0	1	535 21
286	563	0.0	1	545 18
287	519	0.0	1	501 18
288	435	0.0	1	416 19
289	790	0.0	1	773 17
290	584	0.0	1	560 24
291	507	0.0	1	488 19
292	658	0.0	1	629 29
293	482	0.0	1	469 13
294	481	0.0	1	452 29
295	447	0.0	1	430 17
296	467	0.0	1	443 24
297	163	0.0	1	155 8
298	6	0.0	1	6
299	9	0.0	1	8 1
300	22140	0.0	1	21417 723


=== Second read: Adapter 2 ===

Sequence: GACTACHVGGGTATCTAATCC; Type: regular 3'; Length: 21; Trimmed: 51612 times.

No. of allowed errors:
0-9 bp: 0; 10-19 bp: 1; 20-21 bp: 2

Bases preceding removed adapters:
  A: 0.0%
  C: 0.0%
  G: 0.0%
  T: 0.0%
  none/other: 100.0%

Overview of removed sequences
length	count	expect	max.err	error counts
4	1	201.9	0	1
10	1	0.0	1	0 1
50	11	0.0	2	8 2 1
51	1	0.0	2	1
52	3	0.0	2	1 2
53	5	0.0	2	3 2
54	17	0.0	2	11 4 2
55	24	0.0	2	21 3
56	45	0.0	2	43 2
57	74	0.0	2	72 2
58	63	0.0	2	61 2
59	25	0.0	2	23 2
60	21	0.0	2	19 2
61	12	0.0	2	9 3
62	13	0.0	2	12 1
63	5	0.0	2	5
64	6	0.0	2	6
65	5	0.0	2	4 1
66	9	0.0	2	8 1
67	76	0.0	2	69 5 2
68	66	0.0	2	63 3
69	40	0.0	2	36 4
70	17	0.0	2	15 2
71	12	0.0	2	11 0 1
72	10	0.0	2	9 1
73	4	0.0	2	4
74	7	0.0	2	6 0 1
75	7	0.0	2	5 2
76	4	0.0	2	3 1
77	2	0.0	2	2
78	2	0.0	2	2
79	1	0.0	2	0 1
80	1	0.0	2	1
81	9	0.0	2	8 1
82	3	0.0	2	3
83	10	0.0	2	8 2
84	10	0.0	2	7 2 1
85	3	0.0	2	2 0 1
86	5	0.0	2	4 1
87	11	0.0	2	10 1
88	1	0.0	2	1
89	9	0.0	2	6 2 1
90	6	0.0	2	5 1
91	2	0.0	2	2
92	6	0.0	2	5 1
93	20	0.0	2	19 1
94	21	0.0	2	19 2
95	13	0.0	2	11 2
96	13	0.0	2	13
97	10	0.0	2	8 2
98	7	0.0	2	7
99	14	0.0	2	12 2
100	21	0.0	2	18 3
101	17	0.0	2	17
102	4	0.0	2	2 2
103	5	0.0	2	4 0 1
104	3	0.0	2	3
105	4	0.0	2	1 3
106	6	0.0	2	4 2
107	5	0.0	2	5
108	5	0.0	2	4 1
109	2	0.0	2	1 1
110	4	0.0	2	3 1
111	3	0.0	2	2 1
112	4	0.0	2	4
113	4	0.0	2	4
114	4	0.0	2	3 1
115	5	0.0	2	4 1
116	11	0.0	2	10 1
117	9	0.0	2	7 1 1
118	17	0.0	2	14 2 1
119	13	0.0	2	12 1
120	7	0.0	2	4 3
121	11	0.0	2	10 1
122	6	0.0	2	6
123	15	0.0	2	15
124	14	0.0	2	14
125	28	0.0	2	25 3
126	21	0.0	2	20 1
127	8	0.0	2	8
128	13	0.0	2	12 1
129	4	0.0	2	2 2
130	5	0.0	2	5
131	3	0.0	2	3
132	12	0.0	2	7 5
133	116	0.0	2	110 5 1
134	179	0.0	2	173 6
135	115	0.0	2	110 5
136	30	0.0	2	28 2
137	12	0.0	2	12
138	3	0.0	2	3
139	7	0.0	2	5 2
140	31	0.0	2	28 3
141	8	0.0	2	6 1 1
142	21	0.0	2	19 2
143	40	0.0	2	38 2
144	36	0.0	2	32 3 1
145	57	0.0	2	51 6
146	73	0.0	2	68 3 2
147	89	0.0	2	79 9 1
148	34	0.0	2	31 3
149	17	0.0	2	16 1
150	23	0.0	2	22 1
151	10	0.0	2	8 2
152	26	0.0	2	24 2
153	31	0.0	2	26 5
154	22	0.0	2	22
155	85	0.0	2	81 4
156	204	0.0	2	192 9 3
157	148	0.0	2	145 3
158	109	0.0	2	104 4 1
159	64	0.0	2	57 7
160	40	0.0	2	36 3 1
161	31	0.0	2	31
162	28	0.0	2	25 3
163	37	0.0	2	34 2 1
164	41	0.0	2	41
165	43	0.0	2	40 3
166	32	0.0	2	28 4
167	104	0.0	2	99 5
168	81	0.0	2	79 2
169	103	0.0	2	95 7 1
170	73	0.0	2	70 3
171	80	0.0	2	70 9 1
172	85	0.0	2	81 4
173	94	0.0	2	92 1 1
174	126	0.0	2	117 8 1
175	108	0.0	2	106 2
176	107	0.0	2	101 6
177	135	0.0	2	131 4
178	96	0.0	2	89 6 1
179	103	0.0	2	98 4 1
180	139	0.0	2	127 10 2
181	44	0.0	2	39 4 1
182	45	0.0	2	40 5
183	29	0.0	2	26 2 1
184	42	0.0	2	38 4
185	105	0.0	2	99 6
186	82	0.0	2	73 9
187	65	0.0	2	61 4
188	33	0.0	2	31 2
189	79	0.0	2	75 4
190	140	0.0	2	136 3 1
191	208	0.0	2	200 7 1
192	202	0.0	2	194 7 1
193	319	0.0	2	314 5
194	261	0.0	2	246 14 1
195	256	0.0	2	244 11 1
196	75	0.0	2	72 2 1
197	44	0.0	2	40 3 1
198	60	0.0	2	57 3
199	146	0.0	2	140 6
200	198	0.0	2	190 8
201	150	0.0	2	131 15 4
202	245	0.0	2	238 5 2
203	382	0.0	2	363 18 1
204	239	0.0	2	221 16 2
205	319	0.0	2	298 20 1
206	257	0.0	2	223 31 3
207	304	0.0	2	290 12 2
208	142	0.0	2	135 6 1
209	217	0.0	2	206 10 1
210	197	0.0	2	189 8
211	407	0.0	2	389 18
212	297	0.0	2	283 11 3
213	393	0.0	2	373 19 1
214	302	0.0	2	295 7
215	197	0.0	2	181 16
216	168	0.0	2	158 6 4
217	34	0.0	2	33 1
218	37	0.0	2	30 7
219	260	0.0	2	253 5 2
220	156	0.0	2	146 5 5
221	131	0.0	2	114 16 1
222	516	0.0	2	486 28 2
223	648	0.0	2	629 17 2
224	344	0.0	2	319 22 3
225	744	0.0	2	706 34 4
226	689	0.0	2	666 20 3
227	1026	0.0	2	989 34 3
228	249	0.0	2	229 19 1
229	604	0.0	2	583 18 3
230	248	0.0	2	226 20 2
231	206	0.0	2	202 4
232	127	0.0	2	119 6 2
233	306	0.0	2	280 23 3
234	513	0.0	2	493 19 1
235	154	0.0	2	149 5
236	62	0.0	2	60 2
237	12	0.0	2	10 1 1
238	6	0.0	2	6
239	52	0.0	2	35 15 2
240	704	0.0	2	652 47 5
241	1388	0.0	2	1339 47 2
242	1027	0.0	2	999 27 1
243	807	0.0	2	785 22
244	404	0.0	2	387 15 2
245	298	0.0	2	283 15
246	122	0.0	2	112 9 1
247	57	0.0	2	53 4
248	109	0.0	2	100 7 2
249	622	0.0	2	590 26 6
250	1555	0.0	2	1493 61 1
251	1642	0.0	2	1605 36 1
252	475	0.0	2	459 16
253	205	0.0	2	182 21 2
254	415	0.0	2	401 14
255	261	0.0	2	250 10 1
256	1000	0.0	2	959 38 3
257	510	0.0	2	483 27
258	603	0.0	2	584 17 2
259	651	0.0	2	630 20 1
260	759	0.0	2	742 16 1
261	480	0.0	2	471 9
262	499	0.0	2	482 16 1
263	267	0.0	2	258 9
264	121	0.0	2	112 7 2
265	206	0.0	2	192 11 3
266	622	0.0	2	607 15
267	614	0.0	2	597 16 1
268	533	0.0	2	526 7
269	672	0.0	2	646 25 1
270	519	0.0	2	503 16
271	749	0.0	2	726 22 1
272	100	0.0	2	97 2 1
273	106	0.0	2	101 5
274	265	0.0	2	258 7
275	62	0.0	2	57 3 2
276	104	0.0	2	94 9 1
277	1185	0.0	2	1141 44
278	501	0.0	2	489 11 1
279	625	0.0	2	613 12
280	866	0.0	2	845 19 2
281	363	0.0	2	350 12 1
282	540	0.0	2	530 10
283	378	0.0	2	368 10
284	240	0.0	2	237 3
285	284	0.0	2	278 6
286	142	0.0	2	138 3 1
287	421	0.0	2	407 13 1
288	123	0.0	2	115 7 1
289	872	0.0	2	854 17 1
290	74	0.0	2	71 2 1
291	555	0.0	2	542 13
292	611	0.0	2	596 15
293	460	0.0	2	453 7
294	120	0.0	2	117 3
295	46	0.0	2	45 1
296	8	0.0	2	8
297	26	0.0	2	26
298	3	0.0	2	3
300	5531	0.0	2	5423 106 2
