This is cutadapt 2.6 with Python 3.7.16
Command line parameters: -a CCTACGGGNGGCWGCAG -A GACTACHVGGGTATCTAATCC -o trimmed_reads/Bact-13_S13_R1_trimmed.fastq.gz -p trimmed_reads/Bact-13_S13_R2_trimmed.fastq.gz clean_reads/Bact-13_S13_R1_clean.fastq.gz clean_reads/Bact-13_S13_R2_clean.fastq.gz
Processing reads on 1 core in paired-end mode ...
Finished in 1.70 s (31 us/read; 1.91 M reads/minute).

=== Summary ===

Total read pairs processed:             54,018
  Read 1 with adapter:                  53,905 (99.8%)
  Read 2 with adapter:                  53,951 (99.9%)
Pairs written (passing filters):        54,018 (100.0%)

Total basepairs processed:    28,053,547 bp
  Read 1:    14,597,285 bp
  Read 2:    13,456,262 bp
Total written (filtered):         46,608 bp (0.2%)
  Read 1:        33,469 bp
  Read 2:        13,139 bp

=== First read: Adapter 1 ===

Sequence: CCTACGGGNGGCWGCAG; Type: regular 3'; Length: 17; Trimmed: 53905 times.

No. of allowed errors:
0-9 bp: 0; 10-16 bp: 1

Bases preceding removed adapters:
  A: 0.0%
  C: 0.0%
  G: 0.1%
  T: 0.0%
  none/other: 99.9%

Overview of removed sequences
length	count	expect	max.err	error counts
3	2	844.0	0	2
8	1	0.8	0	1
23	1	0.0	1	1
31	2	0.0	1	2
44	1	0.0	1	1
47	1	0.0	1	1
49	2	0.0	1	2
50	26	0.0	1	25 1
51	25	0.0	1	23 2
52	8	0.0	1	8
53	4	0.0	1	4
54	5	0.0	1	5
55	18	0.0	1	18
56	1	0.0	1	1
57	10	0.0	1	8 2
58	7	0.0	1	5 2
59	10	0.0	1	10
60	4	0.0	1	3 1
61	1	0.0	1	0 1
62	8	0.0	1	8
63	4	0.0	1	3 1
64	3	0.0	1	3
65	14	0.0	1	12 2
66	20	0.0	1	18 2
67	34	0.0	1	30 4
68	18	0.0	1	16 2
69	16	0.0	1	15 1
70	10	0.0	1	9 1
71	7	0.0	1	7
72	3	0.0	1	3
73	18	0.0	1	18
74	19	0.0	1	19
75	13	0.0	1	13
76	21	0.0	1	21
77	37	0.0	1	35 2
78	31	0.0	1	31
79	33	0.0	1	32 1
80	21	0.0	1	21
81	7	0.0	1	6 1
82	7	0.0	1	7
83	5	0.0	1	5
84	9	0.0	1	8 1
85	22	0.0	1	21 1
86	14	0.0	1	14
87	33	0.0	1	31 2
88	7	0.0	1	7
89	5	0.0	1	5
90	1	0.0	1	1
91	12	0.0	1	12
92	25	0.0	1	24 1
93	25	0.0	1	25
94	16	0.0	1	16
95	15	0.0	1	14 1
96	11	0.0	1	11
97	20	0.0	1	20
98	7	0.0	1	7
99	55	0.0	1	55
100	65	0.0	1	63 2
101	76	0.0	1	76
102	33	0.0	1	32 1
103	23	0.0	1	21 2
104	15	0.0	1	14 1
105	15	0.0	1	15
106	8	0.0	1	7 1
107	16	0.0	1	15 1
108	24	0.0	1	23 1
109	8	0.0	1	7 1
110	13	0.0	1	13
111	44	0.0	1	43 1
112	72	0.0	1	71 1
113	74	0.0	1	74
114	102	0.0	1	102
115	99	0.0	1	99
116	71	0.0	1	71
117	60	0.0	1	59 1
118	46	0.0	1	45 1
119	48	0.0	1	47 1
120	28	0.0	1	27 1
121	34	0.0	1	34
122	41	0.0	1	40 1
123	49	0.0	1	49
124	30	0.0	1	29 1
125	40	0.0	1	39 1
126	42	0.0	1	40 2
127	44	0.0	1	42 2
128	84	0.0	1	80 4
129	29	0.0	1	28 1
130	20	0.0	1	19 1
131	24	0.0	1	24
132	15	0.0	1	13 2
133	21	0.0	1	21
134	22	0.0	1	21 1
135	45	0.0	1	45
136	23	0.0	1	23
137	19	0.0	1	19
138	18	0.0	1	18
139	20	0.0	1	20
140	34	0.0	1	32 2
141	11	0.0	1	10 1
142	14	0.0	1	14
143	24	0.0	1	24
144	22	0.0	1	22
145	24	0.0	1	23 1
146	25	0.0	1	23 2
147	25	0.0	1	23 2
148	19	0.0	1	17 2
149	26	0.0	1	25 1
150	27	0.0	1	25 2
151	29	0.0	1	28 1
152	15	0.0	1	14 1
153	20	0.0	1	19 1
154	17	0.0	1	17
155	23	0.0	1	21 2
156	19	0.0	1	19
157	15	0.0	1	14 1
158	14	0.0	1	14
159	11	0.0	1	10 1
160	23	0.0	1	23
161	23	0.0	1	23
162	38	0.0	1	37 1
163	37	0.0	1	33 4
164	28	0.0	1	27 1
165	31	0.0	1	31
166	25	0.0	1	24 1
167	26	0.0	1	24 2
168	52	0.0	1	50 2
169	50	0.0	1	48 2
170	61	0.0	1	59 2
171	41	0.0	1	38 3
172	93	0.0	1	89 4
173	58	0.0	1	55 3
174	40	0.0	1	39 1
175	33	0.0	1	31 2
176	36	0.0	1	36
177	40	0.0	1	37 3
178	25	0.0	1	24 1
179	39	0.0	1	36 3
180	27	0.0	1	23 4
181	23	0.0	1	21 2
182	29	0.0	1	28 1
183	36	0.0	1	35 1
184	34	0.0	1	34
185	39	0.0	1	38 1
186	48	0.0	1	47 1
187	33	0.0	1	31 2
188	43	0.0	1	42 1
189	25	0.0	1	24 1
190	48	0.0	1	47 1
191	44	0.0	1	43 1
192	31	0.0	1	29 2
193	41	0.0	1	39 2
194	40	0.0	1	39 1
195	59	0.0	1	57 2
196	75	0.0	1	71 4
197	71	0.0	1	69 2
198	68	0.0	1	63 5
199	77	0.0	1	76 1
200	66	0.0	1	65 1
201	65	0.0	1	63 2
202	61	0.0	1	60 1
203	63	0.0	1	60 3
204	55	0.0	1	51 4
205	49	0.0	1	45 4
206	72	0.0	1	67 5
207	69	0.0	1	65 4
208	76	0.0	1	72 4
209	119	0.0	1	112 7
210	90	0.0	1	86 4
211	80	0.0	1	79 1
212	113	0.0	1	111 2
213	104	0.0	1	94 10
214	96	0.0	1	93 3
215	117	0.0	1	115 2
216	69	0.0	1	68 1
217	104	0.0	1	103 1
218	107	0.0	1	105 2
219	146	0.0	1	137 9
220	98	0.0	1	96 2
221	67	0.0	1	66 1
222	111	0.0	1	110 1
223	106	0.0	1	103 3
224	117	0.0	1	112 5
225	92	0.0	1	87 5
226	101	0.0	1	99 2
227	140	0.0	1	135 5
228	160	0.0	1	158 2
229	105	0.0	1	103 2
230	128	0.0	1	127 1
231	113	0.0	1	108 5
232	83	0.0	1	82 1
233	143	0.0	1	138 5
234	137	0.0	1	133 4
235	149	0.0	1	141 8
236	108	0.0	1	106 2
237	167	0.0	1	162 5
238	180	0.0	1	172 8
239	307	0.0	1	299 8
240	345	0.0	1	329 16
241	153	0.0	1	149 4
242	110	0.0	1	105 5
243	80	0.0	1	75 5
244	131	0.0	1	126 5
245	136	0.0	1	130 6
246	202	0.0	1	198 4
247	245	0.0	1	231 14
248	204	0.0	1	199 5
249	151	0.0	1	147 4
250	163	0.0	1	158 5
251	221	0.0	1	214 7
252	247	0.0	1	238 9
253	359	0.0	1	349 10
254	160	0.0	1	156 4
255	154	0.0	1	148 6
256	157	0.0	1	152 5
257	266	0.0	1	263 3
258	289	0.0	1	281 8
259	170	0.0	1	167 3
260	235	0.0	1	228 7
261	292	0.0	1	286 6
262	279	0.0	1	270 9
263	476	0.0	1	464 12
264	426	0.0	1	413 13
265	345	0.0	1	331 14
266	561	0.0	1	536 25
267	592	0.0	1	562 30
268	496	0.0	1	478 18
269	457	0.0	1	439 18
270	355	0.0	1	339 16
271	547	0.0	1	528 19
272	551	0.0	1	536 15
273	333	0.0	1	320 13
274	620	0.0	1	595 25
275	310	0.0	1	286 24
276	301	0.0	1	286 15
277	421	0.0	1	401 20
278	314	0.0	1	304 10
279	480	0.0	1	468 12
280	353	0.0	1	345 8
281	557	0.0	1	526 31
282	477	0.0	1	462 15
283	485	0.0	1	471 14
284	568	0.0	1	548 20
285	608	0.0	1	587 21
286	498	0.0	1	478 20
287	525	0.0	1	508 17
288	399	0.0	1	381 18
289	801	0.0	1	782 19
290	539	0.0	1	517 22
291	601	0.0	1	583 18
292	675	0.0	1	640 35
293	482	0.0	1	468 14
294	570	0.0	1	555 15
295	388	0.0	1	370 18
296	448	0.0	1	429 19
297	168	0.0	1	162 6
298	8	0.0	1	8
299	21	0.0	1	18 3
300	23648	0.0	1	22848 800


=== Second read: Adapter 2 ===

Sequence: GACTACHVGGGTATCTAATCC; Type: regular 3'; Length: 21; Trimmed: 53951 times.

No. of allowed errors:
0-9 bp: 0; 10-19 bp: 1; 20-21 bp: 2

Bases preceding removed adapters:
  A: 0.0%
  C: 0.0%
  G: 0.0%
  T: 0.0%
  none/other: 100.0%

Overview of removed sequences
length	count	expect	max.err	error counts
3	1	844.0	0	1
50	10	0.0	2	5 5
51	1	0.0	2	0 0 1
52	5	0.0	2	3 0 2
53	5	0.0	2	3 2
54	12	0.0	2	1 6 5
55	30	0.0	2	25 4 1
56	50	0.0	2	45 4 1
57	79	0.0	2	75 3 1
58	63	0.0	2	60 3
59	37	0.0	2	37
60	37	0.0	2	33 3 1
61	15	0.0	2	14 1
62	13	0.0	2	13
63	7	0.0	2	6 1
64	7	0.0	2	7
65	13	0.0	2	8 4 1
66	9	0.0	2	8 1
67	78	0.0	2	76 2
68	80	0.0	2	78 1 1
69	46	0.0	2	43 3
70	28	0.0	2	27 1
71	7	0.0	2	6 1
72	5	0.0	2	5
73	5	0.0	2	4 1
74	4	0.0	2	4
75	12	0.0	2	11 1
76	1	0.0	2	1
77	7	0.0	2	6 0 1
78	4	0.0	2	4
79	3	0.0	2	2 1
80	2	0.0	2	2
81	10	0.0	2	8 2
82	5	0.0	2	4 1
83	9	0.0	2	7 1 1
84	6	0.0	2	5 1
85	4	0.0	2	3 1
86	8	0.0	2	5 0 3
87	9	0.0	2	6 1 2
88	4	0.0	2	2 2
89	7	0.0	2	5 2
90	3	0.0	2	3
91	1	0.0	2	1
92	9	0.0	2	8 1
93	32	0.0	2	32
94	22	0.0	2	22
95	16	0.0	2	16
96	16	0.0	2	16
97	19	0.0	2	16 2 1
98	7	0.0	2	7
99	13	0.0	2	12 1
100	8	0.0	2	6 2
101	7	0.0	2	7
102	1	0.0	2	1
103	5	0.0	2	4 1
104	5	0.0	2	3 2
105	5	0.0	2	5
106	5	0.0	2	4 1
107	3	0.0	2	2 1
108	2	0.0	2	2
109	7	0.0	2	5 2
110	4	0.0	2	4
111	4	0.0	2	0 3 1
112	2	0.0	2	2
113	5	0.0	2	5
114	1	0.0	2	0 1
115	7	0.0	2	4 2 1
116	11	0.0	2	7 4
117	12	0.0	2	7 4 1
118	14	0.0	2	11 2 1
119	9	0.0	2	6 3
120	6	0.0	2	3 3
121	15	0.0	2	15
122	8	0.0	2	8
123	13	0.0	2	12 1
124	17	0.0	2	17
125	23	0.0	2	18 5
126	19	0.0	2	18 1
127	19	0.0	2	16 2 1
128	7	0.0	2	7
129	8	0.0	2	7 1
130	11	0.0	2	9 2
131	9	0.0	2	9
132	7	0.0	2	7
133	103	0.0	2	99 4
134	138	0.0	2	134 4
135	99	0.0	2	96 1 2
136	37	0.0	2	34 3
137	11	0.0	2	11
139	7	0.0	2	7
140	22	0.0	2	20 2
141	15	0.0	2	13 2
142	26	0.0	2	25 1
143	29	0.0	2	28 1
144	42	0.0	2	39 3
145	81	0.0	2	71 9 1
146	58	0.0	2	55 3
147	52	0.0	2	50 2
148	35	0.0	2	34 1
149	18	0.0	2	16 2
150	16	0.0	2	15 1
151	16	0.0	2	13 1 2
152	25	0.0	2	25
153	28	0.0	2	21 6 1
154	33	0.0	2	32 1
155	75	0.0	2	74 1
156	140	0.0	2	133 7
157	118	0.0	2	113 5
158	83	0.0	2	79 4
159	50	0.0	2	49 0 1
160	20	0.0	2	20
161	21	0.0	2	18 1 2
162	29	0.0	2	28 1
163	26	0.0	2	24 2
164	43	0.0	2	41 2
165	31	0.0	2	31
166	24	0.0	2	23 1
167	102	0.0	2	96 6
168	56	0.0	2	50 4 2
169	73	0.0	2	70 3
170	66	0.0	2	65 1
171	64	0.0	2	61 3
172	50	0.0	2	48 2
173	100	0.0	2	96 3 1
174	117	0.0	2	114 3
175	99	0.0	2	95 3 1
176	77	0.0	2	76 1
177	128	0.0	2	124 4
178	105	0.0	2	100 4 1
179	102	0.0	2	96 6
180	105	0.0	2	101 3 1
181	33	0.0	2	30 3
182	33	0.0	2	32 1
183	28	0.0	2	27 1
184	32	0.0	2	29 2 1
185	62	0.0	2	57 4 1
186	69	0.0	2	63 6
187	47	0.0	2	46 1
188	21	0.0	2	19 2
189	74	0.0	2	67 7
190	161	0.0	2	153 7 1
191	216	0.0	2	200 14 2
192	168	0.0	2	162 6
193	244	0.0	2	239 4 1
194	208	0.0	2	192 14 2
195	202	0.0	2	190 11 1
196	52	0.0	2	49 3
197	35	0.0	2	35
198	39	0.0	2	35 4
199	116	0.0	2	103 11 2
200	168	0.0	2	158 9 1
201	73	0.0	2	69 4
202	222	0.0	2	214 7 1
203	333	0.0	2	322 9 2
204	189	0.0	2	165 21 3
205	271	0.0	2	252 17 2
206	239	0.0	2	217 21 1
207	254	0.0	2	239 15
208	146	0.0	2	127 19
209	203	0.0	2	197 6
210	167	0.0	2	159 7 1
211	355	0.0	2	328 27
212	290	0.0	2	282 7 1
213	305	0.0	2	294 9 2
214	261	0.0	2	243 18
215	178	0.0	2	175 1 2
216	137	0.0	2	127 10
217	58	0.0	2	56 1 1
218	51	0.0	2	40 10 1
219	232	0.0	2	223 8 1
220	124	0.0	2	120 4
221	123	0.0	2	109 12 2
222	441	0.0	2	407 34
223	621	0.0	2	601 20
224	311	0.0	2	283 26 2
225	588	0.0	2	559 27 2
226	690	0.0	2	670 19 1
227	974	0.0	2	939 32 3
228	259	0.0	2	243 16
229	586	0.0	2	554 25 7
230	203	0.0	2	185 16 2
231	177	0.0	2	174 3
232	98	0.0	2	87 6 5
233	255	0.0	2	236 18 1
234	554	0.0	2	538 15 1
235	170	0.0	2	159 11
236	64	0.0	2	60 3 1
237	10	0.0	2	9 0 1
238	9	0.0	2	6 1 2
239	57	0.0	2	26 30 1
240	683	0.0	2	646 36 1
241	1374	0.0	2	1330 42 2
242	1044	0.0	2	1016 27 1
243	798	0.0	2	762 34 2
244	385	0.0	2	376 8 1
245	230	0.0	2	222 8
246	110	0.0	2	100 10
247	76	0.0	2	69 6 1
248	94	0.0	2	85 9
249	574	0.0	2	538 35 1
250	1705	0.0	2	1651 53 1
251	1725	0.0	2	1671 54
252	498	0.0	2	481 17
253	191	0.0	2	183 8
254	400	0.0	2	382 18
255	327	0.0	2	309 18
256	1042	0.0	2	1006 35 1
257	542	0.0	2	517 24 1
258	670	0.0	2	646 24
259	737	0.0	2	721 15 1
260	836	0.0	2	812 24
261	423	0.0	2	405 16 2
262	478	0.0	2	460 18
263	325	0.0	2	310 14 1
264	126	0.0	2	114 11 1
265	179	0.0	2	165 13 1
266	627	0.0	2	608 18 1
267	726	0.0	2	705 20 1
268	454	0.0	2	444 10
269	756	0.0	2	732 24
270	727	0.0	2	705 21 1
271	885	0.0	2	861 24
272	153	0.0	2	146 6 1
273	125	0.0	2	119 6
274	263	0.0	2	257 6
275	73	0.0	2	68 4 1
276	130	0.0	2	116 14
277	1347	0.0	2	1311 34 2
278	545	0.0	2	535 10
279	710	0.0	2	690 19 1
280	966	0.0	2	940 26
281	419	0.0	2	410 8 1
282	615	0.0	2	601 13 1
283	480	0.0	2	470 9 1
284	285	0.0	2	281 4
285	336	0.0	2	326 8 2
286	185	0.0	2	180 5
287	495	0.0	2	484 9 2
288	158	0.0	2	149 9
289	1052	0.0	2	1025 26 1
290	93	0.0	2	87 6
291	601	0.0	2	582 19
292	709	0.0	2	696 13
293	622	0.0	2	605 17
294	185	0.0	2	178 7
295	46	0.0	2	45 1
296	14	0.0	2	14
297	38	0.0	2	35 3
298	3	0.0	2	3
300	7320	0.0	2	7151 168 1
