This is cutadapt 2.6 with Python 3.7.16
Command line parameters: -a CCTACGGGNGGCWGCAG -A GACTACHVGGGTATCTAATCC -o trimmed_reads/Bact-7_S7_R1_trimmed.fastq.gz -p trimmed_reads/Bact-7_S7_R2_trimmed.fastq.gz clean_reads/Bact-7_S7_R1_clean.fastq.gz clean_reads/Bact-7_S7_R2_clean.fastq.gz
Processing reads on 1 core in paired-end mode ...
Finished in 1.69 s (38 us/read; 1.59 M reads/minute).

=== Summary ===

Total read pairs processed:             44,622
  Read 1 with adapter:                  44,517 (99.8%)
  Read 2 with adapter:                  44,535 (99.8%)
Pairs written (passing filters):        44,622 (100.0%)

Total basepairs processed:    22,883,228 bp
  Read 1:    12,083,565 bp
  Read 2:    10,799,663 bp
Total written (filtered):         46,359 bp (0.2%)
  Read 1:        29,434 bp
  Read 2:        16,925 bp

=== First read: Adapter 1 ===

Sequence: CCTACGGGNGGCWGCAG; Type: regular 3'; Length: 17; Trimmed: 44517 times.

No. of allowed errors:
0-9 bp: 0; 10-16 bp: 1

Bases preceding removed adapters:
  A: 0.0%
  C: 0.0%
  G: 0.1%
  T: 0.0%
  none/other: 99.9%

Overview of removed sequences
length	count	expect	max.err	error counts
43	1	0.0	1	1
50	17	0.0	1	17
51	21	0.0	1	18 3
52	9	0.0	1	8 1
53	1	0.0	1	1
54	1	0.0	1	1
55	15	0.0	1	15
56	1	0.0	1	0 1
57	6	0.0	1	6
59	5	0.0	1	5
60	10	0.0	1	10
61	5	0.0	1	4 1
62	3	0.0	1	2 1
63	4	0.0	1	4
64	3	0.0	1	3
65	8	0.0	1	8
66	11	0.0	1	11
67	27	0.0	1	26 1
68	12	0.0	1	11 1
69	13	0.0	1	11 2
70	9	0.0	1	9
71	1	0.0	1	1
72	2	0.0	1	2
73	8	0.0	1	7 1
74	12	0.0	1	12
75	4	0.0	1	4
76	18	0.0	1	18
77	14	0.0	1	14
78	16	0.0	1	16
79	20	0.0	1	19 1
80	16	0.0	1	15 1
81	15	0.0	1	15
82	14	0.0	1	14
83	4	0.0	1	4
84	12	0.0	1	12
85	26	0.0	1	26
86	8	0.0	1	8
87	36	0.0	1	34 2
88	8	0.0	1	8
89	1	0.0	1	1
90	1	0.0	1	1
91	11	0.0	1	11
92	9	0.0	1	9
93	14	0.0	1	14
94	16	0.0	1	16
95	11	0.0	1	10 1
96	14	0.0	1	14
97	13	0.0	1	13
98	8	0.0	1	8
99	37	0.0	1	36 1
100	48	0.0	1	48
101	58	0.0	1	58
102	20	0.0	1	20
103	14	0.0	1	14
104	19	0.0	1	18 1
105	10	0.0	1	10
106	8	0.0	1	8
107	9	0.0	1	9
108	15	0.0	1	13 2
109	10	0.0	1	10
110	8	0.0	1	7 1
111	39	0.0	1	38 1
112	76	0.0	1	73 3
113	87	0.0	1	81 6
114	60	0.0	1	59 1
115	50	0.0	1	50
116	79	0.0	1	79
117	44	0.0	1	43 1
118	33	0.0	1	31 2
119	28	0.0	1	27 1
120	23	0.0	1	22 1
121	32	0.0	1	32
122	33	0.0	1	29 4
123	45	0.0	1	43 2
124	34	0.0	1	34
125	43	0.0	1	43
126	34	0.0	1	33 1
127	27	0.0	1	25 2
128	69	0.0	1	68 1
129	12	0.0	1	12
130	20	0.0	1	19 1
131	16	0.0	1	16
132	24	0.0	1	24
133	24	0.0	1	23 1
134	27	0.0	1	26 1
135	31	0.0	1	31
136	21	0.0	1	21
137	20	0.0	1	20
138	23	0.0	1	23
139	15	0.0	1	15
140	26	0.0	1	25 1
141	14	0.0	1	14
142	21	0.0	1	21
143	12	0.0	1	12
144	21	0.0	1	20 1
145	18	0.0	1	17 1
146	31	0.0	1	29 2
147	25	0.0	1	25
148	20	0.0	1	20
149	23	0.0	1	21 2
150	24	0.0	1	24
151	19	0.0	1	19
152	13	0.0	1	13
153	14	0.0	1	13 1
154	16	0.0	1	15 1
155	15	0.0	1	15
156	12	0.0	1	12
157	18	0.0	1	18
158	19	0.0	1	19
159	16	0.0	1	15 1
160	24	0.0	1	23 1
161	23	0.0	1	23
162	32	0.0	1	30 2
163	57	0.0	1	53 4
164	21	0.0	1	21
165	28	0.0	1	28
166	35	0.0	1	34 1
167	24	0.0	1	23 1
168	32	0.0	1	31 1
169	35	0.0	1	35
170	43	0.0	1	40 3
171	28	0.0	1	28
172	92	0.0	1	90 2
173	70	0.0	1	67 3
174	36	0.0	1	35 1
175	30	0.0	1	30
176	21	0.0	1	21
177	21	0.0	1	21
178	18	0.0	1	17 1
179	30	0.0	1	29 1
180	29	0.0	1	28 1
181	21	0.0	1	20 1
182	34	0.0	1	32 2
183	28	0.0	1	28
184	24	0.0	1	24
185	33	0.0	1	33
186	29	0.0	1	29
187	36	0.0	1	35 1
188	27	0.0	1	27
189	26	0.0	1	25 1
190	44	0.0	1	42 2
191	44	0.0	1	43 1
192	36	0.0	1	34 2
193	45	0.0	1	43 2
194	35	0.0	1	33 2
195	56	0.0	1	52 4
196	57	0.0	1	57
197	47	0.0	1	46 1
198	62	0.0	1	59 3
199	62	0.0	1	61 1
200	72	0.0	1	70 2
201	73	0.0	1	72 1
202	45	0.0	1	44 1
203	32	0.0	1	32
204	29	0.0	1	29
205	56	0.0	1	54 2
206	49	0.0	1	47 2
207	51	0.0	1	47 4
208	52	0.0	1	51 1
209	84	0.0	1	79 5
210	75	0.0	1	73 2
211	79	0.0	1	74 5
212	120	0.0	1	118 2
213	83	0.0	1	78 5
214	76	0.0	1	71 5
215	77	0.0	1	73 4
216	54	0.0	1	53 1
217	65	0.0	1	60 5
218	73	0.0	1	71 2
219	117	0.0	1	111 6
220	62	0.0	1	60 2
221	51	0.0	1	48 3
222	70	0.0	1	66 4
223	99	0.0	1	97 2
224	114	0.0	1	110 4
225	73	0.0	1	69 4
226	71	0.0	1	66 5
227	104	0.0	1	102 2
228	103	0.0	1	100 3
229	66	0.0	1	63 3
230	117	0.0	1	112 5
231	101	0.0	1	94 7
232	115	0.0	1	111 4
233	101	0.0	1	97 4
234	108	0.0	1	105 3
235	135	0.0	1	130 5
236	119	0.0	1	115 4
237	160	0.0	1	153 7
238	151	0.0	1	146 5
239	238	0.0	1	232 6
240	318	0.0	1	304 14
241	116	0.0	1	106 10
242	81	0.0	1	79 2
243	57	0.0	1	54 3
244	109	0.0	1	104 5
245	133	0.0	1	128 5
246	142	0.0	1	138 4
247	197	0.0	1	191 6
248	155	0.0	1	147 8
249	140	0.0	1	135 5
250	140	0.0	1	137 3
251	242	0.0	1	232 10
252	232	0.0	1	221 11
253	288	0.0	1	284 4
254	139	0.0	1	134 5
255	77	0.0	1	76 1
256	119	0.0	1	114 5
257	251	0.0	1	239 12
258	232	0.0	1	226 6
259	166	0.0	1	157 9
260	221	0.0	1	212 9
261	193	0.0	1	190 3
262	203	0.0	1	197 6
263	319	0.0	1	313 6
264	353	0.0	1	344 9
265	242	0.0	1	236 6
266	372	0.0	1	356 16
267	446	0.0	1	432 14
268	428	0.0	1	417 11
269	304	0.0	1	300 4
270	293	0.0	1	279 14
271	435	0.0	1	424 11
272	407	0.0	1	396 11
273	287	0.0	1	282 5
274	425	0.0	1	409 16
275	236	0.0	1	229 7
276	263	0.0	1	255 8
277	306	0.0	1	299 7
278	280	0.0	1	272 8
279	335	0.0	1	328 7
280	270	0.0	1	263 7
281	418	0.0	1	401 17
282	306	0.0	1	291 15
283	354	0.0	1	344 10
284	457	0.0	1	448 9
285	449	0.0	1	432 17
286	420	0.0	1	406 14
287	424	0.0	1	411 13
288	322	0.0	1	306 16
289	702	0.0	1	686 16
290	444	0.0	1	427 17
291	528	0.0	1	509 19
292	500	0.0	1	478 22
293	365	0.0	1	344 21
294	448	0.0	1	430 18
295	346	0.0	1	332 14
296	401	0.0	1	381 20
297	124	0.0	1	118 6
298	10	0.0	1	10
299	13	0.0	1	12 1
300	20323	0.0	1	19664 659


=== Second read: Adapter 2 ===

Sequence: GACTACHVGGGTATCTAATCC; Type: regular 3'; Length: 21; Trimmed: 44535 times.

No. of allowed errors:
0-9 bp: 0; 10-19 bp: 1; 20-21 bp: 2

Bases preceding removed adapters:
  A: 0.0%
  C: 0.0%
  G: 0.0%
  T: 0.0%
  none/other: 100.0%

Overview of removed sequences
length	count	expect	max.err	error counts
3	3	697.2	0	3
50	14	0.0	2	8 5 1
51	3	0.0	2	1 2
52	9	0.0	2	4 5
53	2	0.0	2	2
54	16	0.0	2	4 8 4
55	33	0.0	2	29 3 1
56	61	0.0	2	58 3
57	87	0.0	2	85 2
58	53	0.0	2	48 5
59	39	0.0	2	36 3
60	29	0.0	2	27 2
61	15	0.0	2	14 1
62	11	0.0	2	10 1
63	6	0.0	2	4 2
64	4	0.0	2	3 1
65	2	0.0	2	2
66	6	0.0	2	6
67	87	0.0	2	84 2 1
68	78	0.0	2	73 5
69	44	0.0	2	42 2
70	20	0.0	2	19 1
71	10	0.0	2	7 1 2
72	11	0.0	2	11
73	1	0.0	2	1
74	8	0.0	2	6 1 1
75	6	0.0	2	5 1
76	4	0.0	2	3 1
77	7	0.0	2	5 2
78	3	0.0	2	2 1
79	1	0.0	2	1
81	13	0.0	2	11 2
82	18	0.0	2	17 0 1
83	6	0.0	2	4 1 1
84	2	0.0	2	2
85	5	0.0	2	2 2 1
86	7	0.0	2	5 2
87	10	0.0	2	9 0 1
88	4	0.0	2	4
89	5	0.0	2	4 1
90	2	0.0	2	2
91	1	0.0	2	1
92	8	0.0	2	7 1
93	21	0.0	2	19 2
94	32	0.0	2	31 1
95	25	0.0	2	22 2 1
96	19	0.0	2	19
97	9	0.0	2	9
98	6	0.0	2	6
99	8	0.0	2	8
100	11	0.0	2	10 1
101	10	0.0	2	10
102	3	0.0	2	3
103	5	0.0	2	4 1
104	7	0.0	2	6 1
105	7	0.0	2	7
106	4	0.0	2	4
107	10	0.0	2	8 2
108	1	0.0	2	1
109	6	0.0	2	6
110	4	0.0	2	4
111	3	0.0	2	2 1
112	1	0.0	2	1
114	3	0.0	2	3
115	2	0.0	2	2
116	12	0.0	2	11 1
117	4	0.0	2	2 2
118	13	0.0	2	11 2
119	12	0.0	2	11 1
120	8	0.0	2	7 1
121	6	0.0	2	5 0 1
122	17	0.0	2	16 1
123	30	0.0	2	27 3
124	22	0.0	2	22
125	24	0.0	2	22 1 1
126	20	0.0	2	18 2
127	10	0.0	2	8 1 1
128	8	0.0	2	7 1
129	4	0.0	2	3 1
130	7	0.0	2	7
131	4	0.0	2	4
132	9	0.0	2	9
133	115	0.0	2	113 1 1
134	159	0.0	2	152 7
135	99	0.0	2	96 2 1
136	37	0.0	2	37
137	11	0.0	2	11
138	3	0.0	2	3
139	11	0.0	2	8 3
140	33	0.0	2	33
141	9	0.0	2	9
142	30	0.0	2	27 2 1
143	36	0.0	2	32 4
144	42	0.0	2	38 3 1
145	52	0.0	2	52
146	62	0.0	2	60 2
147	70	0.0	2	63 7
148	47	0.0	2	45 2
149	32	0.0	2	30 1 1
150	23	0.0	2	22 1
151	16	0.0	2	12 3 1
152	34	0.0	2	29 4 1
153	29	0.0	2	29
154	35	0.0	2	34 1
155	81	0.0	2	79 2
156	201	0.0	2	197 3 1
157	107	0.0	2	103 4
158	121	0.0	2	115 5 1
159	52	0.0	2	47 4 1
160	18	0.0	2	17 1
161	24	0.0	2	23 1
162	22	0.0	2	19 3
163	21	0.0	2	21
164	43	0.0	2	42 1
165	38	0.0	2	38
166	28	0.0	2	26 2
167	113	0.0	2	107 6
168	77	0.0	2	76 1
169	78	0.0	2	69 9
170	76	0.0	2	68 7 1
171	65	0.0	2	63 2
172	54	0.0	2	52 1 1
173	134	0.0	2	129 5
174	120	0.0	2	114 5 1
175	74	0.0	2	71 3
176	69	0.0	2	67 2
177	92	0.0	2	89 2 1
178	73	0.0	2	70 2 1
179	92	0.0	2	91 1
180	91	0.0	2	85 6
181	38	0.0	2	35 1 2
182	21	0.0	2	20 1
183	27	0.0	2	26 1
184	29	0.0	2	27 0 2
185	54	0.0	2	51 3
186	63	0.0	2	59 4
187	36	0.0	2	35 1
188	31	0.0	2	28 3
189	86	0.0	2	81 5
190	118	0.0	2	117 1
191	149	0.0	2	140 8 1
192	159	0.0	2	153 6
193	234	0.0	2	226 4 4
194	195	0.0	2	181 13 1
195	245	0.0	2	235 9 1
196	44	0.0	2	44
197	36	0.0	2	32 4
198	37	0.0	2	33 4
199	115	0.0	2	109 6
200	133	0.0	2	130 3
201	83	0.0	2	74 6 3
202	166	0.0	2	157 9
203	332	0.0	2	321 8 3
204	162	0.0	2	155 7
205	276	0.0	2	258 16 2
206	256	0.0	2	227 29
207	251	0.0	2	236 14 1
208	114	0.0	2	107 7
209	242	0.0	2	236 5 1
210	162	0.0	2	146 15 1
211	343	0.0	2	328 14 1
212	238	0.0	2	230 8
213	295	0.0	2	286 9
214	241	0.0	2	234 6 1
215	172	0.0	2	163 8 1
216	158	0.0	2	152 4 2
217	57	0.0	2	55 2
218	35	0.0	2	28 7
219	239	0.0	2	230 9
220	109	0.0	2	104 5
221	127	0.0	2	110 15 2
222	422	0.0	2	398 24
223	663	0.0	2	642 19 2
224	322	0.0	2	301 18 3
225	611	0.0	2	594 16 1
226	835	0.0	2	810 23 2
227	1002	0.0	2	970 30 2
228	259	0.0	2	234 25
229	570	0.0	2	545 19 6
230	184	0.0	2	167 17
231	146	0.0	2	139 4 3
232	88	0.0	2	83 4 1
233	235	0.0	2	217 17 1
234	457	0.0	2	437 20
235	173	0.0	2	163 9 1
236	71	0.0	2	68 3
237	18	0.0	2	15 2 1
238	10	0.0	2	7 1 2
239	64	0.0	2	35 24 5
240	640	0.0	2	602 37 1
241	1254	0.0	2	1213 38 3
242	852	0.0	2	825 27
243	815	0.0	2	790 24 1
244	384	0.0	2	367 17
245	241	0.0	2	233 8
246	96	0.0	2	88 8
247	72	0.0	2	66 5 1
248	91	0.0	2	81 8 2
249	699	0.0	2	675 20 4
250	1538	0.0	2	1480 56 2
251	1347	0.0	2	1316 31
252	402	0.0	2	386 16
253	175	0.0	2	163 9 3
254	389	0.0	2	371 17 1
255	227	0.0	2	215 12
256	897	0.0	2	863 33 1
257	452	0.0	2	430 20 2
258	650	0.0	2	623 27
259	697	0.0	2	682 15
260	676	0.0	2	661 14 1
261	368	0.0	2	352 15 1
262	483	0.0	2	471 10 2
263	230	0.0	2	224 5 1
264	110	0.0	2	108 2
265	149	0.0	2	135 13 1
266	477	0.0	2	463 12 2
267	654	0.0	2	638 15 1
268	322	0.0	2	309 12 1
269	498	0.0	2	477 20 1
270	475	0.0	2	461 14
271	582	0.0	2	568 14
272	85	0.0	2	82 3
273	125	0.0	2	119 6
274	213	0.0	2	208 5
275	55	0.0	2	51 4
276	88	0.0	2	80 8
277	923	0.0	2	900 23
278	396	0.0	2	388 8
279	514	0.0	2	500 13 1
280	698	0.0	2	683 15
281	292	0.0	2	286 6
282	462	0.0	2	455 7
283	317	0.0	2	311 6
284	177	0.0	2	172 5
285	226	0.0	2	219 5 2
286	108	0.0	2	103 5
287	314	0.0	2	309 5
288	91	0.0	2	88 2 1
289	705	0.0	2	683 22
290	70	0.0	2	69 1
291	468	0.0	2	461 7
292	544	0.0	2	538 6
293	328	0.0	2	318 10
294	111	0.0	2	109 2
295	25	0.0	2	25
296	7	0.0	2	6 1
297	22	0.0	2	22
298	1	0.0	2	1
300	4080	0.0	2	3981 99
