This is cutadapt 2.6 with Python 3.7.16
Command line parameters: -a CCTACGGGNGGCWGCAG -A GACTACHVGGGTATCTAATCC -o trimmed_reads/Bact-15_S15_R1_trimmed.fastq.gz -p trimmed_reads/Bact-15_S15_R2_trimmed.fastq.gz clean_reads/Bact-15_S15_R1_clean.fastq.gz clean_reads/Bact-15_S15_R2_clean.fastq.gz
Processing reads on 1 core in paired-end mode ...
Finished in 0.90 s (38 us/read; 1.59 M reads/minute).

=== Summary ===

Total read pairs processed:             23,851
  Read 1 with adapter:                  23,788 (99.7%)
  Read 2 with adapter:                  23,792 (99.8%)
Pairs written (passing filters):        23,851 (100.0%)

Total basepairs processed:    12,281,712 bp
  Read 1:     6,483,320 bp
  Read 2:     5,798,392 bp
Total written (filtered):         24,021 bp (0.2%)
  Read 1:        14,500 bp
  Read 2:         9,521 bp

=== First read: Adapter 1 ===

Sequence: CCTACGGGNGGCWGCAG; Type: regular 3'; Length: 17; Trimmed: 23788 times.

No. of allowed errors:
0-9 bp: 0; 10-16 bp: 1

Bases preceding removed adapters:
  A: 0.0%
  C: 0.0%
  G: 0.1%
  T: 0.0%
  none/other: 99.9%

Overview of removed sequences
length	count	expect	max.err	error counts
22	1	0.0	1	1
50	8	0.0	1	8
51	6	0.0	1	6
52	4	0.0	1	4
53	1	0.0	1	1
54	2	0.0	1	2
55	7	0.0	1	6 1
56	1	0.0	1	1
58	2	0.0	1	2
59	2	0.0	1	2
60	4	0.0	1	4
61	1	0.0	1	1
63	1	0.0	1	1
64	3	0.0	1	2 1
65	5	0.0	1	5
66	7	0.0	1	7
67	18	0.0	1	18
68	6	0.0	1	6
69	7	0.0	1	7
70	3	0.0	1	3
71	2	0.0	1	1 1
73	2	0.0	1	2
74	10	0.0	1	10
75	3	0.0	1	3
76	7	0.0	1	7
77	17	0.0	1	17
78	7	0.0	1	6 1
79	8	0.0	1	8
80	4	0.0	1	4
81	4	0.0	1	3 1
82	8	0.0	1	7 1
83	1	0.0	1	1
85	7	0.0	1	7
86	2	0.0	1	2
87	11	0.0	1	11
88	3	0.0	1	3
89	1	0.0	1	1
90	3	0.0	1	3
91	5	0.0	1	5
92	14	0.0	1	12 2
93	6	0.0	1	6
94	10	0.0	1	9 1
95	8	0.0	1	7 1
96	5	0.0	1	5
97	6	0.0	1	6
98	5	0.0	1	5
99	22	0.0	1	22
100	26	0.0	1	26
101	29	0.0	1	29
102	11	0.0	1	11
103	7	0.0	1	7
104	4	0.0	1	4
105	7	0.0	1	7
106	5	0.0	1	3 2
107	7	0.0	1	7
108	8	0.0	1	8
109	8	0.0	1	7 1
110	2	0.0	1	1 1
111	19	0.0	1	18 1
112	34	0.0	1	33 1
113	44	0.0	1	44
114	32	0.0	1	32
115	36	0.0	1	35 1
116	28	0.0	1	28
117	29	0.0	1	29
118	25	0.0	1	25
119	8	0.0	1	8
120	18	0.0	1	18
121	18	0.0	1	18
122	15	0.0	1	15
123	14	0.0	1	14
124	14	0.0	1	14
125	26	0.0	1	26
126	20	0.0	1	20
127	21	0.0	1	21
128	45	0.0	1	43 2
129	11	0.0	1	11
130	11	0.0	1	10 1
131	10	0.0	1	10
132	16	0.0	1	16
133	4	0.0	1	4
134	11	0.0	1	11
135	23	0.0	1	23
136	12	0.0	1	12
137	3	0.0	1	3
138	11	0.0	1	9 2
139	5	0.0	1	5
140	7	0.0	1	7
141	5	0.0	1	5
142	11	0.0	1	11
143	10	0.0	1	9 1
144	16	0.0	1	16
145	5	0.0	1	5
146	17	0.0	1	17
147	6	0.0	1	6
148	10	0.0	1	10
149	9	0.0	1	9
150	11	0.0	1	11
151	11	0.0	1	11
152	5	0.0	1	4 1
153	5	0.0	1	5
154	8	0.0	1	8
155	10	0.0	1	10
156	7	0.0	1	7
157	5	0.0	1	5
158	7	0.0	1	7
159	3	0.0	1	3
160	10	0.0	1	8 2
161	14	0.0	1	14
162	17	0.0	1	16 1
163	27	0.0	1	26 1
164	9	0.0	1	9
165	12	0.0	1	12
166	10	0.0	1	10
167	12	0.0	1	12
168	13	0.0	1	13
169	10	0.0	1	10
170	19	0.0	1	19
171	17	0.0	1	17
172	36	0.0	1	34 2
173	33	0.0	1	33
174	20	0.0	1	18 2
175	13	0.0	1	13
176	16	0.0	1	16
177	13	0.0	1	13
178	20	0.0	1	19 1
179	13	0.0	1	13
180	13	0.0	1	12 1
181	14	0.0	1	13 1
182	21	0.0	1	21
183	16	0.0	1	16
184	19	0.0	1	19
185	18	0.0	1	18
186	11	0.0	1	10 1
187	16	0.0	1	16
188	17	0.0	1	17
189	16	0.0	1	15 1
190	14	0.0	1	11 3
191	26	0.0	1	26
192	19	0.0	1	18 1
193	33	0.0	1	33
194	20	0.0	1	18 2
195	20	0.0	1	20
196	25	0.0	1	24 1
197	21	0.0	1	20 1
198	29	0.0	1	28 1
199	37	0.0	1	36 1
200	34	0.0	1	32 2
201	24	0.0	1	23 1
202	27	0.0	1	27
203	19	0.0	1	19
204	21	0.0	1	18 3
205	16	0.0	1	15 1
206	30	0.0	1	30
207	16	0.0	1	15 1
208	29	0.0	1	29
209	34	0.0	1	32 2
210	34	0.0	1	33 1
211	44	0.0	1	42 2
212	55	0.0	1	52 3
213	36	0.0	1	33 3
214	38	0.0	1	36 2
215	30	0.0	1	29 1
216	31	0.0	1	31
217	52	0.0	1	50 2
218	40	0.0	1	40
219	61	0.0	1	59 2
220	34	0.0	1	31 3
221	29	0.0	1	27 2
222	44	0.0	1	42 2
223	38	0.0	1	36 2
224	44	0.0	1	44
225	38	0.0	1	38
226	41	0.0	1	40 1
227	43	0.0	1	41 2
228	40	0.0	1	39 1
229	33	0.0	1	32 1
230	69	0.0	1	68 1
231	65	0.0	1	63 2
232	43	0.0	1	43
233	60	0.0	1	55 5
234	68	0.0	1	67 1
235	61	0.0	1	56 5
236	54	0.0	1	52 2
237	82	0.0	1	80 2
238	71	0.0	1	70 1
239	128	0.0	1	127 1
240	164	0.0	1	159 5
241	66	0.0	1	64 2
242	35	0.0	1	35
243	28	0.0	1	28
244	61	0.0	1	58 3
245	61	0.0	1	60 1
246	89	0.0	1	83 6
247	116	0.0	1	113 3
248	73	0.0	1	69 4
249	62	0.0	1	59 3
250	80	0.0	1	75 5
251	95	0.0	1	93 2
252	136	0.0	1	130 6
253	181	0.0	1	174 7
254	73	0.0	1	70 3
255	50	0.0	1	49 1
256	74	0.0	1	73 1
257	117	0.0	1	111 6
258	126	0.0	1	120 6
259	77	0.0	1	73 4
260	121	0.0	1	113 8
261	100	0.0	1	97 3
262	121	0.0	1	118 3
263	193	0.0	1	185 8
264	162	0.0	1	156 6
265	127	0.0	1	121 6
266	212	0.0	1	207 5
267	257	0.0	1	248 9
268	239	0.0	1	233 6
269	180	0.0	1	174 6
270	168	0.0	1	164 4
271	233	0.0	1	224 9
272	255	0.0	1	246 9
273	164	0.0	1	157 7
274	228	0.0	1	223 5
275	134	0.0	1	130 4
276	112	0.0	1	110 2
277	165	0.0	1	161 4
278	131	0.0	1	128 3
279	179	0.0	1	174 5
280	157	0.0	1	152 5
281	195	0.0	1	192 3
282	181	0.0	1	174 7
283	185	0.0	1	179 6
284	227	0.0	1	220 7
285	240	0.0	1	230 10
286	232	0.0	1	225 7
287	209	0.0	1	202 7
288	188	0.0	1	179 9
289	368	0.0	1	357 11
290	270	0.0	1	261 9
291	248	0.0	1	237 11
292	245	0.0	1	237 8
293	186	0.0	1	181 5
294	248	0.0	1	238 10
295	179	0.0	1	168 11
296	175	0.0	1	171 4
297	58	0.0	1	55 3
298	4	0.0	1	3 1
299	10	0.0	1	9 1
300	11128	0.0	1	10786 342


=== Second read: Adapter 2 ===

Sequence: GACTACHVGGGTATCTAATCC; Type: regular 3'; Length: 21; Trimmed: 23792 times.

No. of allowed errors:
0-9 bp: 0; 10-19 bp: 1; 20-21 bp: 2

Bases preceding removed adapters:
  A: 0.0%
  C: 0.0%
  G: 0.0%
  T: 0.0%
  none/other: 100.0%

Overview of removed sequences
length	count	expect	max.err	error counts
3	1	372.7	0	1
50	8	0.0	2	4 2 2
51	3	0.0	2	1 2
52	2	0.0	2	2
53	2	0.0	2	0 0 2
54	5	0.0	2	3 1 1
55	4	0.0	2	3 1
56	42	0.0	2	41 1
57	46	0.0	2	43 3
58	28	0.0	2	28
59	17	0.0	2	15 2
60	11	0.0	2	9 2
61	5	0.0	2	5
62	9	0.0	2	9
63	2	0.0	2	1 0 1
64	2	0.0	2	2
65	4	0.0	2	4
66	5	0.0	2	4 1
67	39	0.0	2	35 4
68	30	0.0	2	30
69	23	0.0	2	23
70	9	0.0	2	9
71	8	0.0	2	7 1
72	5	0.0	2	4 1
73	3	0.0	2	1 2
75	3	0.0	2	1 1 1
76	2	0.0	2	1 1
77	3	0.0	2	3
79	1	0.0	2	1
80	1	0.0	2	1
81	3	0.0	2	2 1
82	3	0.0	2	3
83	4	0.0	2	4
84	2	0.0	2	2
85	4	0.0	2	2 2
86	1	0.0	2	0 1
87	6	0.0	2	5 1
88	1	0.0	2	1
89	1	0.0	2	1
90	4	0.0	2	3 1
91	2	0.0	2	2
92	4	0.0	2	4
93	17	0.0	2	17
94	14	0.0	2	14
95	8	0.0	2	7 1
96	9	0.0	2	8 0 1
97	7	0.0	2	7
98	11	0.0	2	11
99	6	0.0	2	5 1
100	7	0.0	2	6 1
101	7	0.0	2	7
102	1	0.0	2	1
103	6	0.0	2	3 3
104	2	0.0	2	2
105	2	0.0	2	2
106	1	0.0	2	1
107	4	0.0	2	4
108	5	0.0	2	5
109	2	0.0	2	2
110	1	0.0	2	1
111	2	0.0	2	2
112	6	0.0	2	4 2
113	2	0.0	2	1 0 1
115	3	0.0	2	3
116	4	0.0	2	4
117	7	0.0	2	4 3
118	4	0.0	2	4
119	1	0.0	2	0 0 1
120	3	0.0	2	3
121	5	0.0	2	3 2
122	5	0.0	2	5
123	10	0.0	2	9 1
124	9	0.0	2	8 0 1
125	6	0.0	2	4 2
126	9	0.0	2	8 1
127	7	0.0	2	5 2
128	6	0.0	2	5 1
129	7	0.0	2	6 0 1
130	4	0.0	2	4
131	3	0.0	2	3
132	3	0.0	2	3
133	75	0.0	2	71 4
134	76	0.0	2	72 4
135	68	0.0	2	67 1
136	20	0.0	2	19 1
137	6	0.0	2	6
138	2	0.0	2	2
139	5	0.0	2	5
140	17	0.0	2	17
141	7	0.0	2	6 1
142	11	0.0	2	11
143	18	0.0	2	18
144	29	0.0	2	24 5
145	26	0.0	2	24 2
146	25	0.0	2	23 2
147	26	0.0	2	24 2
148	9	0.0	2	9
149	11	0.0	2	11
150	15	0.0	2	14 0 1
151	9	0.0	2	8 1
152	18	0.0	2	16 2
153	11	0.0	2	8 2 1
154	17	0.0	2	13 4
155	53	0.0	2	49 4
156	87	0.0	2	83 4
157	68	0.0	2	67 1
158	68	0.0	2	66 2
159	30	0.0	2	30
160	13	0.0	2	12 1
161	12	0.0	2	11 1
162	18	0.0	2	16 2
163	8	0.0	2	7 1
164	23	0.0	2	22 0 1
165	12	0.0	2	12
166	17	0.0	2	16 0 1
167	49	0.0	2	47 2
168	36	0.0	2	36
169	56	0.0	2	54 1 1
170	32	0.0	2	30 2
171	35	0.0	2	33 2
172	35	0.0	2	34 1
173	57	0.0	2	54 3
174	51	0.0	2	48 3
175	43	0.0	2	41 2
176	38	0.0	2	36 2
177	46	0.0	2	44 1 1
178	39	0.0	2	38 1
179	48	0.0	2	48
180	42	0.0	2	39 2 1
181	18	0.0	2	18
182	26	0.0	2	24 1 1
183	18	0.0	2	16 2
184	22	0.0	2	21 1
185	55	0.0	2	46 9
186	24	0.0	2	24
187	27	0.0	2	27
188	13	0.0	2	12 1
189	33	0.0	2	33
190	78	0.0	2	75 3
191	92	0.0	2	89 2 1
192	84	0.0	2	80 4
193	140	0.0	2	135 5
194	133	0.0	2	126 6 1
195	137	0.0	2	128 7 2
196	33	0.0	2	33
197	18	0.0	2	16 2
198	28	0.0	2	26 1 1
199	57	0.0	2	53 4
200	90	0.0	2	87 3
201	55	0.0	2	50 5
202	118	0.0	2	111 7
203	167	0.0	2	160 6 1
204	88	0.0	2	78 9 1
205	142	0.0	2	133 9
206	120	0.0	2	108 12
207	140	0.0	2	133 6 1
208	78	0.0	2	73 3 2
209	115	0.0	2	113 2
210	100	0.0	2	92 6 2
211	168	0.0	2	161 6 1
212	119	0.0	2	114 5
213	165	0.0	2	158 7
214	132	0.0	2	123 7 2
215	79	0.0	2	76 3
216	63	0.0	2	58 5
217	23	0.0	2	22 1
218	16	0.0	2	11 4 1
219	117	0.0	2	109 7 1
220	53	0.0	2	51 2
221	69	0.0	2	55 13 1
222	254	0.0	2	237 15 2
223	306	0.0	2	290 15 1
224	146	0.0	2	134 12
225	343	0.0	2	326 16 1
226	359	0.0	2	349 9 1
227	494	0.0	2	475 19
228	122	0.0	2	113 9
229	322	0.0	2	310 11 1
230	97	0.0	2	78 17 2
231	97	0.0	2	91 5 1
232	55	0.0	2	54 1
233	124	0.0	2	113 11
234	229	0.0	2	226 2 1
235	81	0.0	2	70 9 2
236	35	0.0	2	35
237	9	0.0	2	7 0 2
238	7	0.0	2	6 1
239	28	0.0	2	15 11 2
240	357	0.0	2	329 24 4
241	673	0.0	2	654 19
242	473	0.0	2	461 10 2
243	427	0.0	2	407 19 1
244	167	0.0	2	158 9
245	113	0.0	2	109 4
246	67	0.0	2	63 4
247	30	0.0	2	27 3
248	42	0.0	2	39 2 1
249	291	0.0	2	274 15 2
250	733	0.0	2	710 23
251	711	0.0	2	692 19
252	196	0.0	2	187 8 1
253	88	0.0	2	81 7
254	204	0.0	2	193 10 1
255	141	0.0	2	131 9 1
256	463	0.0	2	446 16 1
257	244	0.0	2	229 14 1
258	372	0.0	2	359 12 1
259	312	0.0	2	305 7
260	334	0.0	2	323 11
261	210	0.0	2	200 8 2
262	244	0.0	2	242 2
263	123	0.0	2	117 5 1
264	56	0.0	2	53 3
265	66	0.0	2	61 5
266	253	0.0	2	245 7 1
267	351	0.0	2	347 4
268	201	0.0	2	195 6
269	282	0.0	2	272 9 1
270	300	0.0	2	292 8
271	361	0.0	2	351 10
272	56	0.0	2	54 2
273	44	0.0	2	43 1
274	106	0.0	2	104 1 1
275	26	0.0	2	26
276	50	0.0	2	43 7
277	497	0.0	2	475 21 1
278	190	0.0	2	182 8
279	298	0.0	2	291 7
280	360	0.0	2	351 9
281	179	0.0	2	176 3
282	235	0.0	2	230 5
283	184	0.0	2	177 7
284	99	0.0	2	92 7
285	109	0.0	2	106 3
286	60	0.0	2	57 3
287	183	0.0	2	176 7
288	45	0.0	2	43 2
289	405	0.0	2	396 9
290	29	0.0	2	29
291	240	0.0	2	232 8
292	272	0.0	2	267 5
293	234	0.0	2	225 9
294	72	0.0	2	70 2
295	17	0.0	2	17
296	5	0.0	2	5
297	4	0.0	2	4
298	1	0.0	2	1
300	2455	0.0	2	2396 58 1
