This is cutadapt 2.6 with Python 3.7.16
Command line parameters: -a CCTACGGGNGGCWGCAG -A GACTACHVGGGTATCTAATCC -o trimmed_reads/Bact-43_S42_R1_trimmed.fastq.gz -p trimmed_reads/Bact-43_S42_R2_trimmed.fastq.gz clean_reads/Bact-43_S42_R1_clean.fastq.gz clean_reads/Bact-43_S42_R2_clean.fastq.gz
Processing reads on 1 core in paired-end mode ...
Finished in 0.74 s (33 us/read; 1.82 M reads/minute).

=== Summary ===

Total read pairs processed:             22,394
  Read 1 with adapter:                  22,353 (99.8%)
  Read 2 with adapter:                  22,363 (99.9%)
Pairs written (passing filters):        22,394 (100.0%)

Total basepairs processed:    11,435,351 bp
  Read 1:     6,028,244 bp
  Read 2:     5,407,107 bp
Total written (filtered):         17,999 bp (0.2%)
  Read 1:        11,130 bp
  Read 2:         6,869 bp

=== First read: Adapter 1 ===

Sequence: CCTACGGGNGGCWGCAG; Type: regular 3'; Length: 17; Trimmed: 22353 times.

No. of allowed errors:
0-9 bp: 0; 10-16 bp: 1

Bases preceding removed adapters:
  A: 0.0%
  C: 0.0%
  G: 0.1%
  T: 0.0%
  none/other: 99.9%

Overview of removed sequences
length	count	expect	max.err	error counts
50	6	0.0	1	6
51	7	0.0	1	5 2
53	2	0.0	1	2
54	2	0.0	1	2
55	8	0.0	1	7 1
56	1	0.0	1	1
57	10	0.0	1	10
58	4	0.0	1	4
59	4	0.0	1	4
60	4	0.0	1	4
61	1	0.0	1	1
62	6	0.0	1	6
63	2	0.0	1	2
64	4	0.0	1	3 1
65	3	0.0	1	3
66	10	0.0	1	9 1
67	11	0.0	1	9 2
68	8	0.0	1	8
69	8	0.0	1	8
70	8	0.0	1	8
71	2	0.0	1	1 1
72	1	0.0	1	1
73	3	0.0	1	3
74	9	0.0	1	9
75	2	0.0	1	2
76	8	0.0	1	8
77	13	0.0	1	13
78	11	0.0	1	11
79	5	0.0	1	5
80	8	0.0	1	8
81	2	0.0	1	2
82	7	0.0	1	7
83	1	0.0	1	1
84	3	0.0	1	2 1
85	9	0.0	1	9
86	7	0.0	1	7
87	14	0.0	1	14
88	2	0.0	1	2
90	3	0.0	1	3
91	3	0.0	1	3
92	8	0.0	1	8
93	17	0.0	1	15 2
94	14	0.0	1	14
95	6	0.0	1	6
96	7	0.0	1	7
97	8	0.0	1	8
98	8	0.0	1	8
99	24	0.0	1	24
100	26	0.0	1	26
101	17	0.0	1	17
102	16	0.0	1	15 1
103	9	0.0	1	9
104	1	0.0	1	1
105	8	0.0	1	8
106	4	0.0	1	3 1
107	12	0.0	1	11 1
108	11	0.0	1	11
109	1	0.0	1	1
110	1	0.0	1	1
111	17	0.0	1	15 2
112	30	0.0	1	30
113	43	0.0	1	43
114	30	0.0	1	30
115	26	0.0	1	26
116	27	0.0	1	26 1
117	19	0.0	1	19
118	22	0.0	1	22
119	21	0.0	1	21
120	26	0.0	1	25 1
121	21	0.0	1	21
122	15	0.0	1	15
123	17	0.0	1	17
124	16	0.0	1	16
125	18	0.0	1	18
126	19	0.0	1	19
127	20	0.0	1	20
128	34	0.0	1	33 1
129	10	0.0	1	10
130	8	0.0	1	8
131	14	0.0	1	12 2
132	10	0.0	1	10
133	7	0.0	1	7
134	18	0.0	1	18
135	14	0.0	1	14
136	5	0.0	1	4 1
137	9	0.0	1	9
138	9	0.0	1	9
139	10	0.0	1	10
140	8	0.0	1	8
141	8	0.0	1	8
142	9	0.0	1	9
143	5	0.0	1	5
144	6	0.0	1	5 1
145	10	0.0	1	10
146	11	0.0	1	10 1
147	14	0.0	1	12 2
148	8	0.0	1	8
149	8	0.0	1	8
150	12	0.0	1	12
151	14	0.0	1	14
152	8	0.0	1	7 1
153	13	0.0	1	13
154	3	0.0	1	3
155	11	0.0	1	11
156	12	0.0	1	12
157	7	0.0	1	6 1
158	4	0.0	1	4
159	9	0.0	1	8 1
160	7	0.0	1	7
161	13	0.0	1	13
162	11	0.0	1	8 3
163	23	0.0	1	21 2
164	9	0.0	1	9
165	21	0.0	1	21
166	18	0.0	1	17 1
167	9	0.0	1	8 1
168	13	0.0	1	13
169	23	0.0	1	23
170	20	0.0	1	20
171	21	0.0	1	21
172	39	0.0	1	39
173	34	0.0	1	34
174	30	0.0	1	30
175	19	0.0	1	19
176	8	0.0	1	7 1
177	18	0.0	1	18
178	11	0.0	1	11
179	13	0.0	1	13
180	21	0.0	1	20 1
181	9	0.0	1	8 1
182	16	0.0	1	16
183	14	0.0	1	13 1
184	19	0.0	1	19
185	21	0.0	1	21
186	20	0.0	1	19 1
187	22	0.0	1	21 1
188	20	0.0	1	19 1
189	17	0.0	1	15 2
190	34	0.0	1	32 2
191	21	0.0	1	19 2
192	13	0.0	1	13
193	27	0.0	1	27
194	24	0.0	1	24
195	32	0.0	1	30 2
196	22	0.0	1	22
197	24	0.0	1	23 1
198	27	0.0	1	27
199	34	0.0	1	32 2
200	29	0.0	1	28 1
201	37	0.0	1	36 1
202	22	0.0	1	22
203	25	0.0	1	24 1
204	25	0.0	1	25
205	27	0.0	1	24 3
206	22	0.0	1	21 1
207	29	0.0	1	29
208	25	0.0	1	24 1
209	46	0.0	1	45 1
210	32	0.0	1	32
211	30	0.0	1	30
212	44	0.0	1	43 1
213	34	0.0	1	33 1
214	35	0.0	1	35
215	34	0.0	1	34
216	32	0.0	1	31 1
217	33	0.0	1	32 1
218	43	0.0	1	41 2
219	54	0.0	1	53 1
220	42	0.0	1	41 1
221	35	0.0	1	33 2
222	40	0.0	1	37 3
223	50	0.0	1	49 1
224	61	0.0	1	59 2
225	19	0.0	1	18 1
226	39	0.0	1	39
227	67	0.0	1	60 7
228	58	0.0	1	56 2
229	40	0.0	1	39 1
230	54	0.0	1	53 1
231	47	0.0	1	46 1
232	44	0.0	1	43 1
233	50	0.0	1	47 3
234	67	0.0	1	65 2
235	87	0.0	1	86 1
236	55	0.0	1	52 3
237	80	0.0	1	79 1
238	87	0.0	1	84 3
239	129	0.0	1	126 3
240	166	0.0	1	162 4
241	65	0.0	1	64 1
242	47	0.0	1	47
243	28	0.0	1	26 2
244	59	0.0	1	58 1
245	52	0.0	1	51 1
246	91	0.0	1	89 2
247	104	0.0	1	101 3
248	81	0.0	1	78 3
249	67	0.0	1	65 2
250	79	0.0	1	75 4
251	110	0.0	1	107 3
252	128	0.0	1	125 3
253	183	0.0	1	179 4
254	83	0.0	1	78 5
255	53	0.0	1	52 1
256	62	0.0	1	61 1
257	105	0.0	1	100 5
258	136	0.0	1	134 2
259	58	0.0	1	56 2
260	114	0.0	1	109 5
261	105	0.0	1	105
262	121	0.0	1	113 8
263	186	0.0	1	178 8
264	178	0.0	1	169 9
265	145	0.0	1	141 4
266	230	0.0	1	219 11
267	271	0.0	1	265 6
268	261	0.0	1	249 12
269	204	0.0	1	199 5
270	182	0.0	1	170 12
271	238	0.0	1	233 5
272	229	0.0	1	223 6
273	163	0.0	1	159 4
274	235	0.0	1	231 4
275	144	0.0	1	138 6
276	123	0.0	1	118 5
277	189	0.0	1	187 2
278	128	0.0	1	122 6
279	194	0.0	1	189 5
280	168	0.0	1	162 6
281	217	0.0	1	209 8
282	189	0.0	1	177 12
283	195	0.0	1	192 3
284	231	0.0	1	226 5
285	227	0.0	1	219 8
286	239	0.0	1	232 7
287	215	0.0	1	209 6
288	176	0.0	1	166 10
289	338	0.0	1	333 5
290	236	0.0	1	228 8
291	263	0.0	1	252 11
292	289	0.0	1	286 3
293	218	0.0	1	215 3
294	267	0.0	1	252 15
295	186	0.0	1	184 2
296	177	0.0	1	171 6
297	67	0.0	1	64 3
298	2	0.0	1	2
299	9	0.0	1	8 1
300	9306	0.0	1	9004 302


=== Second read: Adapter 2 ===

Sequence: GACTACHVGGGTATCTAATCC; Type: regular 3'; Length: 21; Trimmed: 22363 times.

No. of allowed errors:
0-9 bp: 0; 10-19 bp: 1; 20-21 bp: 2

Bases preceding removed adapters:
  A: 0.0%
  C: 0.0%
  G: 0.0%
  T: 0.0%
  none/other: 99.9%

Overview of removed sequences
length	count	expect	max.err	error counts
3	1	349.9	0	1
50	3	0.0	2	0 3
51	4	0.0	2	2 2
52	4	0.0	2	1 2 1
53	1	0.0	2	0 0 1
54	5	0.0	2	4 1
55	11	0.0	2	6 4 1
56	23	0.0	2	22 1
57	36	0.0	2	36
58	21	0.0	2	21
59	19	0.0	2	18 0 1
60	16	0.0	2	15 1
61	10	0.0	2	8 1 1
62	4	0.0	2	3 0 1
63	2	0.0	2	1 1
64	3	0.0	2	3
65	6	0.0	2	5 1
66	8	0.0	2	6 2
67	38	0.0	2	37 1
68	33	0.0	2	30 2 1
69	19	0.0	2	19
70	9	0.0	2	8 1
71	9	0.0	2	7 1 1
72	3	0.0	2	2 1
73	2	0.0	2	0 2
74	1	0.0	2	1
75	4	0.0	2	4
76	5	0.0	2	3 2
77	2	0.0	2	2
79	1	0.0	2	1
81	9	0.0	2	9
82	2	0.0	2	1 1
83	1	0.0	2	1
84	2	0.0	2	2
85	3	0.0	2	0 2 1
86	10	0.0	2	9 1
87	4	0.0	2	4
88	2	0.0	2	1 1
89	4	0.0	2	3 1
90	3	0.0	2	3
91	2	0.0	2	2
92	4	0.0	2	4
93	8	0.0	2	7 1
94	12	0.0	2	11 1
95	11	0.0	2	10 1
96	8	0.0	2	8
97	6	0.0	2	5 1
98	8	0.0	2	7 1
99	1	0.0	2	1
100	5	0.0	2	4 1
101	2	0.0	2	2
102	5	0.0	2	4 0 1
103	9	0.0	2	5 2 2
104	2	0.0	2	1 1
105	5	0.0	2	3 2
106	1	0.0	2	0 1
107	3	0.0	2	3
108	3	0.0	2	3
109	3	0.0	2	2 1
110	2	0.0	2	1 1
111	3	0.0	2	2 0 1
112	2	0.0	2	2
113	1	0.0	2	1
115	1	0.0	2	1
116	9	0.0	2	9
117	1	0.0	2	1
118	6	0.0	2	5 1
119	3	0.0	2	3
120	1	0.0	2	1
121	8	0.0	2	7 1
122	2	0.0	2	2
123	9	0.0	2	8 1
124	14	0.0	2	12 1 1
125	17	0.0	2	16 0 1
126	9	0.0	2	7 1 1
127	9	0.0	2	8 1
128	4	0.0	2	3 0 1
129	3	0.0	2	2 1
130	3	0.0	2	1 2
131	4	0.0	2	4
132	2	0.0	2	2
133	50	0.0	2	49 1
134	74	0.0	2	69 5
135	62	0.0	2	58 4
136	13	0.0	2	12 1
137	7	0.0	2	6 0 1
138	1	0.0	2	1
139	2	0.0	2	1 1
140	9	0.0	2	9
141	9	0.0	2	8 0 1
142	8	0.0	2	8
143	20	0.0	2	17 3
144	24	0.0	2	23 1
145	37	0.0	2	36 1
146	25	0.0	2	22 3
147	17	0.0	2	17
148	14	0.0	2	13 0 1
149	11	0.0	2	6 5
150	10	0.0	2	8 2
151	7	0.0	2	6 1
152	12	0.0	2	9 3
153	14	0.0	2	14
154	15	0.0	2	15
155	50	0.0	2	50
156	91	0.0	2	86 4 1
157	65	0.0	2	63 2
158	57	0.0	2	52 3 2
159	41	0.0	2	40 1
160	17	0.0	2	16 1
161	13	0.0	2	13
162	13	0.0	2	13
163	11	0.0	2	11
164	15	0.0	2	14 1
165	20	0.0	2	20
166	16	0.0	2	15 1
167	57	0.0	2	50 7
168	29	0.0	2	28 0 1
169	48	0.0	2	45 3
170	24	0.0	2	23 1
171	31	0.0	2	28 3
172	37	0.0	2	34 3
173	44	0.0	2	44
174	51	0.0	2	50 1
175	46	0.0	2	45 1
176	48	0.0	2	47 1
177	47	0.0	2	46 1
178	41	0.0	2	39 2
179	42	0.0	2	39 2 1
180	65	0.0	2	62 3
181	33	0.0	2	28 5
182	7	0.0	2	7
183	19	0.0	2	18 1
184	23	0.0	2	21 2
185	50	0.0	2	47 3
186	39	0.0	2	37 2
187	25	0.0	2	22 3
188	15	0.0	2	13 2
189	44	0.0	2	43 1
190	71	0.0	2	68 3
191	89	0.0	2	87 2
192	93	0.0	2	90 3
193	137	0.0	2	132 5
194	135	0.0	2	131 4
195	148	0.0	2	142 6
196	27	0.0	2	25 2
197	15	0.0	2	13 2
198	24	0.0	2	24
199	73	0.0	2	67 6
200	78	0.0	2	76 2
201	60	0.0	2	55 3 2
202	97	0.0	2	94 2 1
203	184	0.0	2	176 8
204	95	0.0	2	85 10
205	130	0.0	2	120 9 1
206	119	0.0	2	110 8 1
207	146	0.0	2	141 4 1
208	73	0.0	2	67 6
209	112	0.0	2	106 5 1
210	102	0.0	2	97 5
211	207	0.0	2	199 8
212	138	0.0	2	137 1
213	167	0.0	2	160 6 1
214	164	0.0	2	164
215	97	0.0	2	89 7 1
216	61	0.0	2	53 6 2
217	36	0.0	2	34 2
218	20	0.0	2	15 5
219	122	0.0	2	116 6
220	71	0.0	2	69 2
221	52	0.0	2	41 9 2
222	208	0.0	2	196 9 3
223	316	0.0	2	297 14 5
224	155	0.0	2	145 7 3
225	269	0.0	2	263 6
226	334	0.0	2	324 10
227	482	0.0	2	460 20 2
228	152	0.0	2	141 10 1
229	304	0.0	2	293 9 2
230	89	0.0	2	77 12
231	77	0.0	2	73 4
232	63	0.0	2	60 3
233	123	0.0	2	112 11
234	241	0.0	2	225 14 2
235	74	0.0	2	70 3 1
236	35	0.0	2	35
237	9	0.0	2	9
238	7	0.0	2	6 0 1
239	27	0.0	2	14 12 1
240	335	0.0	2	301 33 1
241	672	0.0	2	653 18 1
242	451	0.0	2	439 12
243	453	0.0	2	437 16
244	173	0.0	2	166 6 1
245	113	0.0	2	109 4
246	55	0.0	2	51 3 1
247	38	0.0	2	34 4
248	36	0.0	2	33 3
249	284	0.0	2	270 13 1
250	694	0.0	2	677 16 1
251	728	0.0	2	707 19 2
252	206	0.0	2	200 6
253	89	0.0	2	84 5
254	149	0.0	2	146 3
255	119	0.0	2	114 4 1
256	435	0.0	2	417 17 1
257	241	0.0	2	223 17 1
258	260	0.0	2	252 7 1
259	275	0.0	2	266 9
260	283	0.0	2	276 7
261	130	0.0	2	125 5
262	214	0.0	2	209 5
263	132	0.0	2	130 2
264	58	0.0	2	54 2 2
265	72	0.0	2	67 4 1
266	251	0.0	2	245 6
267	271	0.0	2	265 6
268	219	0.0	2	215 4
269	292	0.0	2	285 6 1
270	263	0.0	2	256 7
271	315	0.0	2	305 10
272	66	0.0	2	65 1
273	54	0.0	2	51 2 1
274	100	0.0	2	97 3
275	26	0.0	2	25 1
276	51	0.0	2	48 3
277	447	0.0	2	440 7
278	220	0.0	2	214 6
279	278	0.0	2	269 8 1
280	370	0.0	2	363 6 1
281	124	0.0	2	123 1
282	208	0.0	2	202 6
283	119	0.0	2	117 2
284	94	0.0	2	89 5
285	122	0.0	2	119 3
286	63	0.0	2	63
287	165	0.0	2	161 4
288	57	0.0	2	54 3
289	366	0.0	2	360 6
290	27	0.0	2	27
291	204	0.0	2	198 5 1
292	234	0.0	2	230 4
293	191	0.0	2	189 2
294	54	0.0	2	54
295	15	0.0	2	15
296	2	0.0	2	2
297	8	0.0	2	8
298	1	0.0	2	1
300	2014	0.0	2	1965 49
