This is cutadapt 2.6 with Python 3.7.16
Command line parameters: -a CCTACGGGNGGCWGCAG -A GACTACHVGGGTATCTAATCC -o trimmed_reads/Bact-9_S9_R1_trimmed.fastq.gz -p trimmed_reads/Bact-9_S9_R2_trimmed.fastq.gz clean_reads/Bact-9_S9_R1_clean.fastq.gz clean_reads/Bact-9_S9_R2_clean.fastq.gz
Processing reads on 1 core in paired-end mode ...
Finished in 1.93 s (52 us/read; 1.15 M reads/minute).

=== Summary ===

Total read pairs processed:             37,069
  Read 1 with adapter:                  36,985 (99.8%)
  Read 2 with adapter:                  37,024 (99.9%)
Pairs written (passing filters):        37,069 (100.0%)

Total basepairs processed:    18,877,962 bp
  Read 1:     9,867,925 bp
  Read 2:     9,010,037 bp
Total written (filtered):         31,524 bp (0.2%)
  Read 1:        22,616 bp
  Read 2:         8,908 bp

=== First read: Adapter 1 ===

Sequence: CCTACGGGNGGCWGCAG; Type: regular 3'; Length: 17; Trimmed: 36985 times.

No. of allowed errors:
0-9 bp: 0; 10-16 bp: 1

Bases preceding removed adapters:
  A: 0.0%
  C: 0.0%
  G: 0.1%
  T: 0.0%
  none/other: 99.9%

Overview of removed sequences
length	count	expect	max.err	error counts
3	1	579.2	0	1
18	1	0.0	1	1
50	13	0.0	1	13
51	18	0.0	1	18
52	6	0.0	1	6
53	4	0.0	1	3 1
54	6	0.0	1	6
55	14	0.0	1	14
56	1	0.0	1	1
57	5	0.0	1	5
58	2	0.0	1	2
59	3	0.0	1	3
60	5	0.0	1	4 1
61	3	0.0	1	3
62	8	0.0	1	7 1
63	2	0.0	1	2
64	3	0.0	1	3
65	5	0.0	1	3 2
66	20	0.0	1	18 2
67	26	0.0	1	26
68	14	0.0	1	14
69	15	0.0	1	14 1
70	7	0.0	1	7
71	5	0.0	1	5
72	2	0.0	1	1 1
73	7	0.0	1	7
74	17	0.0	1	17
75	6	0.0	1	6
76	7	0.0	1	7
77	15	0.0	1	14 1
78	29	0.0	1	29
79	17	0.0	1	15 2
80	13	0.0	1	13
81	11	0.0	1	10 1
82	5	0.0	1	5
83	5	0.0	1	5
84	8	0.0	1	8
85	8	0.0	1	8
86	11	0.0	1	10 1
87	17	0.0	1	17
88	4	0.0	1	4
90	1	0.0	1	1
91	8	0.0	1	8
92	14	0.0	1	14
93	20	0.0	1	19 1
94	14	0.0	1	14
95	9	0.0	1	8 1
96	10	0.0	1	10
97	11	0.0	1	10 1
98	9	0.0	1	9
99	35	0.0	1	34 1
100	50	0.0	1	49 1
101	43	0.0	1	42 1
102	25	0.0	1	25
103	16	0.0	1	16
104	9	0.0	1	8 1
105	8	0.0	1	8
106	8	0.0	1	8
107	10	0.0	1	9 1
108	15	0.0	1	15
109	5	0.0	1	5
110	3	0.0	1	3
111	36	0.0	1	35 1
112	53	0.0	1	51 2
113	71	0.0	1	71
114	60	0.0	1	59 1
115	50	0.0	1	49 1
116	66	0.0	1	65 1
117	54	0.0	1	53 1
118	27	0.0	1	27
119	35	0.0	1	34 1
120	33	0.0	1	30 3
121	27	0.0	1	27
122	35	0.0	1	34 1
123	30	0.0	1	28 2
124	29	0.0	1	28 1
125	38	0.0	1	37 1
126	34	0.0	1	32 2
127	39	0.0	1	39
128	71	0.0	1	71
129	19	0.0	1	19
130	20	0.0	1	20
131	22	0.0	1	22
132	19	0.0	1	18 1
133	14	0.0	1	14
134	22	0.0	1	22
135	14	0.0	1	14
136	14	0.0	1	14
137	16	0.0	1	16
138	19	0.0	1	18 1
139	14	0.0	1	14
140	21	0.0	1	20 1
141	16	0.0	1	14 2
142	23	0.0	1	23
143	16	0.0	1	14 2
144	20	0.0	1	20
145	19	0.0	1	18 1
146	27	0.0	1	23 4
147	21	0.0	1	20 1
148	23	0.0	1	23
149	19	0.0	1	19
150	19	0.0	1	19
151	18	0.0	1	18
152	15	0.0	1	15
153	13	0.0	1	13
154	9	0.0	1	9
155	12	0.0	1	11 1
156	14	0.0	1	13 1
157	21	0.0	1	21
158	15	0.0	1	15
159	8	0.0	1	8
160	21	0.0	1	20 1
161	12	0.0	1	12
162	15	0.0	1	15
163	44	0.0	1	41 3
164	11	0.0	1	11
165	33	0.0	1	32 1
166	24	0.0	1	24
167	27	0.0	1	27
168	24	0.0	1	24
169	32	0.0	1	32
170	31	0.0	1	29 2
171	44	0.0	1	43 1
172	51	0.0	1	47 4
173	55	0.0	1	50 5
174	47	0.0	1	41 6
175	38	0.0	1	37 1
176	16	0.0	1	16
177	27	0.0	1	25 2
178	21	0.0	1	20 1
179	24	0.0	1	23 1
180	20	0.0	1	20
181	24	0.0	1	24
182	40	0.0	1	40
183	32	0.0	1	32
184	37	0.0	1	37
185	30	0.0	1	30
186	47	0.0	1	47
187	46	0.0	1	42 4
188	36	0.0	1	34 2
189	40	0.0	1	39 1
190	49	0.0	1	47 2
191	40	0.0	1	40
192	31	0.0	1	31
193	40	0.0	1	36 4
194	40	0.0	1	38 2
195	31	0.0	1	26 5
196	38	0.0	1	36 2
197	56	0.0	1	54 2
198	64	0.0	1	62 2
199	67	0.0	1	65 2
200	55	0.0	1	54 1
201	62	0.0	1	59 3
202	46	0.0	1	45 1
203	39	0.0	1	37 2
204	50	0.0	1	48 2
205	35	0.0	1	35
206	47	0.0	1	47
207	55	0.0	1	55
208	51	0.0	1	47 4
209	78	0.0	1	77 1
210	68	0.0	1	65 3
211	72	0.0	1	70 2
212	57	0.0	1	56 1
213	57	0.0	1	55 2
214	59	0.0	1	57 2
215	72	0.0	1	70 2
216	67	0.0	1	65 2
217	88	0.0	1	85 3
218	91	0.0	1	89 2
219	119	0.0	1	112 7
220	65	0.0	1	63 2
221	60	0.0	1	60
222	75	0.0	1	72 3
223	95	0.0	1	89 6
224	84	0.0	1	82 2
225	70	0.0	1	67 3
226	76	0.0	1	74 2
227	95	0.0	1	92 3
228	140	0.0	1	136 4
229	97	0.0	1	94 3
230	123	0.0	1	120 3
231	100	0.0	1	94 6
232	116	0.0	1	108 8
233	97	0.0	1	95 2
234	128	0.0	1	123 5
235	123	0.0	1	119 4
236	108	0.0	1	103 5
237	150	0.0	1	142 8
238	148	0.0	1	138 10
239	253	0.0	1	246 7
240	300	0.0	1	290 10
241	129	0.0	1	123 6
242	91	0.0	1	90 1
243	67	0.0	1	63 4
244	99	0.0	1	98 1
245	102	0.0	1	101 1
246	130	0.0	1	124 6
247	205	0.0	1	200 5
248	148	0.0	1	145 3
249	124	0.0	1	121 3
250	146	0.0	1	139 7
251	181	0.0	1	173 8
252	217	0.0	1	207 10
253	334	0.0	1	322 12
254	146	0.0	1	142 4
255	91	0.0	1	89 2
256	121	0.0	1	117 4
257	253	0.0	1	246 7
258	250	0.0	1	243 7
259	160	0.0	1	155 5
260	208	0.0	1	200 8
261	192	0.0	1	189 3
262	236	0.0	1	226 10
263	374	0.0	1	363 11
264	353	0.0	1	342 11
265	273	0.0	1	265 8
266	430	0.0	1	418 12
267	509	0.0	1	491 18
268	379	0.0	1	370 9
269	356	0.0	1	349 7
270	285	0.0	1	280 5
271	373	0.0	1	360 13
272	398	0.0	1	391 7
273	289	0.0	1	271 18
274	475	0.0	1	461 14
275	249	0.0	1	237 12
276	210	0.0	1	204 6
277	369	0.0	1	360 9
278	267	0.0	1	258 9
279	371	0.0	1	363 8
280	274	0.0	1	266 8
281	378	0.0	1	367 11
282	391	0.0	1	372 19
283	350	0.0	1	337 13
284	457	0.0	1	435 22
285	439	0.0	1	423 16
286	427	0.0	1	416 11
287	367	0.0	1	356 11
288	285	0.0	1	272 13
289	594	0.0	1	580 14
290	420	0.0	1	409 11
291	369	0.0	1	358 11
292	433	0.0	1	423 10
293	338	0.0	1	321 17
294	381	0.0	1	372 9
295	301	0.0	1	283 18
296	302	0.0	1	290 12
297	96	0.0	1	94 2
298	5	0.0	1	5
299	9	0.0	1	9
300	13581	0.0	1	13088 493


=== Second read: Adapter 2 ===

Sequence: GACTACHVGGGTATCTAATCC; Type: regular 3'; Length: 21; Trimmed: 37024 times.

No. of allowed errors:
0-9 bp: 0; 10-19 bp: 1; 20-21 bp: 2

Bases preceding removed adapters:
  A: 0.0%
  C: 0.0%
  G: 0.0%
  T: 0.0%
  none/other: 99.9%

Overview of removed sequences
length	count	expect	max.err	error counts
50	9	0.0	2	5 2 2
51	1	0.0	2	1
52	4	0.0	2	2 0 2
53	4	0.0	2	2 0 2
54	11	0.0	2	5 5 1
55	16	0.0	2	13 3
56	35	0.0	2	34 1
57	63	0.0	2	61 2
58	36	0.0	2	35 1
59	25	0.0	2	24 1
60	20	0.0	2	19 1
61	10	0.0	2	9 1
62	7	0.0	2	7
63	2	0.0	2	2
64	8	0.0	2	6 2
65	4	0.0	2	2 2
66	3	0.0	2	2 1
67	66	0.0	2	62 4
68	44	0.0	2	43 1
69	29	0.0	2	29
70	10	0.0	2	9 1
71	7	0.0	2	7
72	7	0.0	2	5 2
73	7	0.0	2	5 2
74	7	0.0	2	7
75	8	0.0	2	8
76	2	0.0	2	2
77	2	0.0	2	2
78	2	0.0	2	1 1
79	3	0.0	2	3
81	13	0.0	2	12 1
82	9	0.0	2	8 0 1
83	5	0.0	2	5
84	9	0.0	2	8 1
85	4	0.0	2	4
86	2	0.0	2	2
87	4	0.0	2	3 1
88	3	0.0	2	3
89	2	0.0	2	2
90	2	0.0	2	2
91	4	0.0	2	3 1
92	5	0.0	2	4 1
93	19	0.0	2	17 2
94	19	0.0	2	18 1
95	14	0.0	2	14
96	13	0.0	2	12 1
97	9	0.0	2	8 1
98	11	0.0	2	11
99	11	0.0	2	11
100	10	0.0	2	9 0 1
101	9	0.0	2	8 1
102	7	0.0	2	6 1
103	4	0.0	2	4
104	3	0.0	2	2 1
105	4	0.0	2	4
106	3	0.0	2	2 0 1
107	2	0.0	2	1 1
108	1	0.0	2	1
109	6	0.0	2	5 1
110	3	0.0	2	2 1
111	1	0.0	2	1
112	3	0.0	2	2 1
113	4	0.0	2	4
114	1	0.0	2	1
115	3	0.0	2	0 3
116	9	0.0	2	8 1
117	7	0.0	2	6 1
118	7	0.0	2	7
119	11	0.0	2	10 1
120	5	0.0	2	5
121	6	0.0	2	6
122	8	0.0	2	7 0 1
123	12	0.0	2	10 2
124	15	0.0	2	15
125	13	0.0	2	13
126	13	0.0	2	11 1 1
127	11	0.0	2	8 2 1
128	9	0.0	2	8 1
129	2	0.0	2	2
130	6	0.0	2	6
131	6	0.0	2	5 1
132	9	0.0	2	6 3
133	74	0.0	2	68 6
134	98	0.0	2	94 2 2
135	85	0.0	2	83 2
136	22	0.0	2	22
137	2	0.0	2	2
138	3	0.0	2	3
139	4	0.0	2	2 2
140	19	0.0	2	17 1 1
141	8	0.0	2	8
142	19	0.0	2	17 2
143	20	0.0	2	18 1 1
144	38	0.0	2	34 3 1
145	46	0.0	2	44 2
146	50	0.0	2	47 3
147	50	0.0	2	46 4
148	29	0.0	2	28 1
149	12	0.0	2	10 1 1
150	18	0.0	2	17 1
151	10	0.0	2	9 1
152	23	0.0	2	21 2
153	18	0.0	2	17 1
154	34	0.0	2	30 4
155	58	0.0	2	57 1
156	139	0.0	2	134 5
157	81	0.0	2	78 3
158	75	0.0	2	72 3
159	45	0.0	2	42 2 1
160	20	0.0	2	19 1
161	22	0.0	2	18 3 1
162	30	0.0	2	25 5
163	26	0.0	2	24 2
164	36	0.0	2	34 2
165	31	0.0	2	31
166	24	0.0	2	23 1
167	66	0.0	2	61 5
168	45	0.0	2	43 2
169	69	0.0	2	65 4
170	47	0.0	2	45 1 1
171	61	0.0	2	58 3
172	57	0.0	2	55 2
173	88	0.0	2	85 2 1
174	74	0.0	2	71 3
175	88	0.0	2	82 6
176	59	0.0	2	56 2 1
177	61	0.0	2	58 3
178	81	0.0	2	77 3 1
179	77	0.0	2	77
180	97	0.0	2	92 5
181	20	0.0	2	18 2
182	40	0.0	2	38 1 1
183	27	0.0	2	25 2
184	40	0.0	2	34 5 1
185	71	0.0	2	69 2
186	57	0.0	2	54 2 1
187	43	0.0	2	42 1
188	22	0.0	2	22
189	62	0.0	2	58 4
190	101	0.0	2	96 5
191	120	0.0	2	116 4
192	164	0.0	2	158 4 2
193	222	0.0	2	212 6 4
194	205	0.0	2	195 6 4
195	143	0.0	2	137 5 1
196	64	0.0	2	63 1
197	34	0.0	2	32 2
198	39	0.0	2	35 3 1
199	103	0.0	2	94 9
200	130	0.0	2	122 8
201	92	0.0	2	87 4 1
202	178	0.0	2	172 6
203	263	0.0	2	243 19 1
204	136	0.0	2	130 6
205	243	0.0	2	225 15 3
206	199	0.0	2	185 13 1
207	251	0.0	2	239 9 3
208	109	0.0	2	100 9
209	203	0.0	2	189 14
210	122	0.0	2	108 13 1
211	331	0.0	2	312 19
212	226	0.0	2	220 6
213	265	0.0	2	257 8
214	209	0.0	2	201 8
215	157	0.0	2	150 7
216	100	0.0	2	94 5 1
217	52	0.0	2	46 5 1
218	25	0.0	2	19 6
219	203	0.0	2	194 7 2
220	86	0.0	2	83 3
221	110	0.0	2	86 19 5
222	411	0.0	2	379 30 2
223	509	0.0	2	495 13 1
224	235	0.0	2	224 10 1
225	525	0.0	2	506 19
226	610	0.0	2	589 21
227	819	0.0	2	789 29 1
228	238	0.0	2	221 16 1
229	530	0.0	2	512 16 2
230	168	0.0	2	157 11
231	164	0.0	2	160 2 2
232	95	0.0	2	91 3 1
233	212	0.0	2	197 15
234	394	0.0	2	380 13 1
235	129	0.0	2	124 5
236	52	0.0	2	48 4
237	13	0.0	2	13
238	8	0.0	2	7 1
239	38	0.0	2	23 15
240	572	0.0	2	534 35 3
241	1034	0.0	2	995 37 2
242	768	0.0	2	740 27 1
243	694	0.0	2	666 27 1
244	306	0.0	2	295 11
245	201	0.0	2	196 5
246	92	0.0	2	86 6
247	50	0.0	2	46 3 1
248	65	0.0	2	58 6 1
249	440	0.0	2	426 12 2
250	1103	0.0	2	1066 37
251	1150	0.0	2	1119 30 1
252	348	0.0	2	336 12
253	153	0.0	2	148 5
254	271	0.0	2	259 12
255	217	0.0	2	204 12 1
256	733	0.0	2	707 25 1
257	414	0.0	2	391 21 2
258	504	0.0	2	487 16 1
259	517	0.0	2	500 17
260	496	0.0	2	474 17 5
261	285	0.0	2	275 10
262	348	0.0	2	338 10
263	201	0.0	2	199 2
264	93	0.0	2	91 0 2
265	102	0.0	2	97 5
266	437	0.0	2	428 9
267	506	0.0	2	488 18
268	329	0.0	2	311 17 1
269	479	0.0	2	462 15 2
270	443	0.0	2	425 17 1
271	495	0.0	2	482 13
272	106	0.0	2	98 8
273	70	0.0	2	65 4 1
274	203	0.0	2	197 6
275	65	0.0	2	64 1
276	71	0.0	2	65 6
277	730	0.0	2	713 16 1
278	335	0.0	2	325 10
279	432	0.0	2	423 9
280	611	0.0	2	600 10 1
281	244	0.0	2	237 6 1
282	359	0.0	2	345 13 1
283	252	0.0	2	248 4
284	172	0.0	2	170 2
285	187	0.0	2	186 1
286	89	0.0	2	84 4 1
287	276	0.0	2	274 2
288	73	0.0	2	69 4
289	663	0.0	2	647 16
290	52	0.0	2	52
291	365	0.0	2	354 11
292	418	0.0	2	405 12 1
293	272	0.0	2	269 3
294	79	0.0	2	78 1
295	33	0.0	2	33
296	12	0.0	2	12
297	10	0.0	2	10
298	3	0.0	2	3
299	1	0.0	2	1
300	3516	0.0	2	3437 78 1
