This is cutadapt 2.6 with Python 3.7.16
Command line parameters: -a CCTACGGGNGGCWGCAG -A GACTACHVGGGTATCTAATCC -o trimmed_reads/Bact-20_S19_R1_trimmed.fastq.gz -p trimmed_reads/Bact-20_S19_R2_trimmed.fastq.gz clean_reads/Bact-20_S19_R1_clean.fastq.gz clean_reads/Bact-20_S19_R2_clean.fastq.gz
Processing reads on 1 core in paired-end mode ...
Finished in 1.44 s (36 us/read; 1.67 M reads/minute).

=== Summary ===

Total read pairs processed:             40,113
  Read 1 with adapter:                  40,019 (99.8%)
  Read 2 with adapter:                  40,033 (99.8%)
Pairs written (passing filters):        40,113 (100.0%)

Total basepairs processed:    20,739,140 bp
  Read 1:    10,811,300 bp
  Read 2:     9,927,840 bp
Total written (filtered):         39,879 bp (0.2%)
  Read 1:        24,961 bp
  Read 2:        14,918 bp

=== First read: Adapter 1 ===

Sequence: CCTACGGGNGGCWGCAG; Type: regular 3'; Length: 17; Trimmed: 40019 times.

No. of allowed errors:
0-9 bp: 0; 10-16 bp: 1

Bases preceding removed adapters:
  A: 0.0%
  C: 0.0%
  G: 0.1%
  T: 0.0%
  none/other: 99.9%

Overview of removed sequences
length	count	expect	max.err	error counts
15	1	0.0	1	1
36	1	0.0	1	0 1
50	23	0.0	1	22 1
51	21	0.0	1	19 2
52	7	0.0	1	7
53	2	0.0	1	2
54	5	0.0	1	4 1
55	15	0.0	1	15
56	2	0.0	1	1 1
57	11	0.0	1	10 1
58	7	0.0	1	6 1
59	13	0.0	1	11 2
60	9	0.0	1	9
61	5	0.0	1	5
62	7	0.0	1	6 1
63	5	0.0	1	5
64	1	0.0	1	1
65	13	0.0	1	13
66	18	0.0	1	18
67	25	0.0	1	25
68	8	0.0	1	8
69	20	0.0	1	20
70	11	0.0	1	11
71	4	0.0	1	3 1
72	8	0.0	1	8
73	8	0.0	1	6 2
74	16	0.0	1	16
75	5	0.0	1	5
76	15	0.0	1	15
77	25	0.0	1	24 1
78	20	0.0	1	19 1
79	17	0.0	1	17
80	22	0.0	1	22
81	10	0.0	1	10
82	15	0.0	1	15
83	6	0.0	1	5 1
84	5	0.0	1	5
85	9	0.0	1	9
86	6	0.0	1	6
87	27	0.0	1	24 3
88	2	0.0	1	2
89	1	0.0	1	1
91	5	0.0	1	5
92	17	0.0	1	17
93	25	0.0	1	24 1
94	14	0.0	1	13 1
95	10	0.0	1	10
96	9	0.0	1	9
97	9	0.0	1	9
98	3	0.0	1	3
99	27	0.0	1	27
100	47	0.0	1	46 1
101	48	0.0	1	47 1
102	33	0.0	1	32 1
103	16	0.0	1	14 2
104	13	0.0	1	13
105	14	0.0	1	13 1
106	6	0.0	1	6
107	10	0.0	1	9 1
108	22	0.0	1	22
109	9	0.0	1	9
110	7	0.0	1	7
111	35	0.0	1	34 1
112	69	0.0	1	69
113	66	0.0	1	66
114	75	0.0	1	75
115	54	0.0	1	53 1
116	61	0.0	1	61
117	39	0.0	1	39
118	37	0.0	1	36 1
119	32	0.0	1	30 2
120	30	0.0	1	28 2
121	40	0.0	1	40
122	27	0.0	1	26 1
123	39	0.0	1	38 1
124	38	0.0	1	37 1
125	33	0.0	1	32 1
126	41	0.0	1	40 1
127	36	0.0	1	34 2
128	65	0.0	1	61 4
129	19	0.0	1	18 1
130	25	0.0	1	25
131	12	0.0	1	11 1
132	20	0.0	1	20
133	19	0.0	1	17 2
134	19	0.0	1	18 1
135	28	0.0	1	28
136	24	0.0	1	23 1
137	19	0.0	1	19
138	17	0.0	1	16 1
139	8	0.0	1	8
140	19	0.0	1	17 2
141	14	0.0	1	14
142	24	0.0	1	24
143	11	0.0	1	11
144	18	0.0	1	18
145	16	0.0	1	16
146	23	0.0	1	23
147	22	0.0	1	21 1
148	15	0.0	1	14 1
149	24	0.0	1	22 2
150	25	0.0	1	24 1
151	25	0.0	1	24 1
152	9	0.0	1	8 1
153	21	0.0	1	20 1
154	20	0.0	1	20
155	20	0.0	1	19 1
156	10	0.0	1	8 2
157	12	0.0	1	12
158	9	0.0	1	9
159	9	0.0	1	9
160	26	0.0	1	26
161	24	0.0	1	23 1
162	24	0.0	1	23 1
163	37	0.0	1	33 4
164	28	0.0	1	25 3
165	34	0.0	1	33 1
166	22	0.0	1	20 2
167	20	0.0	1	20
168	32	0.0	1	31 1
169	33	0.0	1	30 3
170	36	0.0	1	35 1
171	33	0.0	1	32 1
172	84	0.0	1	82 2
173	55	0.0	1	53 2
174	38	0.0	1	37 1
175	26	0.0	1	26
176	27	0.0	1	26 1
177	18	0.0	1	18
178	13	0.0	1	13
179	25	0.0	1	24 1
180	22	0.0	1	20 2
181	17	0.0	1	17
182	18	0.0	1	18
183	24	0.0	1	22 2
184	21	0.0	1	21
185	30	0.0	1	30
186	36	0.0	1	36
187	32	0.0	1	31 1
188	27	0.0	1	27
189	28	0.0	1	28
190	29	0.0	1	27 2
191	23	0.0	1	22 1
192	20	0.0	1	20
193	33	0.0	1	33
194	32	0.0	1	32
195	40	0.0	1	38 2
196	58	0.0	1	55 3
197	56	0.0	1	55 1
198	62	0.0	1	59 3
199	64	0.0	1	62 2
200	66	0.0	1	66
201	67	0.0	1	67
202	41	0.0	1	40 1
203	40	0.0	1	39 1
204	34	0.0	1	31 3
205	43	0.0	1	43
206	48	0.0	1	47 1
207	68	0.0	1	68
208	47	0.0	1	47
209	66	0.0	1	65 1
210	67	0.0	1	64 3
211	59	0.0	1	59
212	98	0.0	1	93 5
213	65	0.0	1	63 2
214	72	0.0	1	72
215	75	0.0	1	72 3
216	51	0.0	1	50 1
217	76	0.0	1	76
218	75	0.0	1	73 2
219	122	0.0	1	116 6
220	55	0.0	1	50 5
221	56	0.0	1	56
222	71	0.0	1	71
223	88	0.0	1	85 3
224	70	0.0	1	69 1
225	59	0.0	1	59
226	43	0.0	1	43
227	98	0.0	1	94 4
228	107	0.0	1	106 1
229	82	0.0	1	79 3
230	109	0.0	1	105 4
231	94	0.0	1	91 3
232	98	0.0	1	96 2
233	99	0.0	1	98 1
234	122	0.0	1	115 7
235	114	0.0	1	111 3
236	93	0.0	1	93
237	164	0.0	1	158 6
238	129	0.0	1	125 4
239	196	0.0	1	188 8
240	273	0.0	1	259 14
241	107	0.0	1	103 4
242	69	0.0	1	69
243	58	0.0	1	54 4
244	103	0.0	1	101 2
245	108	0.0	1	105 3
246	144	0.0	1	140 4
247	183	0.0	1	175 8
248	126	0.0	1	125 1
249	133	0.0	1	131 2
250	132	0.0	1	129 3
251	155	0.0	1	150 5
252	202	0.0	1	196 6
253	303	0.0	1	295 8
254	137	0.0	1	134 3
255	84	0.0	1	81 3
256	102	0.0	1	97 5
257	209	0.0	1	201 8
258	240	0.0	1	230 10
259	162	0.0	1	156 6
260	167	0.0	1	163 4
261	189	0.0	1	184 5
262	185	0.0	1	177 8
263	314	0.0	1	302 12
264	297	0.0	1	288 9
265	233	0.0	1	226 7
266	365	0.0	1	354 11
267	365	0.0	1	349 16
268	402	0.0	1	391 11
269	327	0.0	1	311 16
270	264	0.0	1	259 5
271	443	0.0	1	425 18
272	394	0.0	1	375 19
273	259	0.0	1	249 10
274	402	0.0	1	395 7
275	201	0.0	1	191 10
276	221	0.0	1	216 5
277	289	0.0	1	280 9
278	244	0.0	1	236 8
279	349	0.0	1	343 6
280	253	0.0	1	245 8
281	391	0.0	1	390 1
282	307	0.0	1	294 13
283	327	0.0	1	315 12
284	417	0.0	1	403 14
285	400	0.0	1	383 17
286	394	0.0	1	378 16
287	428	0.0	1	411 17
288	276	0.0	1	268 8
289	623	0.0	1	607 16
290	457	0.0	1	438 19
291	522	0.0	1	507 15
292	459	0.0	1	444 15
293	369	0.0	1	358 11
294	423	0.0	1	408 15
295	271	0.0	1	256 15
296	344	0.0	1	336 8
297	141	0.0	1	137 4
298	11	0.0	1	10 1
299	16	0.0	1	15 1
300	17548	0.0	1	17009 539


=== Second read: Adapter 2 ===

Sequence: GACTACHVGGGTATCTAATCC; Type: regular 3'; Length: 21; Trimmed: 40033 times.

No. of allowed errors:
0-9 bp: 0; 10-19 bp: 1; 20-21 bp: 2

Bases preceding removed adapters:
  A: 0.0%
  C: 0.0%
  G: 0.0%
  T: 0.0%
  none/other: 99.9%

Overview of removed sequences
length	count	expect	max.err	error counts
3	1	626.8	0	1
50	8	0.0	2	3 4 1
51	6	0.0	2	2 3 1
52	4	0.0	2	2 1 1
53	2	0.0	2	2
54	14	0.0	2	9 4 1
55	26	0.0	2	20 6
56	41	0.0	2	41
57	72	0.0	2	69 3
58	43	0.0	2	42 1
59	25	0.0	2	24 1
60	21	0.0	2	20 1
61	10	0.0	2	10
62	13	0.0	2	13
63	5	0.0	2	3 1 1
64	2	0.0	2	2
65	1	0.0	2	1
66	8	0.0	2	8
67	55	0.0	2	54 1
68	72	0.0	2	71 1
69	27	0.0	2	24 2 1
70	19	0.0	2	18 0 1
71	12	0.0	2	11 1
72	8	0.0	2	8
73	1	0.0	2	1
74	3	0.0	2	3
75	7	0.0	2	6 1
76	5	0.0	2	4 1
77	1	0.0	2	0 1
78	2	0.0	2	2
79	5	0.0	2	4 0 1
80	2	0.0	2	1 1
81	4	0.0	2	4
82	3	0.0	2	3
83	2	0.0	2	1 1
84	2	0.0	2	2
85	7	0.0	2	5 2
86	14	0.0	2	10 4
87	4	0.0	2	4
88	4	0.0	2	4
89	3	0.0	2	3
90	5	0.0	2	5
91	3	0.0	2	3
92	4	0.0	2	3 1
93	21	0.0	2	21
94	25	0.0	2	23 2
95	13	0.0	2	11 2
96	16	0.0	2	15 1
97	6	0.0	2	5 1
98	14	0.0	2	11 3
99	12	0.0	2	12
100	6	0.0	2	5 1
101	7	0.0	2	5 2
102	5	0.0	2	5
103	5	0.0	2	5
104	4	0.0	2	2 2
105	7	0.0	2	6 1
106	5	0.0	2	5
107	4	0.0	2	4
108	3	0.0	2	3
109	5	0.0	2	5
110	4	0.0	2	4
111	5	0.0	2	5
112	6	0.0	2	6
113	1	0.0	2	1
114	2	0.0	2	2
115	7	0.0	2	3 4
116	6	0.0	2	5 1
117	6	0.0	2	6
118	11	0.0	2	10 1
119	9	0.0	2	9
120	14	0.0	2	12 2
121	10	0.0	2	10
122	14	0.0	2	12 2
123	17	0.0	2	17
124	18	0.0	2	16 1 1
125	16	0.0	2	16
126	16	0.0	2	13 2 1
127	3	0.0	2	3
128	8	0.0	2	7 1
129	2	0.0	2	2
130	4	0.0	2	3 1
131	3	0.0	2	3
132	10	0.0	2	9 1
133	68	0.0	2	62 6
134	111	0.0	2	107 4
135	77	0.0	2	74 3
136	19	0.0	2	17 2
137	6	0.0	2	6
138	3	0.0	2	3
139	6	0.0	2	5 1
140	17	0.0	2	16 1
141	10	0.0	2	8 2
142	24	0.0	2	21 2 1
143	33	0.0	2	33
144	36	0.0	2	34 2
145	50	0.0	2	49 1
146	39	0.0	2	37 2
147	44	0.0	2	44
148	27	0.0	2	26 1
149	13	0.0	2	13
150	9	0.0	2	7 1 1
151	12	0.0	2	11 1
152	17	0.0	2	17
153	16	0.0	2	16
154	23	0.0	2	19 4
155	66	0.0	2	64 2
156	117	0.0	2	116 1
157	83	0.0	2	81 2
158	77	0.0	2	74 3
159	38	0.0	2	38
160	16	0.0	2	15 1
161	14	0.0	2	14
162	16	0.0	2	16
163	28	0.0	2	27 1
164	36	0.0	2	34 2
165	32	0.0	2	31 1
166	31	0.0	2	27 4
167	93	0.0	2	88 5
168	59	0.0	2	56 1 2
169	59	0.0	2	54 4 1
170	39	0.0	2	38 1
171	34	0.0	2	33 1
172	42	0.0	2	40 2
173	82	0.0	2	73 8 1
174	101	0.0	2	96 5
175	81	0.0	2	79 2
176	62	0.0	2	57 4 1
177	82	0.0	2	79 3
178	60	0.0	2	59 1
179	77	0.0	2	76 1
180	67	0.0	2	64 3
181	34	0.0	2	34
182	22	0.0	2	19 3
183	22	0.0	2	21 1
184	32	0.0	2	28 4
185	40	0.0	2	39 1
186	50	0.0	2	47 3
187	41	0.0	2	37 2 2
188	13	0.0	2	13
189	75	0.0	2	74 1
190	113	0.0	2	108 3 2
191	114	0.0	2	102 11 1
192	130	0.0	2	126 4
193	179	0.0	2	172 5 2
194	150	0.0	2	139 11
195	192	0.0	2	175 17
196	38	0.0	2	35 3
197	25	0.0	2	24 0 1
198	39	0.0	2	34 4 1
199	85	0.0	2	79 5 1
200	117	0.0	2	115 2
201	72	0.0	2	70 2
202	165	0.0	2	160 5
203	248	0.0	2	243 5
204	139	0.0	2	131 8
205	198	0.0	2	187 10 1
206	158	0.0	2	144 14
207	194	0.0	2	180 14
208	92	0.0	2	84 6 2
209	203	0.0	2	192 10 1
210	137	0.0	2	131 6
211	264	0.0	2	254 10
212	214	0.0	2	203 10 1
213	250	0.0	2	243 7
214	198	0.0	2	190 8
215	132	0.0	2	124 8
216	136	0.0	2	126 10
217	52	0.0	2	48 4
218	26	0.0	2	20 6
219	178	0.0	2	167 9 2
220	96	0.0	2	91 4 1
221	90	0.0	2	78 10 2
222	294	0.0	2	274 17 3
223	497	0.0	2	482 13 2
224	228	0.0	2	207 21
225	464	0.0	2	444 20
226	661	0.0	2	634 27
227	795	0.0	2	762 28 5
228	224	0.0	2	202 21 1
229	459	0.0	2	431 26 2
230	144	0.0	2	130 13 1
231	99	0.0	2	90 7 2
232	59	0.0	2	56 3
233	170	0.0	2	146 23 1
234	430	0.0	2	416 13 1
235	114	0.0	2	111 3
236	51	0.0	2	42 8 1
237	10	0.0	2	9 1
238	12	0.0	2	11 1
239	42	0.0	2	24 17 1
240	552	0.0	2	518 31 3
241	1022	0.0	2	992 30
242	760	0.0	2	742 17 1
243	707	0.0	2	680 24 3
244	286	0.0	2	278 8
245	179	0.0	2	174 5
246	91	0.0	2	87 4
247	71	0.0	2	61 9 1
248	80	0.0	2	76 4
249	480	0.0	2	466 13 1
250	1252	0.0	2	1211 40 1
251	1186	0.0	2	1153 32 1
252	384	0.0	2	372 12
253	153	0.0	2	144 8 1
254	299	0.0	2	286 13
255	212	0.0	2	191 19 2
256	813	0.0	2	775 35 3
257	431	0.0	2	410 21
258	526	0.0	2	509 15 2
259	553	0.0	2	534 19
260	557	0.0	2	550 7
261	301	0.0	2	294 6 1
262	412	0.0	2	407 5
263	217	0.0	2	206 10 1
264	101	0.0	2	94 6 1
265	133	0.0	2	125 8
266	486	0.0	2	470 16
267	582	0.0	2	569 13
268	324	0.0	2	309 13 2
269	563	0.0	2	549 12 2
270	514	0.0	2	507 7
271	633	0.0	2	611 21 1
272	121	0.0	2	115 5 1
273	94	0.0	2	89 4 1
274	184	0.0	2	183 1
275	48	0.0	2	45 3
276	76	0.0	2	65 11
277	956	0.0	2	922 33 1
278	379	0.0	2	369 10
279	493	0.0	2	475 17 1
280	700	0.0	2	686 14
281	267	0.0	2	265 2
282	427	0.0	2	422 4 1
283	337	0.0	2	329 8
284	167	0.0	2	164 2 1
285	246	0.0	2	238 8
286	103	0.0	2	97 5 1
287	342	0.0	2	335 7
288	96	0.0	2	91 5
289	827	0.0	2	809 16 2
290	96	0.0	2	94 2
291	451	0.0	2	441 9 1
292	589	0.0	2	575 14
293	418	0.0	2	410 8
294	111	0.0	2	108 3
295	26	0.0	2	25 1
296	7	0.0	2	7
297	32	0.0	2	32
298	2	0.0	2	2
300	4994	0.0	2	4892 101 1
