This is cutadapt 2.6 with Python 3.7.16
Command line parameters: -a CCTACGGGNGGCWGCAG -A GACTACHVGGGTATCTAATCC -o trimmed_reads/Bact-14_S14_R1_trimmed.fastq.gz -p trimmed_reads/Bact-14_S14_R2_trimmed.fastq.gz clean_reads/Bact-14_S14_R1_clean.fastq.gz clean_reads/Bact-14_S14_R2_clean.fastq.gz
Processing reads on 1 core in paired-end mode ...
Finished in 1.00 s (33 us/read; 1.81 M reads/minute).

=== Summary ===

Total read pairs processed:             30,292
  Read 1 with adapter:                  30,215 (99.7%)
  Read 2 with adapter:                  30,253 (99.9%)
Pairs written (passing filters):        30,292 (100.0%)

Total basepairs processed:    15,686,504 bp
  Read 1:     8,192,098 bp
  Read 2:     7,494,406 bp
Total written (filtered):         28,061 bp (0.2%)
  Read 1:        20,375 bp
  Read 2:         7,686 bp

=== First read: Adapter 1 ===

Sequence: CCTACGGGNGGCWGCAG; Type: regular 3'; Length: 17; Trimmed: 30215 times.

No. of allowed errors:
0-9 bp: 0; 10-16 bp: 1

Bases preceding removed adapters:
  A: 0.0%
  C: 0.0%
  G: 0.1%
  T: 0.0%
  none/other: 99.9%

Overview of removed sequences
length	count	expect	max.err	error counts
3	2	473.3	0	2
44	1	0.0	1	1
50	14	0.0	1	14
51	10	0.0	1	10
52	4	0.0	1	4
53	7	0.0	1	7
54	7	0.0	1	6 1
55	17	0.0	1	17
56	4	0.0	1	4
57	9	0.0	1	9
59	7	0.0	1	7
60	6	0.0	1	6
61	1	0.0	1	1
62	7	0.0	1	7
63	2	0.0	1	2
64	6	0.0	1	6
65	1	0.0	1	0 1
66	7	0.0	1	7
67	19	0.0	1	19
68	4	0.0	1	4
69	6	0.0	1	6
70	4	0.0	1	4
71	4	0.0	1	4
72	3	0.0	1	3
73	5	0.0	1	5
74	12	0.0	1	12
75	5	0.0	1	5
76	13	0.0	1	13
77	23	0.0	1	22 1
78	23	0.0	1	23
79	7	0.0	1	5 2
80	9	0.0	1	8 1
81	9	0.0	1	9
82	5	0.0	1	5
83	5	0.0	1	5
84	8	0.0	1	8
85	8	0.0	1	8
86	2	0.0	1	2
87	22	0.0	1	22
88	5	0.0	1	5
89	2	0.0	1	2
91	9	0.0	1	7 2
92	13	0.0	1	13
93	13	0.0	1	13
94	17	0.0	1	17
95	7	0.0	1	6 1
96	8	0.0	1	8
97	7	0.0	1	7
98	6	0.0	1	5 1
99	32	0.0	1	32
100	34	0.0	1	34
101	28	0.0	1	28
102	19	0.0	1	19
103	8	0.0	1	7 1
104	9	0.0	1	9
105	6	0.0	1	6
106	7	0.0	1	7
107	11	0.0	1	11
108	6	0.0	1	5 1
109	7	0.0	1	7
110	2	0.0	1	2
111	17	0.0	1	17
112	47	0.0	1	47
113	49	0.0	1	48 1
114	48	0.0	1	47 1
115	42	0.0	1	41 1
116	42	0.0	1	42
117	32	0.0	1	32
118	20	0.0	1	20
119	18	0.0	1	18
120	25	0.0	1	24 1
121	12	0.0	1	11 1
122	17	0.0	1	17
123	19	0.0	1	18 1
124	27	0.0	1	27
125	25	0.0	1	25
126	26	0.0	1	26
127	27	0.0	1	26 1
128	67	0.0	1	66 1
129	12	0.0	1	11 1
130	11	0.0	1	11
131	13	0.0	1	12 1
132	11	0.0	1	10 1
133	13	0.0	1	13
134	9	0.0	1	9
135	15	0.0	1	14 1
136	7	0.0	1	7
137	11	0.0	1	10 1
138	10	0.0	1	10
139	8	0.0	1	8
140	10	0.0	1	9 1
141	10	0.0	1	10
142	15	0.0	1	15
143	14	0.0	1	14
144	19	0.0	1	19
145	18	0.0	1	18
146	29	0.0	1	28 1
147	22	0.0	1	22
148	15	0.0	1	15
149	17	0.0	1	16 1
150	8	0.0	1	8
151	7	0.0	1	7
152	6	0.0	1	5 1
153	17	0.0	1	16 1
154	8	0.0	1	8
155	5	0.0	1	5
156	18	0.0	1	17 1
157	7	0.0	1	7
158	9	0.0	1	9
159	4	0.0	1	4
160	13	0.0	1	13
161	16	0.0	1	16
162	19	0.0	1	19
163	30	0.0	1	30
164	12	0.0	1	11 1
165	15	0.0	1	15
166	18	0.0	1	17 1
167	22	0.0	1	22
168	33	0.0	1	33
169	27	0.0	1	27
170	33	0.0	1	33
171	23	0.0	1	22 1
172	41	0.0	1	39 2
173	32	0.0	1	32
174	19	0.0	1	18 1
175	35	0.0	1	35
176	17	0.0	1	14 3
177	15	0.0	1	15
178	14	0.0	1	13 1
179	15	0.0	1	14 1
180	14	0.0	1	14
181	11	0.0	1	11
182	17	0.0	1	17
183	21	0.0	1	21
184	11	0.0	1	10 1
185	21	0.0	1	21
186	17	0.0	1	16 1
187	23	0.0	1	21 2
188	31	0.0	1	30 1
189	19	0.0	1	19
190	25	0.0	1	24 1
191	40	0.0	1	39 1
192	16	0.0	1	16
193	36	0.0	1	34 2
194	18	0.0	1	18
195	38	0.0	1	37 1
196	37	0.0	1	36 1
197	38	0.0	1	33 5
198	43	0.0	1	43
199	47	0.0	1	43 4
200	31	0.0	1	31
201	38	0.0	1	38
202	27	0.0	1	24 3
203	35	0.0	1	34 1
204	38	0.0	1	38
205	41	0.0	1	40 1
206	48	0.0	1	48
207	29	0.0	1	27 2
208	39	0.0	1	38 1
209	45	0.0	1	44 1
210	35	0.0	1	34 1
211	52	0.0	1	49 3
212	55	0.0	1	54 1
213	55	0.0	1	53 2
214	39	0.0	1	38 1
215	41	0.0	1	40 1
216	41	0.0	1	38 3
217	53	0.0	1	53
218	61	0.0	1	61
219	83	0.0	1	78 5
220	55	0.0	1	54 1
221	37	0.0	1	34 3
222	36	0.0	1	36
223	56	0.0	1	55 1
224	62	0.0	1	57 5
225	51	0.0	1	50 1
226	64	0.0	1	61 3
227	88	0.0	1	87 1
228	95	0.0	1	93 2
229	60	0.0	1	59 1
230	69	0.0	1	67 2
231	68	0.0	1	63 5
232	60	0.0	1	60
233	69	0.0	1	69
234	83	0.0	1	80 3
235	83	0.0	1	80 3
236	49	0.0	1	46 3
237	103	0.0	1	99 4
238	120	0.0	1	117 3
239	151	0.0	1	144 7
240	238	0.0	1	228 10
241	87	0.0	1	82 5
242	49	0.0	1	45 4
243	39	0.0	1	39
244	52	0.0	1	52
245	62	0.0	1	61 1
246	99	0.0	1	98 1
247	123	0.0	1	116 7
248	95	0.0	1	91 4
249	86	0.0	1	83 3
250	109	0.0	1	104 5
251	125	0.0	1	122 3
252	133	0.0	1	127 6
253	221	0.0	1	216 5
254	105	0.0	1	101 4
255	73	0.0	1	71 2
256	100	0.0	1	98 2
257	131	0.0	1	124 7
258	136	0.0	1	133 3
259	106	0.0	1	105 1
260	140	0.0	1	139 1
261	134	0.0	1	132 2
262	134	0.0	1	130 4
263	301	0.0	1	290 11
264	233	0.0	1	229 4
265	211	0.0	1	204 7
266	324	0.0	1	315 9
267	421	0.0	1	411 10
268	326	0.0	1	316 10
269	247	0.0	1	238 9
270	224	0.0	1	218 6
271	278	0.0	1	268 10
272	354	0.0	1	345 9
273	235	0.0	1	226 9
274	343	0.0	1	331 12
275	195	0.0	1	191 4
276	157	0.0	1	151 6
277	216	0.0	1	212 4
278	175	0.0	1	175
279	240	0.0	1	229 11
280	185	0.0	1	178 7
281	280	0.0	1	279 1
282	287	0.0	1	274 13
283	300	0.0	1	288 12
284	354	0.0	1	336 18
285	304	0.0	1	297 7
286	292	0.0	1	286 6
287	247	0.0	1	240 7
288	210	0.0	1	201 9
289	401	0.0	1	390 11
290	300	0.0	1	285 15
291	287	0.0	1	280 7
292	343	0.0	1	332 11
293	271	0.0	1	266 5
294	298	0.0	1	289 9
295	229	0.0	1	225 4
296	245	0.0	1	236 9
297	94	0.0	1	91 3
298	6	0.0	1	6
299	8	0.0	1	6 2
300	13398	0.0	1	13000 398


=== Second read: Adapter 2 ===

Sequence: GACTACHVGGGTATCTAATCC; Type: regular 3'; Length: 21; Trimmed: 30253 times.

No. of allowed errors:
0-9 bp: 0; 10-19 bp: 1; 20-21 bp: 2

Bases preceding removed adapters:
  A: 0.0%
  C: 0.0%
  G: 0.0%
  T: 0.0%
  none/other: 100.0%

Overview of removed sequences
length	count	expect	max.err	error counts
3	1	473.3	0	1
50	10	0.0	2	5 5
51	2	0.0	2	2
52	4	0.0	2	2 2
53	2	0.0	2	0 2
54	7	0.0	2	3 3 1
55	13	0.0	2	8 5
56	39	0.0	2	36 3
57	48	0.0	2	44 4
58	37	0.0	2	36 1
59	13	0.0	2	12 1
60	11	0.0	2	9 2
61	14	0.0	2	11 3
62	2	0.0	2	2
63	3	0.0	2	3
64	2	0.0	2	1 1
65	4	0.0	2	4
66	3	0.0	2	1 2
67	38	0.0	2	38
68	47	0.0	2	44 3
69	22	0.0	2	22
70	11	0.0	2	10 1
71	8	0.0	2	8
72	2	0.0	2	2
73	2	0.0	2	2
74	2	0.0	2	1 0 1
75	2	0.0	2	2
76	2	0.0	2	0 2
77	1	0.0	2	1
78	1	0.0	2	1
79	6	0.0	2	4 2
80	1	0.0	2	1
81	7	0.0	2	6 1
82	2	0.0	2	2
83	2	0.0	2	2
84	5	0.0	2	5
85	3	0.0	2	3
86	14	0.0	2	11 2 1
87	6	0.0	2	2 4
88	2	0.0	2	2
89	1	0.0	2	1
90	6	0.0	2	5 1
91	2	0.0	2	2
92	5	0.0	2	3 2
93	10	0.0	2	10
94	12	0.0	2	11 1
95	12	0.0	2	12
96	17	0.0	2	16 1
97	8	0.0	2	8
98	1	0.0	2	1
99	12	0.0	2	10 2
100	6	0.0	2	4 2
101	4	0.0	2	3 1
102	5	0.0	2	2 3
103	1	0.0	2	1
104	2	0.0	2	1 1
105	5	0.0	2	4 1
107	4	0.0	2	3 1
108	4	0.0	2	4
109	6	0.0	2	5 1
110	2	0.0	2	2
111	2	0.0	2	2
112	1	0.0	2	0 1
113	2	0.0	2	1 1
114	1	0.0	2	1
115	6	0.0	2	4 1 1
116	3	0.0	2	2 1
117	5	0.0	2	3 2
118	6	0.0	2	5 1
119	5	0.0	2	5
120	4	0.0	2	3 1
121	2	0.0	2	2
122	3	0.0	2	3
123	9	0.0	2	8 1
124	10	0.0	2	9 1
125	14	0.0	2	13 1
126	11	0.0	2	10 1
127	5	0.0	2	5
128	2	0.0	2	1 1
129	1	0.0	2	1
130	2	0.0	2	2
131	3	0.0	2	3
132	5	0.0	2	5
133	64	0.0	2	62 1 1
134	79	0.0	2	76 1 2
135	43	0.0	2	43
136	24	0.0	2	21 2 1
137	6	0.0	2	4 2
139	5	0.0	2	3 2
140	11	0.0	2	11
141	6	0.0	2	4 1 1
142	10	0.0	2	8 1 1
143	21	0.0	2	20 1
144	23	0.0	2	23
145	49	0.0	2	47 2
146	44	0.0	2	42 1 1
147	37	0.0	2	36 1
148	15	0.0	2	15
149	6	0.0	2	5 1
150	12	0.0	2	10 2
151	9	0.0	2	9
152	22	0.0	2	21 1
153	9	0.0	2	6 3
154	27	0.0	2	25 2
155	49	0.0	2	49
156	106	0.0	2	99 7
157	87	0.0	2	85 2
158	50	0.0	2	49 1
159	26	0.0	2	26
160	9	0.0	2	8 1
161	9	0.0	2	9
162	16	0.0	2	16
163	12	0.0	2	11 1
164	25	0.0	2	22 3
165	27	0.0	2	24 2 1
166	20	0.0	2	18 2
167	46	0.0	2	44 2
168	34	0.0	2	34
169	52	0.0	2	48 4
170	41	0.0	2	36 5
171	45	0.0	2	42 2 1
172	30	0.0	2	28 2
173	47	0.0	2	46 1
174	65	0.0	2	64 1
175	48	0.0	2	45 3
176	58	0.0	2	57 1
177	56	0.0	2	56
178	52	0.0	2	49 3
179	63	0.0	2	59 4
180	68	0.0	2	64 3 1
181	18	0.0	2	18
182	22	0.0	2	22
183	34	0.0	2	31 2 1
184	19	0.0	2	17 2
185	42	0.0	2	39 2 1
186	49	0.0	2	46 3
187	22	0.0	2	20 1 1
188	10	0.0	2	8 2
189	45	0.0	2	42 2 1
190	100	0.0	2	96 4
191	98	0.0	2	95 3
192	108	0.0	2	100 7 1
193	158	0.0	2	151 7
194	160	0.0	2	152 8
195	132	0.0	2	129 3
196	42	0.0	2	41 1
197	25	0.0	2	24 0 1
198	30	0.0	2	27 3
199	60	0.0	2	56 4
200	89	0.0	2	85 4
201	40	0.0	2	35 5
202	138	0.0	2	128 9 1
203	239	0.0	2	228 9 2
204	88	0.0	2	84 4
205	201	0.0	2	196 5
206	139	0.0	2	126 12 1
207	159	0.0	2	156 3
208	69	0.0	2	64 5
209	116	0.0	2	111 3 2
210	91	0.0	2	86 5
211	225	0.0	2	210 15
212	116	0.0	2	115 1
213	176	0.0	2	168 8
214	147	0.0	2	138 7 2
215	105	0.0	2	102 3
216	83	0.0	2	78 5
217	39	0.0	2	37 0 2
218	25	0.0	2	19 5 1
219	136	0.0	2	131 5
220	87	0.0	2	82 4 1
221	73	0.0	2	61 8 4
222	251	0.0	2	238 13
223	370	0.0	2	360 9 1
224	192	0.0	2	177 14 1
225	409	0.0	2	394 15
226	388	0.0	2	370 17 1
227	538	0.0	2	520 16 2
228	149	0.0	2	134 13 2
229	435	0.0	2	420 15
230	128	0.0	2	112 15 1
231	149	0.0	2	142 6 1
232	78	0.0	2	75 2 1
233	144	0.0	2	130 13 1
234	285	0.0	2	274 11
235	87	0.0	2	82 5
236	50	0.0	2	48 2
237	10	0.0	2	10
238	2	0.0	2	1 0 1
239	38	0.0	2	17 20 1
240	433	0.0	2	401 26 6
241	819	0.0	2	797 22
242	585	0.0	2	564 20 1
243	519	0.0	2	508 11
244	260	0.0	2	250 10
245	143	0.0	2	137 6
246	47	0.0	2	44 3
247	46	0.0	2	42 3 1
248	54	0.0	2	51 3
249	282	0.0	2	267 14 1
250	808	0.0	2	785 23
251	919	0.0	2	898 21
252	261	0.0	2	257 4
253	101	0.0	2	92 8 1
254	216	0.0	2	208 8
255	179	0.0	2	167 12
256	585	0.0	2	562 21 2
257	310	0.0	2	300 9 1
258	363	0.0	2	354 9
259	386	0.0	2	371 15
260	407	0.0	2	396 10 1
261	218	0.0	2	213 5
262	239	0.0	2	232 7
263	178	0.0	2	172 5 1
264	73	0.0	2	68 4 1
265	104	0.0	2	94 9 1
266	365	0.0	2	360 5
267	383	0.0	2	371 12
268	304	0.0	2	295 9
269	457	0.0	2	448 8 1
270	429	0.0	2	420 9
271	515	0.0	2	505 9 1
272	61	0.0	2	59 1 1
273	72	0.0	2	69 3
274	150	0.0	2	147 3
275	38	0.0	2	36 2
276	56	0.0	2	52 4
277	738	0.0	2	720 17 1
278	270	0.0	2	260 9 1
279	419	0.0	2	407 11 1
280	546	0.0	2	528 18
281	203	0.0	2	197 6
282	340	0.0	2	331 9
283	231	0.0	2	225 6
284	144	0.0	2	141 3
285	192	0.0	2	191 1
286	81	0.0	2	79 1 1
287	268	0.0	2	262 6
288	72	0.0	2	68 3 1
289	632	0.0	2	614 17 1
290	43	0.0	2	42 1
291	359	0.0	2	352 7
292	377	0.0	2	371 6
293	281	0.0	2	273 8
294	89	0.0	2	88 1
295	26	0.0	2	26
296	7	0.0	2	7
297	19	0.0	2	19
300	3802	0.0	2	3729 70 3
