This is cutadapt 2.6 with Python 3.7.16
Command line parameters: -a CCTACGGGNGGCWGCAG -A GACTACHVGGGTATCTAATCC -o trimmed_reads/Bact-25_S24_R1_trimmed.fastq.gz -p trimmed_reads/Bact-25_S24_R2_trimmed.fastq.gz clean_reads/Bact-25_S24_R1_clean.fastq.gz clean_reads/Bact-25_S24_R2_clean.fastq.gz
Processing reads on 1 core in paired-end mode ...
Finished in 1.18 s (33 us/read; 1.82 M reads/minute).

=== Summary ===

Total read pairs processed:             35,690
  Read 1 with adapter:                  35,610 (99.8%)
  Read 2 with adapter:                  35,633 (99.8%)
Pairs written (passing filters):        35,690 (100.0%)

Total basepairs processed:    18,304,994 bp
  Read 1:     9,568,120 bp
  Read 2:     8,736,874 bp
Total written (filtered):         33,611 bp (0.2%)
  Read 1:        21,682 bp
  Read 2:        11,929 bp

=== First read: Adapter 1 ===

Sequence: CCTACGGGNGGCWGCAG; Type: regular 3'; Length: 17; Trimmed: 35610 times.

No. of allowed errors:
0-9 bp: 0; 10-16 bp: 1

Bases preceding removed adapters:
  A: 0.0%
  C: 0.0%
  G: 0.1%
  T: 0.0%
  none/other: 99.9%

Overview of removed sequences
length	count	expect	max.err	error counts
50	15	0.0	1	13 2
51	13	0.0	1	13
52	7	0.0	1	7
53	1	0.0	1	1
54	1	0.0	1	1
55	17	0.0	1	17
56	3	0.0	1	3
57	11	0.0	1	10 1
58	4	0.0	1	3 1
59	5	0.0	1	5
60	5	0.0	1	5
61	3	0.0	1	3
62	8	0.0	1	8
63	1	0.0	1	1
64	5	0.0	1	4 1
65	3	0.0	1	3
66	18	0.0	1	17 1
67	23	0.0	1	22 1
68	9	0.0	1	9
69	19	0.0	1	19
70	9	0.0	1	9
71	4	0.0	1	4
72	1	0.0	1	1
73	3	0.0	1	3
74	17	0.0	1	16 1
75	6	0.0	1	6
76	9	0.0	1	9
77	16	0.0	1	14 2
78	16	0.0	1	14 2
79	10	0.0	1	10
80	7	0.0	1	7
81	6	0.0	1	6
82	10	0.0	1	10
83	1	0.0	1	1
84	4	0.0	1	4
85	15	0.0	1	15
86	4	0.0	1	4
87	19	0.0	1	19
88	2	0.0	1	2
89	2	0.0	1	2
91	7	0.0	1	7
92	21	0.0	1	20 1
93	22	0.0	1	22
94	17	0.0	1	17
95	10	0.0	1	10
96	2	0.0	1	2
97	9	0.0	1	9
98	9	0.0	1	9
99	40	0.0	1	38 2
100	60	0.0	1	60
101	36	0.0	1	36
102	22	0.0	1	21 1
103	17	0.0	1	17
104	12	0.0	1	12
105	9	0.0	1	9
106	9	0.0	1	8 1
107	7	0.0	1	7
108	12	0.0	1	12
109	2	0.0	1	2
110	7	0.0	1	6 1
111	44	0.0	1	43 1
112	81	0.0	1	77 4
113	58	0.0	1	56 2
114	43	0.0	1	42 1
115	49	0.0	1	49
116	55	0.0	1	55
117	52	0.0	1	52
118	40	0.0	1	39 1
119	34	0.0	1	33 1
120	25	0.0	1	25
121	44	0.0	1	40 4
122	22	0.0	1	22
123	23	0.0	1	23
124	31	0.0	1	31
125	38	0.0	1	37 1
126	16	0.0	1	16
127	25	0.0	1	25
128	77	0.0	1	74 3
129	18	0.0	1	16 2
130	11	0.0	1	11
131	17	0.0	1	17
132	13	0.0	1	13
133	14	0.0	1	14
134	21	0.0	1	21
135	37	0.0	1	36 1
136	23	0.0	1	23
137	15	0.0	1	15
138	15	0.0	1	15
139	10	0.0	1	7 3
140	11	0.0	1	11
141	13	0.0	1	13
142	12	0.0	1	11 1
143	5	0.0	1	5
144	11	0.0	1	11
145	19	0.0	1	19
146	28	0.0	1	26 2
147	21	0.0	1	18 3
148	20	0.0	1	20
149	22	0.0	1	22
150	16	0.0	1	16
151	17	0.0	1	15 2
152	11	0.0	1	11
153	10	0.0	1	10
154	13	0.0	1	13
155	14	0.0	1	14
156	14	0.0	1	14
157	14	0.0	1	13 1
158	20	0.0	1	20
159	14	0.0	1	14
160	13	0.0	1	13
161	19	0.0	1	18 1
162	17	0.0	1	16 1
163	33	0.0	1	29 4
164	26	0.0	1	26
165	30	0.0	1	30
166	21	0.0	1	20 1
167	17	0.0	1	16 1
168	18	0.0	1	18
169	36	0.0	1	36
170	31	0.0	1	28 3
171	28	0.0	1	27 1
172	81	0.0	1	79 2
173	42	0.0	1	42
174	37	0.0	1	35 2
175	21	0.0	1	21
176	21	0.0	1	21
177	26	0.0	1	26
178	8	0.0	1	6 2
179	37	0.0	1	33 4
180	20	0.0	1	19 1
181	24	0.0	1	24
182	18	0.0	1	18
183	33	0.0	1	32 1
184	24	0.0	1	24
185	31	0.0	1	30 1
186	43	0.0	1	43
187	34	0.0	1	32 2
188	28	0.0	1	27 1
189	30	0.0	1	28 2
190	53	0.0	1	52 1
191	32	0.0	1	31 1
192	30	0.0	1	29 1
193	45	0.0	1	45
194	26	0.0	1	25 1
195	31	0.0	1	30 1
196	51	0.0	1	49 2
197	43	0.0	1	41 2
198	66	0.0	1	63 3
199	57	0.0	1	57
200	57	0.0	1	57
201	72	0.0	1	68 4
202	28	0.0	1	27 1
203	33	0.0	1	31 2
204	34	0.0	1	34
205	39	0.0	1	36 3
206	44	0.0	1	44
207	55	0.0	1	55
208	56	0.0	1	56
209	71	0.0	1	68 3
210	52	0.0	1	51 1
211	76	0.0	1	72 4
212	75	0.0	1	71 4
213	60	0.0	1	60
214	50	0.0	1	48 2
215	51	0.0	1	48 3
216	34	0.0	1	32 2
217	65	0.0	1	61 4
218	78	0.0	1	76 2
219	112	0.0	1	106 6
220	50	0.0	1	49 1
221	38	0.0	1	35 3
222	66	0.0	1	66
223	46	0.0	1	44 2
224	74	0.0	1	71 3
225	46	0.0	1	43 3
226	89	0.0	1	88 1
227	83	0.0	1	77 6
228	102	0.0	1	101 1
229	72	0.0	1	69 3
230	101	0.0	1	101
231	79	0.0	1	78 1
232	85	0.0	1	80 5
233	84	0.0	1	81 3
234	108	0.0	1	107 1
235	128	0.0	1	123 5
236	98	0.0	1	94 4
237	126	0.0	1	121 5
238	160	0.0	1	153 7
239	207	0.0	1	198 9
240	335	0.0	1	320 15
241	125	0.0	1	120 5
242	100	0.0	1	100
243	47	0.0	1	43 4
244	91	0.0	1	84 7
245	83	0.0	1	80 3
246	149	0.0	1	146 3
247	180	0.0	1	175 5
248	126	0.0	1	123 3
249	111	0.0	1	111
250	90	0.0	1	87 3
251	156	0.0	1	151 5
252	215	0.0	1	203 12
253	281	0.0	1	272 9
254	126	0.0	1	121 5
255	68	0.0	1	66 2
256	119	0.0	1	113 6
257	212	0.0	1	209 3
258	261	0.0	1	255 6
259	144	0.0	1	139 5
260	151	0.0	1	148 3
261	153	0.0	1	147 6
262	199	0.0	1	195 4
263	317	0.0	1	307 10
264	284	0.0	1	271 13
265	238	0.0	1	231 7
266	340	0.0	1	329 11
267	506	0.0	1	494 12
268	386	0.0	1	374 12
269	264	0.0	1	255 9
270	254	0.0	1	247 7
271	345	0.0	1	334 11
272	365	0.0	1	356 9
273	264	0.0	1	252 12
274	343	0.0	1	334 9
275	203	0.0	1	188 15
276	198	0.0	1	185 13
277	314	0.0	1	310 4
278	257	0.0	1	252 5
279	339	0.0	1	331 8
280	251	0.0	1	238 13
281	429	0.0	1	422 7
282	271	0.0	1	254 17
283	341	0.0	1	326 15
284	391	0.0	1	381 10
285	475	0.0	1	455 20
286	388	0.0	1	380 8
287	312	0.0	1	304 8
288	239	0.0	1	224 15
289	632	0.0	1	614 18
290	406	0.0	1	392 14
291	487	0.0	1	472 15
292	432	0.0	1	416 16
293	283	0.0	1	273 10
294	348	0.0	1	336 12
295	303	0.0	1	295 8
296	274	0.0	1	265 9
297	111	0.0	1	109 2
298	8	0.0	1	8
299	9	0.0	1	8 1
300	14298	0.0	1	13846 452


=== Second read: Adapter 2 ===

Sequence: GACTACHVGGGTATCTAATCC; Type: regular 3'; Length: 21; Trimmed: 35633 times.

No. of allowed errors:
0-9 bp: 0; 10-19 bp: 1; 20-21 bp: 2

Bases preceding removed adapters:
  A: 0.0%
  C: 0.0%
  G: 0.0%
  T: 0.0%
  none/other: 99.9%

Overview of removed sequences
length	count	expect	max.err	error counts
3	1	557.7	0	1
50	4	0.0	2	1 2 1
51	3	0.0	2	0 2 1
52	3	0.0	2	1 2
53	6	0.0	2	4 2
54	7	0.0	2	3 2 2
55	24	0.0	2	18 4 2
56	32	0.0	2	32
57	35	0.0	2	34 1
58	37	0.0	2	36 1
59	25	0.0	2	25
60	20	0.0	2	17 2 1
61	6	0.0	2	5 0 1
62	9	0.0	2	8 1
63	10	0.0	2	7 2 1
64	2	0.0	2	1 1
65	6	0.0	2	5 1
66	5	0.0	2	3 2
67	61	0.0	2	60 1
68	49	0.0	2	47 1 1
69	38	0.0	2	36 2
70	19	0.0	2	19
71	6	0.0	2	6
72	7	0.0	2	6 1
73	3	0.0	2	1 2
74	4	0.0	2	4
75	4	0.0	2	4
76	2	0.0	2	2
77	4	0.0	2	3 1
78	1	0.0	2	1
79	2	0.0	2	2
80	2	0.0	2	2
81	9	0.0	2	9
82	4	0.0	2	3 1
83	4	0.0	2	4
84	6	0.0	2	5 1
85	8	0.0	2	6 1 1
86	5	0.0	2	5
87	9	0.0	2	8 1
88	1	0.0	2	1
89	4	0.0	2	4
90	7	0.0	2	6 1
91	3	0.0	2	2 1
92	4	0.0	2	4
93	12	0.0	2	12
94	16	0.0	2	15 1
95	14	0.0	2	14
96	12	0.0	2	10 1 1
97	5	0.0	2	4 1
98	7	0.0	2	4 3
99	8	0.0	2	7 1
100	3	0.0	2	3
101	6	0.0	2	6
102	3	0.0	2	3
103	4	0.0	2	4
104	2	0.0	2	2
105	3	0.0	2	2 1
106	1	0.0	2	1
107	4	0.0	2	3 0 1
108	2	0.0	2	2
109	2	0.0	2	1 1
110	3	0.0	2	3
111	2	0.0	2	2
112	1	0.0	2	0 1
113	6	0.0	2	4 2
114	1	0.0	2	1
115	3	0.0	2	3
116	8	0.0	2	5 2 1
117	4	0.0	2	3 1
118	8	0.0	2	6 2
119	4	0.0	2	4
120	7	0.0	2	6 1
121	5	0.0	2	4 1
122	7	0.0	2	6 1
123	16	0.0	2	13 3
124	10	0.0	2	10
125	16	0.0	2	13 3
126	12	0.0	2	12
127	13	0.0	2	12 1
128	5	0.0	2	3 2
129	2	0.0	2	1 0 1
130	3	0.0	2	3
131	3	0.0	2	3
132	10	0.0	2	10
133	65	0.0	2	64 1
134	105	0.0	2	99 6
135	73	0.0	2	72 0 1
136	35	0.0	2	35
137	7	0.0	2	7
138	3	0.0	2	3
139	2	0.0	2	1 1
140	13	0.0	2	12 1
141	11	0.0	2	7 4
142	13	0.0	2	13
143	29	0.0	2	27 2
144	17	0.0	2	13 4
145	60	0.0	2	56 4
146	59	0.0	2	52 7
147	45	0.0	2	41 4
148	21	0.0	2	20 1
149	11	0.0	2	10 1
150	20	0.0	2	20
151	10	0.0	2	9 1
152	20	0.0	2	20
153	11	0.0	2	8 3
154	29	0.0	2	27 2
155	55	0.0	2	53 2
156	124	0.0	2	121 3
157	76	0.0	2	73 3
158	76	0.0	2	72 4
159	50	0.0	2	48 2
160	17	0.0	2	15 2
161	16	0.0	2	13 3
162	20	0.0	2	20
163	15	0.0	2	14 1
164	37	0.0	2	35 1 1
165	29	0.0	2	27 2
166	28	0.0	2	25 2 1
167	78	0.0	2	73 5
168	31	0.0	2	31
169	63	0.0	2	58 5
170	55	0.0	2	53 1 1
171	51	0.0	2	47 4
172	44	0.0	2	40 4
173	83	0.0	2	80 3
174	82	0.0	2	80 2
175	68	0.0	2	67 1
176	55	0.0	2	52 3
177	51	0.0	2	48 2 1
178	56	0.0	2	53 2 1
179	63	0.0	2	59 4
180	90	0.0	2	84 5 1
181	40	0.0	2	39 1
182	18	0.0	2	16 0 2
183	31	0.0	2	30 0 1
184	32	0.0	2	29 3
185	43	0.0	2	39 4
186	53	0.0	2	47 5 1
187	37	0.0	2	35 2
188	9	0.0	2	9
189	56	0.0	2	54 2
190	90	0.0	2	88 2
191	93	0.0	2	90 3
192	118	0.0	2	110 8
193	207	0.0	2	197 10
194	181	0.0	2	171 9 1
195	230	0.0	2	221 7 2
196	51	0.0	2	51
197	25	0.0	2	25
198	37	0.0	2	36 1
199	77	0.0	2	73 4
200	113	0.0	2	106 6 1
201	60	0.0	2	55 5
202	181	0.0	2	170 11
203	215	0.0	2	205 10
204	150	0.0	2	138 12
205	196	0.0	2	188 7 1
206	151	0.0	2	135 14 2
207	197	0.0	2	191 6
208	85	0.0	2	78 6 1
209	203	0.0	2	197 5 1
210	121	0.0	2	114 6 1
211	270	0.0	2	260 10
212	226	0.0	2	220 5 1
213	223	0.0	2	218 5
214	233	0.0	2	226 6 1
215	148	0.0	2	143 5
216	101	0.0	2	98 3
217	36	0.0	2	32 3 1
218	18	0.0	2	10 8
219	187	0.0	2	177 9 1
220	81	0.0	2	77 4
221	92	0.0	2	76 12 4
222	326	0.0	2	306 19 1
223	506	0.0	2	497 8 1
224	232	0.0	2	218 10 4
225	459	0.0	2	434 23 2
226	665	0.0	2	644 19 2
227	754	0.0	2	727 25 2
228	216	0.0	2	197 14 5
229	540	0.0	2	524 15 1
230	151	0.0	2	141 10
231	135	0.0	2	126 7 2
232	80	0.0	2	79 0 1
233	144	0.0	2	132 11 1
234	366	0.0	2	351 13 2
235	103	0.0	2	93 9 1
236	51	0.0	2	48 3
237	9	0.0	2	9
238	9	0.0	2	7 0 2
239	50	0.0	2	24 24 2
240	530	0.0	2	500 27 3
241	1023	0.0	2	995 28
242	768	0.0	2	739 29
243	636	0.0	2	610 26
244	314	0.0	2	300 14
245	170	0.0	2	162 8
246	56	0.0	2	51 5
247	44	0.0	2	44
248	69	0.0	2	65 3 1
249	386	0.0	2	367 17 2
250	1075	0.0	2	1036 39
251	1091	0.0	2	1055 33 3
252	305	0.0	2	292 13
253	130	0.0	2	125 4 1
254	265	0.0	2	257 8
255	187	0.0	2	179 8
256	745	0.0	2	711 32 2
257	376	0.0	2	362 14
258	526	0.0	2	504 22
259	490	0.0	2	479 11
260	479	0.0	2	465 14
261	287	0.0	2	278 9
262	353	0.0	2	346 7
263	150	0.0	2	145 5
264	78	0.0	2	76 2
265	89	0.0	2	81 8
266	436	0.0	2	423 12 1
267	687	0.0	2	666 19 2
268	306	0.0	2	300 6
269	470	0.0	2	464 6
270	527	0.0	2	512 15
271	462	0.0	2	452 10
272	87	0.0	2	85 1 1
273	63	0.0	2	58 5
274	133	0.0	2	131 2
275	37	0.0	2	36 1
276	51	0.0	2	46 4 1
277	697	0.0	2	681 16
278	280	0.0	2	271 9
279	388	0.0	2	378 10
280	618	0.0	2	606 12
281	225	0.0	2	218 7
282	330	0.0	2	325 5
283	240	0.0	2	236 4
284	148	0.0	2	146 2
285	187	0.0	2	184 3
286	92	0.0	2	88 4
287	277	0.0	2	271 6
288	80	0.0	2	76 3 1
289	645	0.0	2	633 12
290	45	0.0	2	44 1
291	444	0.0	2	434 10
292	472	0.0	2	464 8
293	333	0.0	2	330 3
294	102	0.0	2	101 1
295	27	0.0	2	26 1
296	4	0.0	2	4
297	18	0.0	2	18
298	2	0.0	2	2
299	1	0.0	2	1
300	3760	0.0	2	3692 68
