This is cutadapt 2.6 with Python 3.7.16
Command line parameters: -a CCTACGGGNGGCWGCAG -A GACTACHVGGGTATCTAATCC -o trimmed_reads/Bact-12_S12_R1_trimmed.fastq.gz -p trimmed_reads/Bact-12_S12_R2_trimmed.fastq.gz clean_reads/Bact-12_S12_R1_clean.fastq.gz clean_reads/Bact-12_S12_R2_clean.fastq.gz
Processing reads on 1 core in paired-end mode ...
Finished in 1.08 s (33 us/read; 1.81 M reads/minute).

=== Summary ===

Total read pairs processed:             32,758
  Read 1 with adapter:                  32,701 (99.8%)
  Read 2 with adapter:                  32,719 (99.9%)
Pairs written (passing filters):        32,758 (100.0%)

Total basepairs processed:    16,970,020 bp
  Read 1:     8,875,675 bp
  Read 2:     8,094,345 bp
Total written (filtered):         23,999 bp (0.1%)
  Read 1:        15,890 bp
  Read 2:         8,109 bp

=== First read: Adapter 1 ===

Sequence: CCTACGGGNGGCWGCAG; Type: regular 3'; Length: 17; Trimmed: 32701 times.

No. of allowed errors:
0-9 bp: 0; 10-16 bp: 1

Bases preceding removed adapters:
  A: 0.0%
  C: 0.0%
  G: 0.1%
  T: 0.0%
  none/other: 99.9%

Overview of removed sequences
length	count	expect	max.err	error counts
29	1	0.0	1	1
50	14	0.0	1	14
51	11	0.0	1	11
52	4	0.0	1	4
53	3	0.0	1	3
54	10	0.0	1	10
55	3	0.0	1	3
56	2	0.0	1	2
57	8	0.0	1	6 2
58	5	0.0	1	4 1
59	5	0.0	1	5
60	6	0.0	1	6
62	2	0.0	1	2
63	4	0.0	1	4
64	2	0.0	1	2
65	1	0.0	1	1
66	14	0.0	1	13 1
67	21	0.0	1	17 4
68	7	0.0	1	7
69	12	0.0	1	12
70	8	0.0	1	8
71	1	0.0	1	1
72	1	0.0	1	1
73	1	0.0	1	1
74	9	0.0	1	9
75	1	0.0	1	1
76	14	0.0	1	13 1
77	27	0.0	1	27
78	25	0.0	1	25
79	14	0.0	1	14
80	16	0.0	1	15 1
81	4	0.0	1	4
82	9	0.0	1	9
83	5	0.0	1	5
84	1	0.0	1	0 1
85	17	0.0	1	17
86	3	0.0	1	3
87	17	0.0	1	17
88	3	0.0	1	3
89	2	0.0	1	2
90	2	0.0	1	2
91	4	0.0	1	3 1
92	7	0.0	1	7
93	14	0.0	1	13 1
94	13	0.0	1	12 1
95	12	0.0	1	12
96	9	0.0	1	9
97	6	0.0	1	6
98	5	0.0	1	4 1
99	28	0.0	1	28
100	33	0.0	1	33
101	41	0.0	1	41
102	10	0.0	1	10
103	19	0.0	1	19
104	6	0.0	1	6
105	1	0.0	1	1
106	5	0.0	1	5
107	9	0.0	1	9
108	3	0.0	1	3
109	5	0.0	1	5
110	5	0.0	1	4 1
111	24	0.0	1	24
112	50	0.0	1	50
113	51	0.0	1	50 1
114	51	0.0	1	51
115	47	0.0	1	47
116	44	0.0	1	44
117	50	0.0	1	48 2
118	24	0.0	1	22 2
119	19	0.0	1	19
120	24	0.0	1	23 1
121	22	0.0	1	21 1
122	25	0.0	1	25
123	28	0.0	1	28
124	25	0.0	1	25
125	33	0.0	1	31 2
126	18	0.0	1	14 4
127	35	0.0	1	35
128	68	0.0	1	68
129	18	0.0	1	18
130	22	0.0	1	22
131	13	0.0	1	13
132	13	0.0	1	13
133	8	0.0	1	8
134	15	0.0	1	14 1
135	25	0.0	1	25
136	13	0.0	1	13
137	11	0.0	1	11
138	10	0.0	1	10
139	13	0.0	1	13
140	16	0.0	1	16
141	12	0.0	1	12
142	22	0.0	1	22
143	14	0.0	1	12 2
144	19	0.0	1	19
145	23	0.0	1	22 1
146	21	0.0	1	20 1
147	17	0.0	1	17
148	16	0.0	1	16
149	12	0.0	1	12
150	21	0.0	1	20 1
151	12	0.0	1	12
152	10	0.0	1	9 1
153	10	0.0	1	10
154	17	0.0	1	17
155	17	0.0	1	17
156	12	0.0	1	12
157	12	0.0	1	12
158	10	0.0	1	10
159	9	0.0	1	9
160	15	0.0	1	14 1
161	16	0.0	1	14 2
162	11	0.0	1	11
163	26	0.0	1	25 1
164	11	0.0	1	11
165	18	0.0	1	17 1
166	19	0.0	1	18 1
167	24	0.0	1	23 1
168	30	0.0	1	29 1
169	24	0.0	1	23 1
170	34	0.0	1	32 2
171	25	0.0	1	25
172	26	0.0	1	25 1
173	54	0.0	1	50 4
174	32	0.0	1	28 4
175	21	0.0	1	21
176	22	0.0	1	22
177	16	0.0	1	14 2
178	14	0.0	1	14
179	19	0.0	1	17 2
180	22	0.0	1	21 1
181	15	0.0	1	13 2
182	20	0.0	1	19 1
183	17	0.0	1	16 1
184	22	0.0	1	22
185	22	0.0	1	21 1
186	25	0.0	1	24 1
187	21	0.0	1	21
188	20	0.0	1	20
189	22	0.0	1	22
190	35	0.0	1	32 3
191	22	0.0	1	20 2
192	22	0.0	1	18 4
193	41	0.0	1	40 1
194	33	0.0	1	33
195	24	0.0	1	24
196	45	0.0	1	45
197	30	0.0	1	29 1
198	40	0.0	1	39 1
199	32	0.0	1	32
200	39	0.0	1	38 1
201	40	0.0	1	38 2
202	29	0.0	1	29
203	29	0.0	1	28 1
204	28	0.0	1	28
205	31	0.0	1	31
206	33	0.0	1	32 1
207	34	0.0	1	33 1
208	39	0.0	1	39
209	52	0.0	1	51 1
210	50	0.0	1	49 1
211	52	0.0	1	51 1
212	54	0.0	1	54
213	52	0.0	1	49 3
214	39	0.0	1	39
215	63	0.0	1	62 1
216	44	0.0	1	42 2
217	48	0.0	1	47 1
218	63	0.0	1	62 1
219	90	0.0	1	87 3
220	68	0.0	1	66 2
221	49	0.0	1	48 1
222	69	0.0	1	67 2
223	57	0.0	1	56 1
224	58	0.0	1	57 1
225	42	0.0	1	41 1
226	61	0.0	1	60 1
227	91	0.0	1	88 3
228	84	0.0	1	82 2
229	61	0.0	1	58 3
230	70	0.0	1	64 6
231	56	0.0	1	55 1
232	67	0.0	1	63 4
233	83	0.0	1	77 6
234	81	0.0	1	76 5
235	84	0.0	1	82 2
236	76	0.0	1	75 1
237	89	0.0	1	86 3
238	127	0.0	1	123 4
239	175	0.0	1	172 3
240	222	0.0	1	212 10
241	101	0.0	1	95 6
242	60	0.0	1	56 4
243	34	0.0	1	33 1
244	61	0.0	1	59 2
245	64	0.0	1	61 3
246	118	0.0	1	117 1
247	138	0.0	1	135 3
248	130	0.0	1	122 8
249	103	0.0	1	100 3
250	98	0.0	1	92 6
251	148	0.0	1	145 3
252	172	0.0	1	168 4
253	243	0.0	1	238 5
254	113	0.0	1	112 1
255	69	0.0	1	66 3
256	123	0.0	1	121 2
257	150	0.0	1	147 3
258	150	0.0	1	144 6
259	101	0.0	1	99 2
260	119	0.0	1	117 2
261	142	0.0	1	140 2
262	165	0.0	1	158 7
263	312	0.0	1	301 11
264	261	0.0	1	255 6
265	211	0.0	1	202 9
266	362	0.0	1	350 12
267	394	0.0	1	383 11
268	307	0.0	1	296 11
269	250	0.0	1	243 7
270	255	0.0	1	249 6
271	337	0.0	1	331 6
272	320	0.0	1	315 5
273	212	0.0	1	200 12
274	364	0.0	1	353 11
275	146	0.0	1	141 5
276	193	0.0	1	184 9
277	275	0.0	1	265 10
278	175	0.0	1	169 6
279	253	0.0	1	243 10
280	224	0.0	1	217 7
281	366	0.0	1	360 6
282	291	0.0	1	283 8
283	297	0.0	1	280 17
284	350	0.0	1	340 10
285	413	0.0	1	398 15
286	312	0.0	1	303 9
287	293	0.0	1	286 7
288	269	0.0	1	264 5
289	436	0.0	1	423 13
290	330	0.0	1	316 14
291	295	0.0	1	286 9
292	421	0.0	1	409 12
293	268	0.0	1	253 15
294	337	0.0	1	331 6
295	224	0.0	1	212 12
296	263	0.0	1	258 5
297	117	0.0	1	113 4
298	3	0.0	1	3
299	8	0.0	1	6 2
300	14638	0.0	1	14213 425


=== Second read: Adapter 2 ===

Sequence: GACTACHVGGGTATCTAATCC; Type: regular 3'; Length: 21; Trimmed: 32719 times.

No. of allowed errors:
0-9 bp: 0; 10-19 bp: 1; 20-21 bp: 2

Bases preceding removed adapters:
  A: 0.0%
  C: 0.0%
  G: 0.0%
  T: 0.0%
  none/other: 100.0%

Overview of removed sequences
length	count	expect	max.err	error counts
50	8	0.0	2	2 4 2
51	2	0.0	2	2
52	1	0.0	2	1
53	4	0.0	2	2 1 1
54	13	0.0	2	9 3 1
55	13	0.0	2	10 1 2
56	37	0.0	2	34 3
57	55	0.0	2	53 2
58	43	0.0	2	43
59	22	0.0	2	22
60	11	0.0	2	9 1 1
61	10	0.0	2	10
62	6	0.0	2	5 1
63	7	0.0	2	7
64	2	0.0	2	2
65	9	0.0	2	8 1
66	3	0.0	2	2 1
67	36	0.0	2	35 1
68	39	0.0	2	34 4 1
69	34	0.0	2	32 2
70	13	0.0	2	12 1
71	6	0.0	2	4 1 1
72	6	0.0	2	6
73	4	0.0	2	3 1
74	4	0.0	2	4
75	3	0.0	2	3
76	2	0.0	2	2
77	4	0.0	2	4
78	4	0.0	2	4
79	1	0.0	2	1
80	2	0.0	2	2
81	5	0.0	2	4 1
82	4	0.0	2	4
83	4	0.0	2	2 2
84	7	0.0	2	6 0 1
85	4	0.0	2	2 2
86	9	0.0	2	5 3 1
87	1	0.0	2	1
88	2	0.0	2	2
89	1	0.0	2	1
90	7	0.0	2	7
91	3	0.0	2	3
92	6	0.0	2	6
93	11	0.0	2	9 2
94	11	0.0	2	10 1
95	13	0.0	2	11 2
96	10	0.0	2	10
97	10	0.0	2	8 2
98	8	0.0	2	5 3
99	11	0.0	2	9 2
100	4	0.0	2	4
101	9	0.0	2	8 0 1
102	4	0.0	2	3 1
103	3	0.0	2	2 1
104	1	0.0	2	1
105	3	0.0	2	3
106	2	0.0	2	1 1
107	1	0.0	2	1
108	2	0.0	2	2
109	2	0.0	2	2
110	6	0.0	2	5 1
111	2	0.0	2	2
114	3	0.0	2	3
115	4	0.0	2	3 1
116	6	0.0	2	5 1
117	6	0.0	2	6
118	8	0.0	2	7 1
119	2	0.0	2	2
120	1	0.0	2	1
121	5	0.0	2	4 1
122	1	0.0	2	1
123	10	0.0	2	10
124	13	0.0	2	13
125	18	0.0	2	16 2
126	11	0.0	2	8 3
127	12	0.0	2	12
128	6	0.0	2	6
130	3	0.0	2	2 1
131	2	0.0	2	2
132	7	0.0	2	5 2
133	55	0.0	2	51 4
134	81	0.0	2	79 1 1
135	54	0.0	2	54
136	16	0.0	2	16
137	5	0.0	2	4 1
138	2	0.0	2	1 1
139	1	0.0	2	0 1
140	14	0.0	2	10 4
141	8	0.0	2	8
142	15	0.0	2	14 1
143	21	0.0	2	20 1
144	23	0.0	2	21 2
145	41	0.0	2	38 3
146	38	0.0	2	37 1
147	42	0.0	2	40 2
148	21	0.0	2	21
149	8	0.0	2	7 1
150	10	0.0	2	10
151	1	0.0	2	1
152	13	0.0	2	12 1
153	11	0.0	2	10 1
154	23	0.0	2	21 2
155	71	0.0	2	69 2
156	135	0.0	2	132 3
157	95	0.0	2	94 1
158	65	0.0	2	63 2
159	36	0.0	2	36
160	28	0.0	2	25 3
161	14	0.0	2	14
162	14	0.0	2	13 1
163	12	0.0	2	11 1
164	23	0.0	2	19 4
165	19	0.0	2	19
166	16	0.0	2	16
167	59	0.0	2	56 2 1
168	35	0.0	2	32 3
169	66	0.0	2	65 1
170	41	0.0	2	39 1 1
171	44	0.0	2	38 4 2
172	55	0.0	2	52 3
173	66	0.0	2	65 1
174	72	0.0	2	71 1
175	71	0.0	2	66 5
176	60	0.0	2	58 2
177	66	0.0	2	66
178	58	0.0	2	54 4
179	62	0.0	2	59 2 1
180	46	0.0	2	41 4 1
181	20	0.0	2	16 2 2
182	14	0.0	2	13 1
183	30	0.0	2	27 2 1
184	27	0.0	2	23 3 1
185	44	0.0	2	43 0 1
186	54	0.0	2	52 2
187	30	0.0	2	26 3 1
188	14	0.0	2	12 2
189	29	0.0	2	24 5
190	100	0.0	2	96 4
191	130	0.0	2	124 6
192	104	0.0	2	100 4
193	150	0.0	2	144 6
194	145	0.0	2	135 8 2
195	141	0.0	2	131 8 2
196	56	0.0	2	55 1
197	22	0.0	2	22
198	41	0.0	2	38 2 1
199	70	0.0	2	64 5 1
200	118	0.0	2	111 7
201	70	0.0	2	61 9
202	155	0.0	2	145 10
203	247	0.0	2	234 13
204	117	0.0	2	109 8
205	193	0.0	2	180 12 1
206	152	0.0	2	135 15 2
207	179	0.0	2	168 11
208	64	0.0	2	59 5
209	165	0.0	2	160 5
210	109	0.0	2	107 1 1
211	219	0.0	2	210 8 1
212	199	0.0	2	189 10
213	259	0.0	2	250 9
214	196	0.0	2	190 6
215	137	0.0	2	123 13 1
216	88	0.0	2	84 3 1
217	20	0.0	2	19 1
218	32	0.0	2	23 9
219	137	0.0	2	133 4
220	71	0.0	2	70 1
221	66	0.0	2	50 14 2
222	303	0.0	2	283 20
223	391	0.0	2	374 16 1
224	199	0.0	2	184 15
225	447	0.0	2	428 19
226	414	0.0	2	392 21 1
227	596	0.0	2	577 18 1
228	152	0.0	2	131 19 2
229	423	0.0	2	407 15 1
230	156	0.0	2	137 18 1
231	164	0.0	2	156 6 2
232	94	0.0	2	90 4
233	159	0.0	2	152 6 1
234	307	0.0	2	299 7 1
235	102	0.0	2	99 2 1
236	39	0.0	2	39
237	8	0.0	2	6 1 1
238	14	0.0	2	13 1
239	41	0.0	2	25 15 1
240	440	0.0	2	416 20 4
241	896	0.0	2	867 26 3
242	595	0.0	2	579 14 2
243	537	0.0	2	517 19 1
244	240	0.0	2	232 7 1
245	148	0.0	2	142 6
246	81	0.0	2	77 4
247	46	0.0	2	40 6
248	55	0.0	2	52 2 1
249	316	0.0	2	299 14 3
250	850	0.0	2	819 29 2
251	947	0.0	2	924 22 1
252	272	0.0	2	270 2
253	125	0.0	2	121 4
254	252	0.0	2	240 12
255	203	0.0	2	193 10
256	676	0.0	2	646 28 2
257	367	0.0	2	345 21 1
258	428	0.0	2	408 17 3
259	392	0.0	2	384 8
260	456	0.0	2	443 12 1
261	240	0.0	2	232 8
262	288	0.0	2	281 7
263	164	0.0	2	162 2
264	75	0.0	2	70 2 3
265	101	0.0	2	92 8 1
266	386	0.0	2	380 5 1
267	433	0.0	2	422 11
268	318	0.0	2	309 9
269	462	0.0	2	459 3
270	416	0.0	2	410 6
271	521	0.0	2	511 9 1
272	90	0.0	2	86 4
273	79	0.0	2	72 6 1
274	183	0.0	2	180 3
275	37	0.0	2	33 4
276	70	0.0	2	66 3 1
277	712	0.0	2	696 16
278	331	0.0	2	319 10 2
279	433	0.0	2	421 11 1
280	561	0.0	2	552 9
281	234	0.0	2	231 3
282	330	0.0	2	324 6
283	263	0.0	2	256 7
284	172	0.0	2	168 4
285	171	0.0	2	168 3
286	96	0.0	2	89 7
287	289	0.0	2	282 7
288	76	0.0	2	71 5
289	644	0.0	2	631 12 1
290	58	0.0	2	57 1
291	369	0.0	2	365 4
292	380	0.0	2	371 9
293	348	0.0	2	341 7
294	115	0.0	2	110 5
295	32	0.0	2	30 1 1
296	5	0.0	2	5
297	26	0.0	2	26
298	1	0.0	2	1
300	4145	0.0	2	4063 82
