This is cutadapt 2.6 with Python 3.7.16
Command line parameters: -a CCTACGGGNGGCWGCAG -A GACTACHVGGGTATCTAATCC -o trimmed_reads/Bact-38_S37_R1_trimmed.fastq.gz -p trimmed_reads/Bact-38_S37_R2_trimmed.fastq.gz clean_reads/Bact-38_S37_R1_clean.fastq.gz clean_reads/Bact-38_S37_R2_clean.fastq.gz
Processing reads on 1 core in paired-end mode ...
Finished in 1.66 s (39 us/read; 1.55 M reads/minute).

=== Summary ===

Total read pairs processed:             42,893
  Read 1 with adapter:                  42,796 (99.8%)
  Read 2 with adapter:                  42,817 (99.8%)
Pairs written (passing filters):        42,893 (100.0%)

Total basepairs processed:    21,952,143 bp
  Read 1:    11,561,087 bp
  Read 2:    10,391,056 bp
Total written (filtered):         41,774 bp (0.2%)
  Read 1:        25,767 bp
  Read 2:        16,007 bp

=== First read: Adapter 1 ===

Sequence: CCTACGGGNGGCWGCAG; Type: regular 3'; Length: 17; Trimmed: 42796 times.

No. of allowed errors:
0-9 bp: 0; 10-16 bp: 1

Bases preceding removed adapters:
  A: 0.0%
  C: 0.0%
  G: 0.0%
  T: 0.0%
  none/other: 99.9%

Overview of removed sequences
length	count	expect	max.err	error counts
3	1	670.2	0	1
8	1	0.7	0	1
50	14	0.0	1	12 2
51	16	0.0	1	13 3
52	6	0.0	1	6
53	5	0.0	1	5
54	8	0.0	1	8
55	10	0.0	1	10
56	2	0.0	1	2
57	8	0.0	1	8
58	2	0.0	1	2
59	8	0.0	1	8
60	5	0.0	1	5
61	4	0.0	1	3 1
62	6	0.0	1	6
63	8	0.0	1	8
64	5	0.0	1	5
65	7	0.0	1	6 1
66	17	0.0	1	17
67	27	0.0	1	26 1
68	13	0.0	1	13
69	12	0.0	1	12
70	5	0.0	1	5
71	9	0.0	1	9
72	3	0.0	1	2 1
73	5	0.0	1	5
74	11	0.0	1	11
75	5	0.0	1	5
76	17	0.0	1	16 1
77	26	0.0	1	24 2
78	27	0.0	1	27
79	15	0.0	1	15
80	3	0.0	1	3
81	7	0.0	1	7
82	11	0.0	1	11
83	5	0.0	1	5
84	5	0.0	1	4 1
85	14	0.0	1	14
86	4	0.0	1	4
87	33	0.0	1	33
88	5	0.0	1	5
89	3	0.0	1	3
90	1	0.0	1	1
91	8	0.0	1	8
92	15	0.0	1	15
93	24	0.0	1	23 1
94	18	0.0	1	17 1
95	8	0.0	1	7 1
96	12	0.0	1	11 1
97	18	0.0	1	18
98	4	0.0	1	4
99	48	0.0	1	48
100	57	0.0	1	57
101	52	0.0	1	51 1
102	20	0.0	1	20
103	22	0.0	1	21 1
104	8	0.0	1	8
105	7	0.0	1	7
106	11	0.0	1	11
107	14	0.0	1	14
108	14	0.0	1	13 1
109	8	0.0	1	8
110	5	0.0	1	5
111	37	0.0	1	35 2
112	85	0.0	1	85
113	54	0.0	1	52 2
114	56	0.0	1	56
115	46	0.0	1	46
116	77	0.0	1	76 1
117	48	0.0	1	47 1
118	33	0.0	1	32 1
119	31	0.0	1	30 1
120	29	0.0	1	29
121	30	0.0	1	30
122	22	0.0	1	21 1
123	38	0.0	1	37 1
124	37	0.0	1	36 1
125	28	0.0	1	28
126	32	0.0	1	30 2
127	26	0.0	1	26
128	74	0.0	1	73 1
129	23	0.0	1	23
130	23	0.0	1	23
131	25	0.0	1	25
132	12	0.0	1	11 1
133	18	0.0	1	18
134	16	0.0	1	16
135	25	0.0	1	25
136	26	0.0	1	26
137	14	0.0	1	13 1
138	19	0.0	1	18 1
139	15	0.0	1	15
140	19	0.0	1	17 2
141	11	0.0	1	10 1
142	21	0.0	1	19 2
143	17	0.0	1	17
144	24	0.0	1	22 2
145	19	0.0	1	18 1
146	23	0.0	1	23
147	21	0.0	1	20 1
148	24	0.0	1	24
149	28	0.0	1	26 2
150	18	0.0	1	17 1
151	15	0.0	1	14 1
152	13	0.0	1	10 3
153	16	0.0	1	16
154	12	0.0	1	12
155	15	0.0	1	15
156	15	0.0	1	14 1
157	21	0.0	1	20 1
158	13	0.0	1	12 1
159	14	0.0	1	14
160	17	0.0	1	17
161	24	0.0	1	24
162	32	0.0	1	32
163	41	0.0	1	40 1
164	14	0.0	1	14
165	38	0.0	1	38
166	30	0.0	1	30
167	27	0.0	1	26 1
168	41	0.0	1	38 3
169	41	0.0	1	40 1
170	36	0.0	1	35 1
171	46	0.0	1	43 3
172	70	0.0	1	69 1
173	55	0.0	1	55
174	39	0.0	1	39
175	37	0.0	1	36 1
176	31	0.0	1	31
177	29	0.0	1	29
178	13	0.0	1	13
179	21	0.0	1	20 1
180	22	0.0	1	21 1
181	14	0.0	1	14
182	32	0.0	1	32
183	35	0.0	1	34 1
184	25	0.0	1	24 1
185	31	0.0	1	30 1
186	36	0.0	1	34 2
187	31	0.0	1	31
188	31	0.0	1	30 1
189	25	0.0	1	22 3
190	49	0.0	1	48 1
191	42	0.0	1	40 2
192	29	0.0	1	29
193	60	0.0	1	59 1
194	35	0.0	1	34 1
195	62	0.0	1	60 2
196	52	0.0	1	49 3
197	62	0.0	1	61 1
198	69	0.0	1	65 4
199	63	0.0	1	60 3
200	66	0.0	1	65 1
201	46	0.0	1	44 2
202	40	0.0	1	40
203	47	0.0	1	47
204	50	0.0	1	49 1
205	55	0.0	1	54 1
206	39	0.0	1	39
207	81	0.0	1	76 5
208	65	0.0	1	64 1
209	74	0.0	1	72 2
210	72	0.0	1	71 1
211	72	0.0	1	68 4
212	86	0.0	1	86
213	64	0.0	1	60 4
214	84	0.0	1	78 6
215	91	0.0	1	88 3
216	78	0.0	1	76 2
217	83	0.0	1	79 4
218	99	0.0	1	92 7
219	119	0.0	1	114 5
220	66	0.0	1	65 1
221	59	0.0	1	58 1
222	87	0.0	1	83 4
223	86	0.0	1	82 4
224	69	0.0	1	66 3
225	67	0.0	1	66 1
226	91	0.0	1	89 2
227	106	0.0	1	101 5
228	135	0.0	1	134 1
229	113	0.0	1	110 3
230	100	0.0	1	98 2
231	101	0.0	1	96 5
232	117	0.0	1	113 4
233	109	0.0	1	107 2
234	112	0.0	1	111 1
235	126	0.0	1	124 2
236	83	0.0	1	79 4
237	122	0.0	1	119 3
238	155	0.0	1	151 4
239	199	0.0	1	195 4
240	312	0.0	1	307 5
241	115	0.0	1	112 3
242	90	0.0	1	89 1
243	67	0.0	1	61 6
244	99	0.0	1	94 5
245	85	0.0	1	77 8
246	144	0.0	1	142 2
247	196	0.0	1	192 4
248	161	0.0	1	157 4
249	112	0.0	1	110 2
250	135	0.0	1	128 7
251	205	0.0	1	199 6
252	223	0.0	1	215 8
253	337	0.0	1	331 6
254	151	0.0	1	145 6
255	109	0.0	1	107 2
256	168	0.0	1	162 6
257	210	0.0	1	203 7
258	221	0.0	1	213 8
259	101	0.0	1	98 3
260	210	0.0	1	199 11
261	199	0.0	1	196 3
262	212	0.0	1	205 7
263	352	0.0	1	344 8
264	361	0.0	1	355 6
265	310	0.0	1	294 16
266	454	0.0	1	444 10
267	563	0.0	1	545 18
268	458	0.0	1	450 8
269	377	0.0	1	368 9
270	334	0.0	1	326 8
271	405	0.0	1	386 19
272	411	0.0	1	402 9
273	374	0.0	1	360 14
274	480	0.0	1	469 11
275	295	0.0	1	285 10
276	237	0.0	1	228 9
277	344	0.0	1	336 8
278	235	0.0	1	229 6
279	369	0.0	1	360 9
280	253	0.0	1	242 11
281	401	0.0	1	394 7
282	419	0.0	1	402 17
283	352	0.0	1	337 15
284	453	0.0	1	439 14
285	397	0.0	1	378 19
286	452	0.0	1	436 16
287	427	0.0	1	414 13
288	344	0.0	1	332 12
289	675	0.0	1	650 25
290	526	0.0	1	512 14
291	399	0.0	1	387 12
292	501	0.0	1	488 13
293	366	0.0	1	360 6
294	454	0.0	1	444 10
295	348	0.0	1	339 9
296	353	0.0	1	344 9
297	136	0.0	1	132 4
298	2	0.0	1	2
299	6	0.0	1	5 1
300	18180	0.0	1	17639 541


=== Second read: Adapter 2 ===

Sequence: GACTACHVGGGTATCTAATCC; Type: regular 3'; Length: 21; Trimmed: 42817 times.

No. of allowed errors:
0-9 bp: 0; 10-19 bp: 1; 20-21 bp: 2

Bases preceding removed adapters:
  A: 0.0%
  C: 0.0%
  G: 0.0%
  T: 0.0%
  none/other: 100.0%

Overview of removed sequences
length	count	expect	max.err	error counts
3	3	670.2	0	3
4	1	167.6	0	1
50	8	0.0	2	5 3
51	1	0.0	2	1
52	3	0.0	2	1 2
53	1	0.0	2	0 1
54	16	0.0	2	9 4 3
55	26	0.0	2	20 4 2
56	50	0.0	2	42 7 1
57	80	0.0	2	80
58	41	0.0	2	41
59	28	0.0	2	27 1
60	15	0.0	2	15
61	26	0.0	2	25 1
62	6	0.0	2	4 2
63	2	0.0	2	2
64	6	0.0	2	5 1
65	5	0.0	2	4 1
66	7	0.0	2	7
67	58	0.0	2	57 1
68	67	0.0	2	64 3
69	32	0.0	2	28 3 1
70	34	0.0	2	34
71	11	0.0	2	10 1
72	11	0.0	2	9 0 2
73	2	0.0	2	1 0 1
74	6	0.0	2	6
75	8	0.0	2	7 1
76	1	0.0	2	1
77	3	0.0	2	3
78	1	0.0	2	1
79	2	0.0	2	1 1
80	2	0.0	2	1 1
81	10	0.0	2	10
82	7	0.0	2	6 0 1
83	13	0.0	2	13
84	8	0.0	2	6 1 1
85	8	0.0	2	5 1 2
86	8	0.0	2	5 2 1
87	7	0.0	2	5 2
89	4	0.0	2	3 1
90	4	0.0	2	3 1
91	5	0.0	2	5
92	6	0.0	2	6
93	29	0.0	2	26 3
94	39	0.0	2	37 2
95	17	0.0	2	14 3
96	17	0.0	2	15 2
97	7	0.0	2	7
98	4	0.0	2	3 1
99	10	0.0	2	7 3
100	10	0.0	2	9 1
101	11	0.0	2	10 0 1
102	3	0.0	2	3
103	5	0.0	2	5
104	5	0.0	2	5
105	3	0.0	2	2 1
106	2	0.0	2	0 2
107	3	0.0	2	3
108	2	0.0	2	2
109	2	0.0	2	2
111	2	0.0	2	2
112	3	0.0	2	3
113	2	0.0	2	2
114	2	0.0	2	1 1
115	6	0.0	2	5 1
116	6	0.0	2	6
117	8	0.0	2	8
118	13	0.0	2	10 2 1
119	3	0.0	2	2 1
120	3	0.0	2	2 1
121	10	0.0	2	10
122	3	0.0	2	3
123	21	0.0	2	19 2
124	14	0.0	2	14
125	24	0.0	2	23 1
126	18	0.0	2	18
127	13	0.0	2	12 1
128	11	0.0	2	8 3
129	5	0.0	2	5
130	5	0.0	2	5
131	3	0.0	2	2 1
132	3	0.0	2	2 1
133	99	0.0	2	96 3
134	153	0.0	2	145 7 1
135	92	0.0	2	87 5
136	31	0.0	2	30 0 1
137	4	0.0	2	4
138	7	0.0	2	7
139	5	0.0	2	3 2
140	32	0.0	2	31 1
141	7	0.0	2	7
142	21	0.0	2	20 1
143	35	0.0	2	29 6
144	49	0.0	2	45 3 1
145	56	0.0	2	49 7
146	46	0.0	2	40 5 1
147	54	0.0	2	50 4
148	22	0.0	2	20 2
149	20	0.0	2	19 1
150	19	0.0	2	19
151	14	0.0	2	13 0 1
152	34	0.0	2	32 2
153	26	0.0	2	23 2 1
154	32	0.0	2	29 3
155	71	0.0	2	69 2
156	166	0.0	2	160 5 1
157	102	0.0	2	100 2
158	87	0.0	2	82 5
159	57	0.0	2	57
160	38	0.0	2	33 3 2
161	24	0.0	2	21 3
162	34	0.0	2	33 1
163	29	0.0	2	27 1 1
164	40	0.0	2	39 0 1
165	19	0.0	2	17 1 1
166	40	0.0	2	39 1
167	98	0.0	2	95 3
168	64	0.0	2	61 2 1
169	101	0.0	2	95 6
170	53	0.0	2	50 3
171	62	0.0	2	60 2
172	61	0.0	2	57 4
173	91	0.0	2	88 3
174	98	0.0	2	95 3
175	92	0.0	2	88 4
176	81	0.0	2	77 3 1
177	105	0.0	2	102 2 1
178	82	0.0	2	80 1 1
179	103	0.0	2	95 8
180	102	0.0	2	94 7 1
181	41	0.0	2	38 3
182	30	0.0	2	25 4 1
183	48	0.0	2	47 1
184	48	0.0	2	44 4
185	94	0.0	2	91 3
186	73	0.0	2	67 6
187	56	0.0	2	54 2
188	23	0.0	2	21 2
189	54	0.0	2	52 2
190	133	0.0	2	129 4
191	174	0.0	2	163 8 3
192	166	0.0	2	159 7
193	276	0.0	2	259 16 1
194	244	0.0	2	231 13
195	219	0.0	2	207 11 1
196	66	0.0	2	64 2
197	40	0.0	2	38 2
198	56	0.0	2	49 7
199	123	0.0	2	117 6
200	149	0.0	2	145 4
201	99	0.0	2	88 10 1
202	229	0.0	2	219 10
203	360	0.0	2	348 12
204	192	0.0	2	179 12 1
205	261	0.0	2	244 15 2
206	224	0.0	2	204 18 2
207	313	0.0	2	297 13 3
208	130	0.0	2	121 8 1
209	186	0.0	2	177 7 2
210	160	0.0	2	153 7
211	334	0.0	2	315 19
212	253	0.0	2	248 4 1
213	314	0.0	2	303 10 1
214	217	0.0	2	207 8 2
215	179	0.0	2	174 5
216	152	0.0	2	142 8 2
217	71	0.0	2	67 4
218	23	0.0	2	17 6
219	238	0.0	2	226 11 1
220	175	0.0	2	172 3
221	119	0.0	2	96 19 4
222	428	0.0	2	398 27 3
223	560	0.0	2	539 19 2
224	329	0.0	2	314 15
225	601	0.0	2	571 26 4
226	573	0.0	2	552 20 1
227	867	0.0	2	843 23 1
228	276	0.0	2	252 24
229	527	0.0	2	499 22 6
230	210	0.0	2	187 20 3
231	211	0.0	2	202 9
232	108	0.0	2	103 3 2
233	272	0.0	2	253 19
234	535	0.0	2	521 14
235	175	0.0	2	168 7
236	68	0.0	2	64 4
237	12	0.0	2	12
238	16	0.0	2	13 2 1
239	40	0.0	2	19 19 2
240	654	0.0	2	621 29 4
241	1188	0.0	2	1138 49 1
242	911	0.0	2	873 37 1
243	752	0.0	2	727 23 2
244	391	0.0	2	373 18
245	264	0.0	2	255 6 3
246	119	0.0	2	111 8
247	76	0.0	2	70 5 1
248	96	0.0	2	81 15
249	494	0.0	2	467 22 5
250	1171	0.0	2	1137 30 4
251	1255	0.0	2	1216 38 1
252	403	0.0	2	395 8
253	175	0.0	2	168 7
254	340	0.0	2	330 9 1
255	229	0.0	2	221 6 2
256	806	0.0	2	770 34 2
257	467	0.0	2	447 19 1
258	555	0.0	2	537 17 1
259	544	0.0	2	517 26 1
260	582	0.0	2	570 12
261	341	0.0	2	326 13 2
262	360	0.0	2	352 8
263	226	0.0	2	223 3
264	99	0.0	2	95 3 1
265	134	0.0	2	125 8 1
266	530	0.0	2	516 14
267	535	0.0	2	524 11
268	451	0.0	2	444 7
269	525	0.0	2	512 13
270	485	0.0	2	473 11 1
271	594	0.0	2	577 14 3
272	125	0.0	2	122 3
273	95	0.0	2	91 4
274	210	0.0	2	209 1
275	63	0.0	2	58 5
276	80	0.0	2	73 7
277	839	0.0	2	815 24
278	390	0.0	2	375 14 1
279	469	0.0	2	458 10 1
280	719	0.0	2	701 18
281	248	0.0	2	238 10
282	388	0.0	2	379 9
283	309	0.0	2	303 6
284	180	0.0	2	176 4
285	227	0.0	2	223 3 1
286	127	0.0	2	122 4 1
287	312	0.0	2	300 12
288	105	0.0	2	101 4
289	709	0.0	2	694 14 1
290	58	0.0	2	56 2
291	483	0.0	2	465 18
292	465	0.0	2	456 9
293	358	0.0	2	353 5
294	102	0.0	2	99 3
295	32	0.0	2	32
296	7	0.0	2	7
297	11	0.0	2	11
298	2	0.0	2	2
300	4054	0.0	2	3965 89
