This is cutadapt 2.6 with Python 3.7.16
Command line parameters: -a CCTACGGGNGGCWGCAG -A GACTACHVGGGTATCTAATCC -o trimmed_reads/Bact-41_S40_R1_trimmed.fastq.gz -p trimmed_reads/Bact-41_S40_R2_trimmed.fastq.gz clean_reads/Bact-41_S40_R1_clean.fastq.gz clean_reads/Bact-41_S40_R2_clean.fastq.gz
Processing reads on 1 core in paired-end mode ...
Finished in 0.57 s (39 us/read; 1.53 M reads/minute).

=== Summary ===

Total read pairs processed:             14,555
  Read 1 with adapter:                  14,505 (99.7%)
  Read 2 with adapter:                  14,532 (99.8%)
Pairs written (passing filters):        14,555 (100.0%)

Total basepairs processed:     7,474,947 bp
  Read 1:     3,922,944 bp
  Read 2:     3,552,003 bp
Total written (filtered):         18,947 bp (0.3%)
  Read 1:        13,907 bp
  Read 2:         5,040 bp

=== First read: Adapter 1 ===

Sequence: CCTACGGGNGGCWGCAG; Type: regular 3'; Length: 17; Trimmed: 14505 times.

No. of allowed errors:
0-9 bp: 0; 10-16 bp: 1

Bases preceding removed adapters:
  A: 0.0%
  C: 0.0%
  G: 0.1%
  T: 0.0%
  none/other: 99.9%

Overview of removed sequences
length	count	expect	max.err	error counts
12	1	0.0	1	1
24	1	0.0	1	1
50	8	0.0	1	8
51	7	0.0	1	7
52	4	0.0	1	4
53	1	0.0	1	1
54	2	0.0	1	1 1
55	3	0.0	1	3
56	1	0.0	1	1
57	3	0.0	1	3
58	1	0.0	1	1
59	3	0.0	1	3
60	3	0.0	1	3
61	2	0.0	1	2
62	1	0.0	1	1
64	1	0.0	1	1
66	8	0.0	1	8
67	9	0.0	1	8 1
68	4	0.0	1	4
69	8	0.0	1	7 1
70	3	0.0	1	3
72	1	0.0	1	1
73	1	0.0	1	1
74	5	0.0	1	5
75	1	0.0	1	1
76	4	0.0	1	4
77	9	0.0	1	9
78	10	0.0	1	10
79	1	0.0	1	1
80	4	0.0	1	4
81	3	0.0	1	3
82	3	0.0	1	3
83	2	0.0	1	2
84	5	0.0	1	5
85	2	0.0	1	2
86	4	0.0	1	4
87	6	0.0	1	6
88	4	0.0	1	4
89	2	0.0	1	2
91	1	0.0	1	1
92	2	0.0	1	2
93	5	0.0	1	5
94	4	0.0	1	4
95	4	0.0	1	4
96	4	0.0	1	4
97	3	0.0	1	3
98	2	0.0	1	2
99	17	0.0	1	16 1
100	23	0.0	1	23
101	19	0.0	1	18 1
102	9	0.0	1	9
103	2	0.0	1	2
104	6	0.0	1	6
105	3	0.0	1	3
106	3	0.0	1	3
107	3	0.0	1	3
108	5	0.0	1	5
109	1	0.0	1	1
111	17	0.0	1	17
112	23	0.0	1	23
113	24	0.0	1	24
114	23	0.0	1	23
115	20	0.0	1	19 1
116	18	0.0	1	17 1
117	15	0.0	1	15
118	10	0.0	1	9 1
119	5	0.0	1	5
120	10	0.0	1	10
121	9	0.0	1	9
122	10	0.0	1	10
123	13	0.0	1	12 1
124	11	0.0	1	11
125	19	0.0	1	18 1
126	17	0.0	1	17
127	5	0.0	1	4 1
128	19	0.0	1	18 1
129	8	0.0	1	7 1
130	6	0.0	1	6
131	5	0.0	1	5
132	5	0.0	1	5
133	6	0.0	1	6
134	4	0.0	1	4
135	10	0.0	1	10
136	7	0.0	1	7
137	6	0.0	1	6
138	6	0.0	1	6
139	4	0.0	1	3 1
140	7	0.0	1	7
141	7	0.0	1	7
142	8	0.0	1	8
143	4	0.0	1	4
144	8	0.0	1	7 1
145	9	0.0	1	9
146	12	0.0	1	12
147	7	0.0	1	7
148	5	0.0	1	5
149	11	0.0	1	11
150	9	0.0	1	9
151	4	0.0	1	4
152	4	0.0	1	4
153	4	0.0	1	4
154	2	0.0	1	1 1
155	6	0.0	1	6
156	1	0.0	1	1
157	3	0.0	1	3
158	7	0.0	1	6 1
159	3	0.0	1	3
160	3	0.0	1	3
161	6	0.0	1	6
162	6	0.0	1	6
163	15	0.0	1	15
164	9	0.0	1	9
165	18	0.0	1	18
166	11	0.0	1	10 1
167	18	0.0	1	17 1
168	13	0.0	1	13
169	16	0.0	1	16
170	13	0.0	1	13
171	10	0.0	1	9 1
172	21	0.0	1	21
173	27	0.0	1	27
174	10	0.0	1	10
175	11	0.0	1	11
176	6	0.0	1	6
177	14	0.0	1	14
178	12	0.0	1	12
179	10	0.0	1	10
180	9	0.0	1	9
181	4	0.0	1	4
182	6	0.0	1	6
183	12	0.0	1	12
184	15	0.0	1	13 2
185	8	0.0	1	8
186	11	0.0	1	10 1
187	17	0.0	1	17
188	8	0.0	1	8
189	14	0.0	1	13 1
190	11	0.0	1	10 1
191	15	0.0	1	15
192	9	0.0	1	9
193	15	0.0	1	14 1
194	17	0.0	1	17
195	24	0.0	1	22 2
196	26	0.0	1	26
197	21	0.0	1	21
198	30	0.0	1	28 2
199	26	0.0	1	26
200	19	0.0	1	19
201	13	0.0	1	11 2
202	15	0.0	1	14 1
203	10	0.0	1	9 1
204	26	0.0	1	26
205	16	0.0	1	14 2
206	16	0.0	1	16
207	20	0.0	1	20
208	23	0.0	1	23
209	18	0.0	1	18
210	24	0.0	1	24
211	33	0.0	1	29 4
212	32	0.0	1	32
213	19	0.0	1	18 1
214	27	0.0	1	25 2
215	22	0.0	1	21 1
216	26	0.0	1	26
217	24	0.0	1	24
218	27	0.0	1	27
219	36	0.0	1	34 2
220	35	0.0	1	34 1
221	25	0.0	1	24 1
222	20	0.0	1	20
223	24	0.0	1	21 3
224	25	0.0	1	25
225	20	0.0	1	20
226	33	0.0	1	31 2
227	44	0.0	1	42 2
228	47	0.0	1	47
229	26	0.0	1	25 1
230	38	0.0	1	37 1
231	27	0.0	1	26 1
232	33	0.0	1	33
233	44	0.0	1	42 2
234	41	0.0	1	41
235	32	0.0	1	32
236	38	0.0	1	37 1
237	50	0.0	1	48 2
238	68	0.0	1	67 1
239	92	0.0	1	90 2
240	103	0.0	1	99 4
241	53	0.0	1	51 2
242	28	0.0	1	28
243	24	0.0	1	23 1
244	38	0.0	1	38
245	26	0.0	1	25 1
246	51	0.0	1	50 1
247	64	0.0	1	56 8
248	57	0.0	1	52 5
249	46	0.0	1	45 1
250	38	0.0	1	37 1
251	73	0.0	1	73
252	73	0.0	1	69 4
253	107	0.0	1	104 3
254	53	0.0	1	51 2
255	35	0.0	1	35
256	52	0.0	1	51 1
257	66	0.0	1	65 1
258	67	0.0	1	66 1
259	36	0.0	1	35 1
260	59	0.0	1	58 1
261	56	0.0	1	52 4
262	53	0.0	1	52 1
263	132	0.0	1	128 4
264	114	0.0	1	111 3
265	87	0.0	1	83 4
266	153	0.0	1	149 4
267	168	0.0	1	164 4
268	161	0.0	1	154 7
269	116	0.0	1	110 6
270	113	0.0	1	113
271	138	0.0	1	133 5
272	170	0.0	1	166 4
273	98	0.0	1	96 2
274	158	0.0	1	155 3
275	82	0.0	1	78 4
276	73	0.0	1	72 1
277	102	0.0	1	97 5
278	107	0.0	1	106 1
279	108	0.0	1	105 3
280	95	0.0	1	92 3
281	133	0.0	1	128 5
282	114	0.0	1	108 6
283	135	0.0	1	130 5
284	157	0.0	1	150 7
285	182	0.0	1	177 5
286	152	0.0	1	145 7
287	133	0.0	1	127 6
288	111	0.0	1	104 7
289	235	0.0	1	230 5
290	167	0.0	1	160 7
291	175	0.0	1	173 2
292	148	0.0	1	143 5
293	139	0.0	1	133 6
294	150	0.0	1	148 2
295	123	0.0	1	115 8
296	122	0.0	1	117 5
297	39	0.0	1	37 2
298	1	0.0	1	1
299	3	0.0	1	3
300	6185	0.0	1	5977 208


=== Second read: Adapter 2 ===

Sequence: GACTACHVGGGTATCTAATCC; Type: regular 3'; Length: 21; Trimmed: 14532 times.

No. of allowed errors:
0-9 bp: 0; 10-19 bp: 1; 20-21 bp: 2

Bases preceding removed adapters:
  A: 0.0%
  C: 0.0%
  G: 0.0%
  T: 0.0%
  none/other: 100.0%

Overview of removed sequences
length	count	expect	max.err	error counts
3	1	227.4	0	1
4	1	56.9	0	1
50	6	0.0	2	6
52	1	0.0	2	1
54	5	0.0	2	4 1
55	7	0.0	2	6 0 1
56	17	0.0	2	16 1
57	25	0.0	2	24 0 1
58	9	0.0	2	9
59	8	0.0	2	7 1
60	11	0.0	2	10 1
61	2	0.0	2	2
63	2	0.0	2	1 1
64	3	0.0	2	3
65	2	0.0	2	2
66	2	0.0	2	1 1
67	21	0.0	2	20 1
68	17	0.0	2	17
69	11	0.0	2	11
70	8	0.0	2	8
71	3	0.0	2	3
73	2	0.0	2	2
74	4	0.0	2	4
75	5	0.0	2	5
76	1	0.0	2	1
79	1	0.0	2	1
81	3	0.0	2	3
82	1	0.0	2	0 0 1
83	3	0.0	2	2 1
84	2	0.0	2	1 1
85	4	0.0	2	3 0 1
86	8	0.0	2	6 1 1
87	3	0.0	2	3
88	2	0.0	2	1 1
91	1	0.0	2	1
93	6	0.0	2	5 1
94	8	0.0	2	8
95	7	0.0	2	7
96	7	0.0	2	6 1
97	5	0.0	2	4 1
98	4	0.0	2	4
99	3	0.0	2	3
100	3	0.0	2	3
101	3	0.0	2	2 1
102	2	0.0	2	2
103	1	0.0	2	1
104	4	0.0	2	4
106	4	0.0	2	3 1
109	5	0.0	2	4 1
117	1	0.0	2	0 1
118	1	0.0	2	1
119	3	0.0	2	3
120	1	0.0	2	0 1
121	3	0.0	2	3
123	4	0.0	2	4
124	6	0.0	2	6
125	4	0.0	2	3 1
126	10	0.0	2	10
127	7	0.0	2	6 1
128	2	0.0	2	2
129	2	0.0	2	2
130	3	0.0	2	3
132	2	0.0	2	1 1
133	26	0.0	2	23 2 1
134	47	0.0	2	46 0 1
135	24	0.0	2	23 0 1
136	18	0.0	2	15 2 1
137	5	0.0	2	5
139	3	0.0	2	2 1
140	5	0.0	2	4 1
141	4	0.0	2	3 1
142	3	0.0	2	1 2
143	13	0.0	2	12 1
144	13	0.0	2	11 1 1
145	27	0.0	2	27
146	22	0.0	2	20 2
147	14	0.0	2	13 1
148	6	0.0	2	5 1
149	4	0.0	2	3 1
150	4	0.0	2	4
151	9	0.0	2	8 1
152	7	0.0	2	6 1
153	8	0.0	2	8
154	12	0.0	2	10 2
155	23	0.0	2	22 1
156	60	0.0	2	58 1 1
157	37	0.0	2	35 2
158	27	0.0	2	26 1
159	15	0.0	2	14 1
160	6	0.0	2	5 1
161	5	0.0	2	5
162	10	0.0	2	10
163	4	0.0	2	2 2
164	12	0.0	2	11 1
165	13	0.0	2	12 1
166	14	0.0	2	13 1
167	27	0.0	2	27
168	20	0.0	2	20
169	30	0.0	2	29 1
170	25	0.0	2	24 1
171	28	0.0	2	27 1
172	21	0.0	2	19 2
173	35	0.0	2	34 1
174	35	0.0	2	31 4
175	24	0.0	2	24
176	40	0.0	2	39 1
177	28	0.0	2	27 0 1
178	20	0.0	2	18 2
179	31	0.0	2	30 1
180	32	0.0	2	32
181	13	0.0	2	12 1
182	10	0.0	2	7 3
183	12	0.0	2	12
184	11	0.0	2	10 0 1
185	23	0.0	2	23
186	23	0.0	2	23
187	10	0.0	2	10
188	6	0.0	2	6
189	13	0.0	2	13
190	51	0.0	2	48 3
191	54	0.0	2	53 1
192	67	0.0	2	63 3 1
193	83	0.0	2	79 4
194	87	0.0	2	80 6 1
195	80	0.0	2	74 5 1
196	16	0.0	2	16
197	15	0.0	2	14 1
198	17	0.0	2	16 1
199	39	0.0	2	37 2
200	45	0.0	2	43 2
201	36	0.0	2	30 6
202	75	0.0	2	70 5
203	115	0.0	2	111 4
204	61	0.0	2	59 2
205	100	0.0	2	95 4 1
206	75	0.0	2	66 7 2
207	91	0.0	2	89 2
208	37	0.0	2	35 2
209	82	0.0	2	78 3 1
210	63	0.0	2	58 5
211	107	0.0	2	101 6
212	89	0.0	2	83 6
213	97	0.0	2	90 7
214	103	0.0	2	95 8
215	57	0.0	2	56 1
216	39	0.0	2	34 5
217	32	0.0	2	29 1 2
218	9	0.0	2	6 2 1
219	93	0.0	2	90 3
220	39	0.0	2	34 5
221	41	0.0	2	31 9 1
222	127	0.0	2	122 5
223	201	0.0	2	190 11
224	102	0.0	2	97 5
225	204	0.0	2	198 6
226	199	0.0	2	192 7
227	274	0.0	2	264 9 1
228	81	0.0	2	78 3
229	188	0.0	2	180 7 1
230	62	0.0	2	55 5 2
231	70	0.0	2	65 4 1
232	37	0.0	2	37
233	81	0.0	2	73 7 1
234	161	0.0	2	155 6
235	46	0.0	2	43 2 1
236	30	0.0	2	26 3 1
237	4	0.0	2	4
238	5	0.0	2	5
239	16	0.0	2	9 5 2
240	200	0.0	2	185 14 1
241	374	0.0	2	361 13
242	282	0.0	2	272 10
243	257	0.0	2	253 4
244	133	0.0	2	122 10 1
245	85	0.0	2	77 7 1
246	48	0.0	2	46 1 1
247	31	0.0	2	27 4
248	19	0.0	2	16 2 1
249	161	0.0	2	157 4
250	397	0.0	2	381 16
251	421	0.0	2	414 7
252	138	0.0	2	135 3
253	55	0.0	2	52 2 1
254	124	0.0	2	119 5
255	82	0.0	2	71 11
256	247	0.0	2	235 12
257	165	0.0	2	158 6 1
258	194	0.0	2	186 5 3
259	173	0.0	2	167 6
260	161	0.0	2	159 2
261	109	0.0	2	106 3
262	123	0.0	2	120 3
263	85	0.0	2	84 1
264	37	0.0	2	37
265	48	0.0	2	44 3 1
266	217	0.0	2	210 7
267	203	0.0	2	197 6
268	143	0.0	2	134 9
269	185	0.0	2	181 3 1
270	148	0.0	2	143 5
271	213	0.0	2	205 8
272	44	0.0	2	41 1 2
273	32	0.0	2	31 1
274	73	0.0	2	71 2
275	15	0.0	2	14 0 1
276	30	0.0	2	27 3
277	299	0.0	2	292 7
278	136	0.0	2	134 2
279	166	0.0	2	160 6
280	210	0.0	2	203 7
281	89	0.0	2	88 1
282	133	0.0	2	128 5
283	92	0.0	2	90 2
284	73	0.0	2	69 4
285	94	0.0	2	92 1 1
286	34	0.0	2	32 2
287	136	0.0	2	133 2 1
288	25	0.0	2	23 2
289	257	0.0	2	251 6
290	29	0.0	2	27 2
291	171	0.0	2	168 3
292	164	0.0	2	159 5
293	127	0.0	2	125 2
294	48	0.0	2	46 2
295	9	0.0	2	9
296	4	0.0	2	4
297	7	0.0	2	6 1
300	1564	0.0	2	1523 40 1
