This is cutadapt 2.6 with Python 3.7.16
Command line parameters: -a CCTACGGGNGGCWGCAG -A GACTACHVGGGTATCTAATCC -o trimmed_reads/Bact-55_S53_R1_trimmed.fastq.gz -p trimmed_reads/Bact-55_S53_R2_trimmed.fastq.gz clean_reads/Bact-55_S53_R1_clean.fastq.gz clean_reads/Bact-55_S53_R2_clean.fastq.gz
Processing reads on 1 core in paired-end mode ...
Finished in 1.23 s (32 us/read; 1.88 M reads/minute).

=== Summary ===

Total read pairs processed:             38,571
  Read 1 with adapter:                  38,482 (99.8%)
  Read 2 with adapter:                  38,519 (99.9%)
Pairs written (passing filters):        38,571 (100.0%)

Total basepairs processed:    19,711,917 bp
  Read 1:    10,488,142 bp
  Read 2:     9,223,775 bp
Total written (filtered):         33,263 bp (0.2%)
  Read 1:        24,076 bp
  Read 2:         9,187 bp

=== First read: Adapter 1 ===

Sequence: CCTACGGGNGGCWGCAG; Type: regular 3'; Length: 17; Trimmed: 38482 times.

No. of allowed errors:
0-9 bp: 0; 10-16 bp: 1

Bases preceding removed adapters:
  A: 0.0%
  C: 0.0%
  G: 0.0%
  T: 0.0%
  none/other: 99.9%

Overview of removed sequences
length	count	expect	max.err	error counts
37	1	0.0	1	0 1
50	24	0.0	1	23 1
51	13	0.0	1	13
52	8	0.0	1	8
53	6	0.0	1	6
54	5	0.0	1	5
55	12	0.0	1	12
56	1	0.0	1	1
57	7	0.0	1	7
58	2	0.0	1	2
59	6	0.0	1	6
60	10	0.0	1	10
61	2	0.0	1	2
62	4	0.0	1	4
63	5	0.0	1	5
64	2	0.0	1	2
65	8	0.0	1	7 1
66	7	0.0	1	7
67	25	0.0	1	24 1
68	12	0.0	1	10 2
69	7	0.0	1	7
70	7	0.0	1	6 1
71	3	0.0	1	3
72	3	0.0	1	3
73	6	0.0	1	6
74	11	0.0	1	11
75	3	0.0	1	3
76	16	0.0	1	16
77	13	0.0	1	13
78	22	0.0	1	21 1
79	10	0.0	1	9 1
80	9	0.0	1	8 1
81	9	0.0	1	9
82	7	0.0	1	6 1
83	5	0.0	1	5
84	7	0.0	1	7
85	13	0.0	1	13
86	11	0.0	1	11
87	31	0.0	1	29 2
88	8	0.0	1	8
89	1	0.0	1	1
90	1	0.0	1	1
91	5	0.0	1	5
92	15	0.0	1	15
93	23	0.0	1	23
94	15	0.0	1	15
95	7	0.0	1	7
96	11	0.0	1	11
97	13	0.0	1	13
98	10	0.0	1	10
99	30	0.0	1	28 2
100	46	0.0	1	46
101	36	0.0	1	36
102	16	0.0	1	16
103	14	0.0	1	14
104	8	0.0	1	8
105	13	0.0	1	12 1
106	10	0.0	1	10
107	8	0.0	1	8
108	11	0.0	1	11
109	9	0.0	1	9
110	7	0.0	1	7
111	30	0.0	1	30
112	46	0.0	1	45 1
113	56	0.0	1	56
114	50	0.0	1	48 2
115	39	0.0	1	38 1
116	39	0.0	1	38 1
117	46	0.0	1	46
118	29	0.0	1	28 1
119	25	0.0	1	25
120	25	0.0	1	25
121	25	0.0	1	25
122	21	0.0	1	21
123	27	0.0	1	27
124	27	0.0	1	27
125	27	0.0	1	27
126	28	0.0	1	26 2
127	22	0.0	1	22
128	59	0.0	1	57 2
129	28	0.0	1	25 3
130	17	0.0	1	17
131	26	0.0	1	26
132	21	0.0	1	20 1
133	12	0.0	1	12
134	16	0.0	1	16
135	20	0.0	1	17 3
136	17	0.0	1	17
137	18	0.0	1	18
138	10	0.0	1	9 1
139	15	0.0	1	15
140	20	0.0	1	20
141	11	0.0	1	11
142	9	0.0	1	9
143	18	0.0	1	18
144	16	0.0	1	16
145	21	0.0	1	20 1
146	35	0.0	1	33 2
147	25	0.0	1	24 1
148	20	0.0	1	20
149	18	0.0	1	18
150	27	0.0	1	27
151	14	0.0	1	14
152	13	0.0	1	13
153	14	0.0	1	14
154	15	0.0	1	15
155	21	0.0	1	21
156	11	0.0	1	10 1
157	8	0.0	1	8
158	13	0.0	1	12 1
159	15	0.0	1	14 1
160	14	0.0	1	14
161	15	0.0	1	15
162	13	0.0	1	13
163	22	0.0	1	21 1
164	11	0.0	1	10 1
165	30	0.0	1	28 2
166	19	0.0	1	18 1
167	14	0.0	1	14
168	20	0.0	1	20
169	33	0.0	1	32 1
170	29	0.0	1	27 2
171	21	0.0	1	20 1
172	48	0.0	1	45 3
173	45	0.0	1	43 2
174	29	0.0	1	29
175	45	0.0	1	45
176	24	0.0	1	22 2
177	20	0.0	1	20
178	15	0.0	1	15
179	24	0.0	1	24
180	26	0.0	1	26
181	26	0.0	1	26
182	38	0.0	1	37 1
183	29	0.0	1	29
184	15	0.0	1	14 1
185	34	0.0	1	32 2
186	28	0.0	1	27 1
187	27	0.0	1	25 2
188	23	0.0	1	23
189	29	0.0	1	29
190	32	0.0	1	31 1
191	26	0.0	1	26
192	15	0.0	1	15
193	36	0.0	1	35 1
194	40	0.0	1	38 2
195	48	0.0	1	45 3
196	58	0.0	1	57 1
197	53	0.0	1	51 2
198	51	0.0	1	50 1
199	69	0.0	1	68 1
200	50	0.0	1	47 3
201	51	0.0	1	48 3
202	33	0.0	1	33
203	40	0.0	1	39 1
204	32	0.0	1	32
205	32	0.0	1	31 1
206	43	0.0	1	40 3
207	35	0.0	1	35
208	50	0.0	1	50
209	57	0.0	1	57
210	49	0.0	1	48 1
211	55	0.0	1	53 2
212	63	0.0	1	62 1
213	44	0.0	1	43 1
214	54	0.0	1	53 1
215	56	0.0	1	56
216	45	0.0	1	40 5
217	74	0.0	1	72 2
218	71	0.0	1	70 1
219	100	0.0	1	96 4
220	55	0.0	1	55
221	62	0.0	1	60 2
222	56	0.0	1	56
223	64	0.0	1	63 1
224	59	0.0	1	59
225	60	0.0	1	59 1
226	55	0.0	1	52 3
227	104	0.0	1	102 2
228	100	0.0	1	99 1
229	79	0.0	1	77 2
230	115	0.0	1	112 3
231	97	0.0	1	91 6
232	73	0.0	1	72 1
233	69	0.0	1	68 1
234	100	0.0	1	97 3
235	93	0.0	1	93
236	101	0.0	1	98 3
237	124	0.0	1	119 5
238	135	0.0	1	127 8
239	191	0.0	1	185 6
240	279	0.0	1	266 13
241	98	0.0	1	94 4
242	63	0.0	1	62 1
243	58	0.0	1	54 4
244	80	0.0	1	80
245	51	0.0	1	50 1
246	111	0.0	1	108 3
247	170	0.0	1	167 3
248	128	0.0	1	126 2
249	107	0.0	1	104 3
250	110	0.0	1	106 4
251	156	0.0	1	149 7
252	204	0.0	1	198 6
253	296	0.0	1	291 5
254	123	0.0	1	118 5
255	76	0.0	1	75 1
256	118	0.0	1	114 4
257	191	0.0	1	185 6
258	170	0.0	1	164 6
259	120	0.0	1	114 6
260	178	0.0	1	173 5
261	168	0.0	1	159 9
262	208	0.0	1	199 9
263	296	0.0	1	285 11
264	282	0.0	1	272 10
265	237	0.0	1	227 10
266	327	0.0	1	315 12
267	499	0.0	1	485 14
268	378	0.0	1	367 11
269	329	0.0	1	319 10
270	264	0.0	1	251 13
271	363	0.0	1	349 14
272	382	0.0	1	368 14
273	280	0.0	1	267 13
274	354	0.0	1	345 9
275	231	0.0	1	227 4
276	170	0.0	1	162 8
277	259	0.0	1	247 12
278	206	0.0	1	201 5
279	285	0.0	1	278 7
280	249	0.0	1	244 5
281	364	0.0	1	351 13
282	313	0.0	1	301 12
283	299	0.0	1	292 7
284	370	0.0	1	366 4
285	406	0.0	1	391 15
286	381	0.0	1	369 12
287	366	0.0	1	351 15
288	267	0.0	1	261 6
289	609	0.0	1	579 30
290	439	0.0	1	424 15
291	388	0.0	1	378 10
292	421	0.0	1	409 12
293	337	0.0	1	323 14
294	419	0.0	1	402 17
295	324	0.0	1	310 14
296	321	0.0	1	308 13
297	106	0.0	1	104 2
298	9	0.0	1	9
299	13	0.0	1	10 3
300	17821	0.0	1	17285 536


=== Second read: Adapter 2 ===

Sequence: GACTACHVGGGTATCTAATCC; Type: regular 3'; Length: 21; Trimmed: 38519 times.

No. of allowed errors:
0-9 bp: 0; 10-19 bp: 1; 20-21 bp: 2

Bases preceding removed adapters:
  A: 0.0%
  C: 0.0%
  G: 0.0%
  T: 0.0%
  none/other: 100.0%

Overview of removed sequences
length	count	expect	max.err	error counts
50	14	0.0	2	7 5 2
51	7	0.0	2	4 2 1
52	3	0.0	2	2 1
53	4	0.0	2	3 1
54	12	0.0	2	9 2 1
55	15	0.0	2	10 5
56	59	0.0	2	57 2
57	57	0.0	2	55 2
58	51	0.0	2	49 2
59	34	0.0	2	33 1
60	15	0.0	2	15
61	10	0.0	2	10
62	4	0.0	2	4
63	2	0.0	2	1 1
64	4	0.0	2	4
65	5	0.0	2	4 1
66	6	0.0	2	5 1
67	36	0.0	2	35 1
68	38	0.0	2	36 2
69	35	0.0	2	35
70	19	0.0	2	18 1
71	9	0.0	2	7 1 1
72	3	0.0	2	3
73	3	0.0	2	2 1
74	4	0.0	2	3 1
75	7	0.0	2	5 2
76	5	0.0	2	4 1
77	3	0.0	2	2 1
78	3	0.0	2	3
79	5	0.0	2	3 2
80	1	0.0	2	1
81	7	0.0	2	7
82	5	0.0	2	5
83	10	0.0	2	9 1
84	3	0.0	2	3
85	7	0.0	2	7
86	6	0.0	2	4 2
87	5	0.0	2	5
88	4	0.0	2	3 1
89	4	0.0	2	4
90	2	0.0	2	2
91	4	0.0	2	3 1
92	12	0.0	2	12
93	21	0.0	2	21
94	21	0.0	2	20 1
95	11	0.0	2	8 2 1
96	4	0.0	2	3 1
97	5	0.0	2	5
98	9	0.0	2	5 4
99	14	0.0	2	10 3 1
100	4	0.0	2	3 1
101	9	0.0	2	8 1
102	5	0.0	2	4 1
103	5	0.0	2	2 3
104	7	0.0	2	6 1
105	4	0.0	2	3 1
106	2	0.0	2	1 0 1
107	3	0.0	2	2 1
108	2	0.0	2	1 1
109	3	0.0	2	2 1
110	4	0.0	2	4
111	7	0.0	2	6 1
112	1	0.0	2	1
113	1	0.0	2	1
114	2	0.0	2	2
115	3	0.0	2	2 1
116	8	0.0	2	6 2
117	9	0.0	2	8 0 1
118	8	0.0	2	8
119	6	0.0	2	6
120	8	0.0	2	5 2 1
121	7	0.0	2	7
122	8	0.0	2	7 0 1
123	11	0.0	2	11
124	9	0.0	2	8 1
125	19	0.0	2	19
126	24	0.0	2	23 1
127	14	0.0	2	13 1
128	13	0.0	2	12 1
129	2	0.0	2	1 1
130	6	0.0	2	6
131	4	0.0	2	2 2
132	7	0.0	2	5 2
133	78	0.0	2	72 6
134	120	0.0	2	118 1 1
135	91	0.0	2	88 3
136	41	0.0	2	39 2
137	6	0.0	2	5 0 1
138	2	0.0	2	2
139	5	0.0	2	4 1
140	30	0.0	2	27 3
141	12	0.0	2	10 2
142	22	0.0	2	20 2
143	49	0.0	2	48 1
144	50	0.0	2	47 3
145	74	0.0	2	71 3
146	41	0.0	2	40 1
147	53	0.0	2	48 4 1
148	23	0.0	2	23
149	17	0.0	2	15 2
150	17	0.0	2	17
151	14	0.0	2	13 1
152	24	0.0	2	22 1 1
153	20	0.0	2	19 1
154	34	0.0	2	32 1 1
155	75	0.0	2	74 1
156	154	0.0	2	145 9
157	96	0.0	2	92 4
158	100	0.0	2	96 4
159	51	0.0	2	50 1
160	24	0.0	2	23 1
161	22	0.0	2	19 3
162	34	0.0	2	34
163	18	0.0	2	18
164	42	0.0	2	41 1
165	42	0.0	2	41 1
166	43	0.0	2	42 1
167	95	0.0	2	89 6
168	70	0.0	2	65 3 2
169	110	0.0	2	103 7
170	57	0.0	2	52 5
171	77	0.0	2	75 2
172	60	0.0	2	60
173	106	0.0	2	100 6
174	91	0.0	2	86 4 1
175	79	0.0	2	76 2 1
176	81	0.0	2	76 5
177	72	0.0	2	71 1
178	92	0.0	2	88 3 1
179	93	0.0	2	90 3
180	109	0.0	2	104 5
181	27	0.0	2	25 2
182	32	0.0	2	28 3 1
183	41	0.0	2	37 4
184	46	0.0	2	44 1 1
185	75	0.0	2	72 3
186	92	0.0	2	88 4
187	43	0.0	2	42 1
188	19	0.0	2	19
189	55	0.0	2	51 4
190	145	0.0	2	142 3
191	164	0.0	2	155 8 1
192	170	0.0	2	157 11 2
193	274	0.0	2	260 13 1
194	255	0.0	2	245 10
195	218	0.0	2	207 11
196	74	0.0	2	68 3 3
197	44	0.0	2	43 1
198	50	0.0	2	45 4 1
199	110	0.0	2	100 9 1
200	186	0.0	2	178 8
201	89	0.0	2	80 6 3
202	216	0.0	2	207 9
203	337	0.0	2	322 14 1
204	170	0.0	2	162 8
205	286	0.0	2	275 10 1
206	194	0.0	2	185 8 1
207	253	0.0	2	242 11
208	106	0.0	2	91 15
209	186	0.0	2	177 8 1
210	150	0.0	2	144 4 2
211	343	0.0	2	326 16 1
212	288	0.0	2	280 8
213	311	0.0	2	300 10 1
214	256	0.0	2	249 6 1
215	153	0.0	2	144 9
216	155	0.0	2	141 13 1
217	54	0.0	2	54
218	35	0.0	2	26 9
219	232	0.0	2	222 10
220	124	0.0	2	118 3 3
221	110	0.0	2	91 16 3
222	418	0.0	2	396 21 1
223	600	0.0	2	582 17 1
224	263	0.0	2	245 18
225	637	0.0	2	622 14 1
226	585	0.0	2	559 25 1
227	817	0.0	2	794 21 2
228	230	0.0	2	209 20 1
229	530	0.0	2	519 10 1
230	199	0.0	2	174 22 3
231	175	0.0	2	167 8
232	107	0.0	2	105 2
233	220	0.0	2	209 10 1
234	461	0.0	2	452 8 1
235	122	0.0	2	116 6
236	59	0.0	2	58 1
237	14	0.0	2	12 2
238	11	0.0	2	10 1
239	39	0.0	2	25 14
240	666	0.0	2	637 26 3
241	1275	0.0	2	1242 29 4
242	787	0.0	2	765 18 4
243	738	0.0	2	718 20
244	369	0.0	2	358 10 1
245	200	0.0	2	194 6
246	97	0.0	2	95 1 1
247	70	0.0	2	64 6
248	95	0.0	2	89 6
249	544	0.0	2	523 19 2
250	1164	0.0	2	1112 51 1
251	1211	0.0	2	1183 28
252	359	0.0	2	349 9 1
253	122	0.0	2	116 6
254	312	0.0	2	305 6 1
255	162	0.0	2	156 6
256	781	0.0	2	755 26
257	408	0.0	2	391 15 2
258	505	0.0	2	492 13
259	471	0.0	2	456 15
260	520	0.0	2	506 12 2
261	280	0.0	2	274 6
262	337	0.0	2	329 8
263	216	0.0	2	202 12 2
264	82	0.0	2	80 2
265	137	0.0	2	130 7
266	520	0.0	2	510 10
267	588	0.0	2	579 8 1
268	480	0.0	2	471 9
269	519	0.0	2	505 14
270	611	0.0	2	592 19
271	547	0.0	2	536 10 1
272	106	0.0	2	102 2 2
273	71	0.0	2	66 5
274	156	0.0	2	154 2
275	34	0.0	2	34
276	63	0.0	2	58 4 1
277	730	0.0	2	714 16
278	302	0.0	2	293 8 1
279	399	0.0	2	390 9
280	552	0.0	2	540 12
281	183	0.0	2	179 4
282	355	0.0	2	350 5
283	215	0.0	2	214 1
284	143	0.0	2	140 3
285	174	0.0	2	167 6 1
286	103	0.0	2	102 1
287	265	0.0	2	258 7
288	52	0.0	2	49 3
289	520	0.0	2	508 12
290	38	0.0	2	38
291	340	0.0	2	333 7
292	342	0.0	2	335 7
293	265	0.0	2	260 5
294	72	0.0	2	72
295	29	0.0	2	28 1
296	4	0.0	2	4
297	14	0.0	2	14
300	2596	0.0	2	2545 51
