This is cutadapt 2.6 with Python 3.7.16
Command line parameters: -a CCTACGGGNGGCWGCAG -A GACTACHVGGGTATCTAATCC -o trimmed_reads/Bact-23_S22_R1_trimmed.fastq.gz -p trimmed_reads/Bact-23_S22_R2_trimmed.fastq.gz clean_reads/Bact-23_S22_R1_clean.fastq.gz clean_reads/Bact-23_S22_R2_clean.fastq.gz
Processing reads on 1 core in paired-end mode ...
Finished in 0.71 s (40 us/read; 1.50 M reads/minute).

=== Summary ===

Total read pairs processed:             17,815
  Read 1 with adapter:                  17,779 (99.8%)
  Read 2 with adapter:                  17,790 (99.9%)
Pairs written (passing filters):        17,815 (100.0%)

Total basepairs processed:     8,882,174 bp
  Read 1:     4,689,516 bp
  Read 2:     4,192,658 bp
Total written (filtered):         14,575 bp (0.2%)
  Read 1:         9,870 bp
  Read 2:         4,705 bp

=== First read: Adapter 1 ===

Sequence: CCTACGGGNGGCWGCAG; Type: regular 3'; Length: 17; Trimmed: 17779 times.

No. of allowed errors:
0-9 bp: 0; 10-16 bp: 1

Bases preceding removed adapters:
  A: 0.0%
  C: 0.0%
  G: 0.0%
  T: 0.0%
  none/other: 100.0%

Overview of removed sequences
length	count	expect	max.err	error counts
50	8	0.0	1	8
51	9	0.0	1	9
52	3	0.0	1	3
53	1	0.0	1	1
54	4	0.0	1	3 1
55	5	0.0	1	5
57	6	0.0	1	3 3
59	3	0.0	1	3
60	4	0.0	1	3 1
61	1	0.0	1	1
62	3	0.0	1	3
63	3	0.0	1	3
64	4	0.0	1	4
65	1	0.0	1	1
66	9	0.0	1	9
67	12	0.0	1	12
68	3	0.0	1	3
69	14	0.0	1	14
70	6	0.0	1	5 1
71	3	0.0	1	3
72	1	0.0	1	1
73	7	0.0	1	6 1
74	12	0.0	1	12
75	6	0.0	1	5 1
76	7	0.0	1	7
77	10	0.0	1	10
78	11	0.0	1	11
79	6	0.0	1	5 1
80	7	0.0	1	7
81	2	0.0	1	2
82	4	0.0	1	4
83	1	0.0	1	1
84	9	0.0	1	9
85	3	0.0	1	3
86	7	0.0	1	7
87	9	0.0	1	7 2
88	3	0.0	1	3
89	1	0.0	1	0 1
91	1	0.0	1	1
92	14	0.0	1	14
93	10	0.0	1	10
94	9	0.0	1	9
95	8	0.0	1	8
96	11	0.0	1	11
97	6	0.0	1	6
98	4	0.0	1	4
99	25	0.0	1	25
100	20	0.0	1	20
101	24	0.0	1	23 1
102	10	0.0	1	10
103	5	0.0	1	5
104	7	0.0	1	7
105	3	0.0	1	3
106	1	0.0	1	1
107	4	0.0	1	4
108	8	0.0	1	6 2
109	3	0.0	1	3
110	1	0.0	1	1
111	16	0.0	1	15 1
112	46	0.0	1	45 1
113	27	0.0	1	27
114	30	0.0	1	28 2
115	20	0.0	1	19 1
116	32	0.0	1	31 1
117	37	0.0	1	35 2
118	21	0.0	1	18 3
119	12	0.0	1	11 1
120	19	0.0	1	18 1
121	14	0.0	1	14
122	15	0.0	1	15
123	20	0.0	1	20
124	14	0.0	1	14
125	15	0.0	1	15
126	24	0.0	1	23 1
127	20	0.0	1	19 1
128	31	0.0	1	30 1
129	6	0.0	1	6
130	8	0.0	1	8
131	6	0.0	1	6
132	12	0.0	1	10 2
133	10	0.0	1	10
134	8	0.0	1	7 1
135	14	0.0	1	14
136	18	0.0	1	18
137	13	0.0	1	12 1
138	7	0.0	1	7
139	6	0.0	1	6
140	9	0.0	1	9
141	3	0.0	1	3
142	11	0.0	1	11
143	8	0.0	1	6 2
144	7	0.0	1	7
145	8	0.0	1	8
146	10	0.0	1	10
147	17	0.0	1	17
148	4	0.0	1	4
149	16	0.0	1	16
150	9	0.0	1	9
151	12	0.0	1	12
152	4	0.0	1	4
153	8	0.0	1	7 1
154	2	0.0	1	2
155	11	0.0	1	10 1
156	14	0.0	1	14
157	8	0.0	1	8
158	11	0.0	1	11
159	6	0.0	1	5 1
160	11	0.0	1	11
161	8	0.0	1	8
162	12	0.0	1	12
163	23	0.0	1	21 2
164	4	0.0	1	4
165	17	0.0	1	17
166	10	0.0	1	10
167	9	0.0	1	7 2
168	12	0.0	1	12
169	9	0.0	1	9
170	19	0.0	1	18 1
171	16	0.0	1	13 3
172	46	0.0	1	43 3
173	26	0.0	1	25 1
174	18	0.0	1	17 1
175	21	0.0	1	20 1
176	7	0.0	1	7
177	14	0.0	1	14
178	4	0.0	1	4
179	15	0.0	1	15
180	13	0.0	1	13
181	13	0.0	1	12 1
182	12	0.0	1	12
183	16	0.0	1	16
184	13	0.0	1	12 1
185	8	0.0	1	7 1
186	23	0.0	1	22 1
187	18	0.0	1	17 1
188	7	0.0	1	7
189	9	0.0	1	9
190	22	0.0	1	21 1
191	24	0.0	1	23 1
192	20	0.0	1	19 1
193	25	0.0	1	25
194	22	0.0	1	21 1
195	15	0.0	1	15
196	19	0.0	1	19
197	24	0.0	1	24
198	41	0.0	1	39 2
199	41	0.0	1	40 1
200	37	0.0	1	35 2
201	39	0.0	1	39
202	18	0.0	1	18
203	16	0.0	1	16
204	20	0.0	1	20
205	18	0.0	1	17 1
206	21	0.0	1	20 1
207	28	0.0	1	28
208	27	0.0	1	26 1
209	31	0.0	1	30 1
210	52	0.0	1	49 3
211	46	0.0	1	42 4
212	47	0.0	1	46 1
213	37	0.0	1	35 2
214	34	0.0	1	33 1
215	33	0.0	1	33
216	33	0.0	1	32 1
217	36	0.0	1	36
218	59	0.0	1	56 3
219	59	0.0	1	57 2
220	19	0.0	1	19
221	26	0.0	1	24 2
222	35	0.0	1	35
223	40	0.0	1	40
224	55	0.0	1	53 2
225	32	0.0	1	32
226	46	0.0	1	45 1
227	44	0.0	1	38 6
228	67	0.0	1	65 2
229	47	0.0	1	44 3
230	92	0.0	1	89 3
231	56	0.0	1	53 3
232	45	0.0	1	43 2
233	79	0.0	1	73 6
234	61	0.0	1	58 3
235	63	0.0	1	60 3
236	59	0.0	1	57 2
237	90	0.0	1	84 6
238	97	0.0	1	95 2
239	151	0.0	1	148 3
240	168	0.0	1	166 2
241	89	0.0	1	81 8
242	60	0.0	1	57 3
243	27	0.0	1	26 1
244	54	0.0	1	54
245	44	0.0	1	43 1
246	74	0.0	1	72 2
247	82	0.0	1	77 5
248	75	0.0	1	72 3
249	70	0.0	1	68 2
250	78	0.0	1	75 3
251	113	0.0	1	111 2
252	111	0.0	1	108 3
253	171	0.0	1	165 6
254	76	0.0	1	76
255	56	0.0	1	54 2
256	62	0.0	1	59 3
257	162	0.0	1	159 3
258	133	0.0	1	130 3
259	89	0.0	1	82 7
260	109	0.0	1	104 5
261	101	0.0	1	99 2
262	110	0.0	1	104 6
263	157	0.0	1	152 5
264	189	0.0	1	184 5
265	128	0.0	1	124 4
266	210	0.0	1	203 7
267	211	0.0	1	205 6
268	203	0.0	1	197 6
269	166	0.0	1	161 5
270	148	0.0	1	144 4
271	202	0.0	1	191 11
272	215	0.0	1	207 8
273	139	0.0	1	131 8
274	177	0.0	1	173 4
275	114	0.0	1	109 5
276	120	0.0	1	113 7
277	164	0.0	1	157 7
278	164	0.0	1	161 3
279	217	0.0	1	210 7
280	130	0.0	1	126 4
281	243	0.0	1	236 7
282	145	0.0	1	137 8
283	185	0.0	1	180 5
284	183	0.0	1	175 8
285	222	0.0	1	213 9
286	212	0.0	1	198 14
287	229	0.0	1	214 15
288	139	0.0	1	131 8
289	351	0.0	1	344 7
290	216	0.0	1	207 9
291	244	0.0	1	235 9
292	226	0.0	1	222 4
293	150	0.0	1	145 5
294	167	0.0	1	161 6
295	107	0.0	1	104 3
296	142	0.0	1	133 9
297	46	0.0	1	45 1
298	3	0.0	1	3
299	2	0.0	1	2
300	5737	0.0	1	5549 188


=== Second read: Adapter 2 ===

Sequence: GACTACHVGGGTATCTAATCC; Type: regular 3'; Length: 21; Trimmed: 17790 times.

No. of allowed errors:
0-9 bp: 0; 10-19 bp: 1; 20-21 bp: 2

Bases preceding removed adapters:
  A: 0.0%
  C: 0.0%
  G: 0.0%
  T: 0.0%
  none/other: 100.0%

Overview of removed sequences
length	count	expect	max.err	error counts
50	6	0.0	2	5 1
51	2	0.0	2	0 1 1
52	2	0.0	2	0 2
53	3	0.0	2	1 2
54	4	0.0	2	3 1
55	5	0.0	2	3 1 1
56	24	0.0	2	23 1
57	26	0.0	2	26
58	23	0.0	2	22 1
59	15	0.0	2	15
60	9	0.0	2	7 2
61	6	0.0	2	5 1
62	5	0.0	2	4 1
64	3	0.0	2	2 0 1
65	1	0.0	2	1
66	1	0.0	2	1
67	37	0.0	2	37
68	22	0.0	2	22
69	19	0.0	2	18 1
70	11	0.0	2	11
71	5	0.0	2	4 1
72	4	0.0	2	4
73	3	0.0	2	2 1
74	1	0.0	2	1
75	1	0.0	2	1
77	2	0.0	2	2
81	7	0.0	2	7
82	2	0.0	2	2
83	1	0.0	2	1
84	2	0.0	2	2
85	3	0.0	2	2 1
86	4	0.0	2	3 0 1
87	7	0.0	2	6 1
88	1	0.0	2	1
90	1	0.0	2	1
91	2	0.0	2	1 1
92	2	0.0	2	2
93	6	0.0	2	5 0 1
94	9	0.0	2	9
95	6	0.0	2	5 0 1
96	7	0.0	2	6 1
97	7	0.0	2	7
98	4	0.0	2	4
99	3	0.0	2	3
100	3	0.0	2	2 1
101	1	0.0	2	1
102	3	0.0	2	3
103	1	0.0	2	1
104	3	0.0	2	2 1
105	1	0.0	2	1
106	1	0.0	2	1
107	1	0.0	2	0 0 1
108	3	0.0	2	3
109	4	0.0	2	4
110	3	0.0	2	3
111	1	0.0	2	1
112	1	0.0	2	1
113	3	0.0	2	3
115	1	0.0	2	1
116	1	0.0	2	1
117	1	0.0	2	0 1
118	4	0.0	2	4
119	2	0.0	2	1 1
120	2	0.0	2	1 1
121	6	0.0	2	5 1
122	3	0.0	2	2 1
123	10	0.0	2	9 1
124	10	0.0	2	9 1
125	9	0.0	2	8 1
126	1	0.0	2	1
127	7	0.0	2	4 2 1
128	3	0.0	2	3
129	1	0.0	2	1
130	2	0.0	2	2
131	1	0.0	2	1
132	7	0.0	2	7
133	58	0.0	2	55 3
134	65	0.0	2	60 5
135	54	0.0	2	54
136	12	0.0	2	11 1
137	5	0.0	2	4 1
139	7	0.0	2	5 2
140	14	0.0	2	14
141	4	0.0	2	3 1
142	8	0.0	2	8
143	11	0.0	2	9 1 1
144	23	0.0	2	20 3
145	30	0.0	2	25 5
146	25	0.0	2	23 1 1
147	26	0.0	2	24 1 1
148	12	0.0	2	11 0 1
149	9	0.0	2	8 1
150	8	0.0	2	7 0 1
151	7	0.0	2	5 2
152	17	0.0	2	17
153	11	0.0	2	11
154	15	0.0	2	14 1
155	28	0.0	2	26 2
156	83	0.0	2	80 2 1
157	47	0.0	2	42 5
158	44	0.0	2	42 2
159	30	0.0	2	27 2 1
160	14	0.0	2	13 1
161	11	0.0	2	10 1
162	17	0.0	2	17
163	11	0.0	2	11
164	27	0.0	2	26 1
165	19	0.0	2	19
166	17	0.0	2	15 2
167	76	0.0	2	69 6 1
168	27	0.0	2	24 2 1
169	32	0.0	2	29 3
170	37	0.0	2	33 4
171	38	0.0	2	32 5 1
172	32	0.0	2	31 1
173	67	0.0	2	62 5
174	71	0.0	2	69 2
175	54	0.0	2	53 1
176	21	0.0	2	20 0 1
177	32	0.0	2	32
178	22	0.0	2	21 1
179	49	0.0	2	45 3 1
180	62	0.0	2	56 6
181	29	0.0	2	27 2
182	20	0.0	2	15 5
183	18	0.0	2	18
184	15	0.0	2	15
185	42	0.0	2	39 3
186	34	0.0	2	31 3
187	27	0.0	2	26 1
188	20	0.0	2	17 2 1
189	40	0.0	2	37 3
190	84	0.0	2	80 2 2
191	63	0.0	2	59 3 1
192	88	0.0	2	85 3
193	130	0.0	2	125 5
194	125	0.0	2	120 3 2
195	142	0.0	2	135 7
196	40	0.0	2	38 2
197	12	0.0	2	12
198	24	0.0	2	23 0 1
199	54	0.0	2	49 5
200	70	0.0	2	68 2
201	47	0.0	2	42 4 1
202	93	0.0	2	87 5 1
203	152	0.0	2	143 9
204	83	0.0	2	79 3 1
205	107	0.0	2	99 7 1
206	102	0.0	2	94 7 1
207	130	0.0	2	125 4 1
208	47	0.0	2	43 4
209	135	0.0	2	131 2 2
210	85	0.0	2	83 2
211	185	0.0	2	178 7
212	126	0.0	2	120 6
213	125	0.0	2	117 7 1
214	131	0.0	2	124 7
215	84	0.0	2	82 2
216	70	0.0	2	66 3 1
217	18	0.0	2	17 1
218	13	0.0	2	9 3 1
219	95	0.0	2	93 1 1
220	70	0.0	2	67 2 1
221	55	0.0	2	45 10
222	240	0.0	2	224 16
223	337	0.0	2	329 7 1
224	140	0.0	2	131 8 1
225	331	0.0	2	317 12 2
226	416	0.0	2	399 16 1
227	466	0.0	2	456 10
228	121	0.0	2	107 14
229	305	0.0	2	295 8 2
230	82	0.0	2	70 10 2
231	68	0.0	2	65 2 1
232	49	0.0	2	45 4
233	98	0.0	2	90 8
234	212	0.0	2	211 1
235	56	0.0	2	53 3
236	28	0.0	2	27 1
237	4	0.0	2	4
238	5	0.0	2	3 0 2
239	32	0.0	2	13 19
240	357	0.0	2	336 19 2
241	605	0.0	2	588 17
242	374	0.0	2	364 10
243	362	0.0	2	352 10
244	191	0.0	2	185 5 1
245	89	0.0	2	83 6
246	38	0.0	2	36 2
247	28	0.0	2	27 1
248	37	0.0	2	30 6 1
249	278	0.0	2	268 10
250	608	0.0	2	586 22
251	507	0.0	2	491 16
252	114	0.0	2	112 2
253	73	0.0	2	66 7
254	133	0.0	2	129 3 1
255	79	0.0	2	75 4
256	355	0.0	2	343 12
257	191	0.0	2	179 11 1
258	266	0.0	2	260 5 1
259	252	0.0	2	244 8
260	250	0.0	2	247 3
261	130	0.0	2	129 1
262	166	0.0	2	161 5
263	87	0.0	2	84 3
264	32	0.0	2	30 2
265	42	0.0	2	38 2 2
266	183	0.0	2	177 6
267	332	0.0	2	324 8
268	131	0.0	2	129 2
269	168	0.0	2	166 2
270	210	0.0	2	205 4 1
271	211	0.0	2	209 2
272	30	0.0	2	29 1
273	32	0.0	2	31 1
274	52	0.0	2	52
275	13	0.0	2	12 1
276	23	0.0	2	19 4
277	270	0.0	2	261 8 1
278	114	0.0	2	112 2
279	159	0.0	2	156 3
280	195	0.0	2	190 4 1
281	78	0.0	2	76 2
282	120	0.0	2	115 5
283	89	0.0	2	89
284	53	0.0	2	53
285	81	0.0	2	81
286	26	0.0	2	25 1
287	86	0.0	2	86
288	21	0.0	2	18 3
289	199	0.0	2	196 2 1
290	17	0.0	2	16 1
291	146	0.0	2	143 3
292	168	0.0	2	165 3
293	90	0.0	2	87 3
294	35	0.0	2	34 1
295	10	0.0	2	10
296	3	0.0	2	2 1
297	6	0.0	2	6
300	972	0.0	2	955 16 1
