This is cutadapt 2.6 with Python 3.7.16
Command line parameters: -a CCTACGGGNGGCWGCAG -A GACTACHVGGGTATCTAATCC -o trimmed_reads/Bact-11_S11_R1_trimmed.fastq.gz -p trimmed_reads/Bact-11_S11_R2_trimmed.fastq.gz clean_reads/Bact-11_S11_R1_clean.fastq.gz clean_reads/Bact-11_S11_R2_clean.fastq.gz
Processing reads on 1 core in paired-end mode ...
Finished in 1.15 s (31 us/read; 1.95 M reads/minute).

=== Summary ===

Total read pairs processed:             37,556
  Read 1 with adapter:                  37,473 (99.8%)
  Read 2 with adapter:                  37,500 (99.9%)
Pairs written (passing filters):        37,556 (100.0%)

Total basepairs processed:    19,151,103 bp
  Read 1:    10,138,936 bp
  Read 2:     9,012,167 bp
Total written (filtered):         32,708 bp (0.2%)
  Read 1:        22,053 bp
  Read 2:        10,655 bp

=== First read: Adapter 1 ===

Sequence: CCTACGGGNGGCWGCAG; Type: regular 3'; Length: 17; Trimmed: 37473 times.

No. of allowed errors:
0-9 bp: 0; 10-16 bp: 1

Bases preceding removed adapters:
  A: 0.0%
  C: 0.0%
  G: 0.1%
  T: 0.0%
  none/other: 99.9%

Overview of removed sequences
length	count	expect	max.err	error counts
50	13	0.0	1	13
51	16	0.0	1	16
52	5	0.0	1	4 1
53	3	0.0	1	3
54	4	0.0	1	4
55	9	0.0	1	9
56	3	0.0	1	3
57	3	0.0	1	3
58	2	0.0	1	2
59	2	0.0	1	2
60	6	0.0	1	4 2
61	5	0.0	1	5
62	6	0.0	1	6
63	5	0.0	1	5
64	2	0.0	1	2
65	3	0.0	1	3
66	19	0.0	1	18 1
67	24	0.0	1	23 1
68	7	0.0	1	6 1
69	10	0.0	1	8 2
70	12	0.0	1	11 1
71	8	0.0	1	8
72	3	0.0	1	3
73	7	0.0	1	6 1
74	11	0.0	1	11
75	9	0.0	1	9
76	12	0.0	1	11 1
77	17	0.0	1	17
78	16	0.0	1	16
79	17	0.0	1	16 1
80	10	0.0	1	10
81	7	0.0	1	7
82	10	0.0	1	9 1
83	7	0.0	1	7
84	10	0.0	1	10
85	13	0.0	1	13
86	6	0.0	1	5 1
87	21	0.0	1	20 1
88	6	0.0	1	6
89	2	0.0	1	2
90	3	0.0	1	3
91	9	0.0	1	9
92	14	0.0	1	14
93	22	0.0	1	22
94	15	0.0	1	13 2
95	8	0.0	1	8
96	6	0.0	1	6
97	5	0.0	1	5
98	15	0.0	1	14 1
99	37	0.0	1	37
100	41	0.0	1	41
101	39	0.0	1	39
102	16	0.0	1	16
103	20	0.0	1	20
104	9	0.0	1	9
105	11	0.0	1	11
106	15	0.0	1	15
107	8	0.0	1	6 2
108	7	0.0	1	6 1
109	7	0.0	1	7
110	3	0.0	1	2 1
111	34	0.0	1	33 1
112	54	0.0	1	54
113	50	0.0	1	50
114	53	0.0	1	52 1
115	56	0.0	1	56
116	57	0.0	1	54 3
117	53	0.0	1	52 1
118	27	0.0	1	25 2
119	24	0.0	1	23 1
120	16	0.0	1	16
121	27	0.0	1	27
122	35	0.0	1	35
123	44	0.0	1	42 2
124	28	0.0	1	26 2
125	26	0.0	1	26
126	27	0.0	1	27
127	32	0.0	1	32
128	70	0.0	1	70
129	20	0.0	1	19 1
130	14	0.0	1	14
131	22	0.0	1	22
132	13	0.0	1	13
133	26	0.0	1	23 3
134	14	0.0	1	14
135	20	0.0	1	19 1
136	18	0.0	1	18
137	22	0.0	1	22
138	9	0.0	1	9
139	8	0.0	1	8
140	16	0.0	1	15 1
141	12	0.0	1	12
142	19	0.0	1	19
143	17	0.0	1	16 1
144	16	0.0	1	16
145	19	0.0	1	18 1
146	23	0.0	1	22 1
147	16	0.0	1	16
148	15	0.0	1	14 1
149	33	0.0	1	33
150	14	0.0	1	14
151	14	0.0	1	14
152	9	0.0	1	9
153	12	0.0	1	11 1
154	12	0.0	1	11 1
155	14	0.0	1	13 1
156	7	0.0	1	6 1
157	14	0.0	1	14
158	20	0.0	1	18 2
159	8	0.0	1	8
160	14	0.0	1	14
161	16	0.0	1	15 1
162	29	0.0	1	28 1
163	33	0.0	1	29 4
164	13	0.0	1	13
165	27	0.0	1	27
166	27	0.0	1	27
167	18	0.0	1	17 1
168	19	0.0	1	18 1
169	38	0.0	1	36 2
170	22	0.0	1	20 2
171	36	0.0	1	35 1
172	59	0.0	1	55 4
173	42	0.0	1	41 1
174	27	0.0	1	26 1
175	28	0.0	1	28
176	23	0.0	1	23
177	29	0.0	1	29
178	14	0.0	1	13 1
179	23	0.0	1	22 1
180	13	0.0	1	13
181	29	0.0	1	29
182	28	0.0	1	25 3
183	22	0.0	1	19 3
184	26	0.0	1	26
185	32	0.0	1	32
186	38	0.0	1	38
187	28	0.0	1	25 3
188	26	0.0	1	26
189	21	0.0	1	19 2
190	22	0.0	1	21 1
191	30	0.0	1	29 1
192	35	0.0	1	35
193	60	0.0	1	58 2
194	30	0.0	1	28 2
195	53	0.0	1	52 1
196	39	0.0	1	39
197	41	0.0	1	41
198	37	0.0	1	36 1
199	38	0.0	1	37 1
200	43	0.0	1	40 3
201	41	0.0	1	39 2
202	39	0.0	1	37 2
203	41	0.0	1	41
204	43	0.0	1	42 1
205	36	0.0	1	33 3
206	31	0.0	1	31
207	43	0.0	1	42 1
208	61	0.0	1	59 2
209	79	0.0	1	77 2
210	77	0.0	1	75 2
211	68	0.0	1	64 4
212	75	0.0	1	68 7
213	50	0.0	1	48 2
214	66	0.0	1	63 3
215	73	0.0	1	69 4
216	52	0.0	1	48 4
217	87	0.0	1	84 3
218	82	0.0	1	81 1
219	115	0.0	1	111 4
220	52	0.0	1	51 1
221	37	0.0	1	36 1
222	64	0.0	1	60 4
223	67	0.0	1	66 1
224	84	0.0	1	80 4
225	66	0.0	1	63 3
226	58	0.0	1	55 3
227	73	0.0	1	68 5
228	97	0.0	1	94 3
229	77	0.0	1	74 3
230	88	0.0	1	86 2
231	84	0.0	1	82 2
232	83	0.0	1	79 4
233	82	0.0	1	81 1
234	112	0.0	1	110 2
235	125	0.0	1	119 6
236	102	0.0	1	99 3
237	162	0.0	1	149 13
238	144	0.0	1	134 10
239	218	0.0	1	213 5
240	262	0.0	1	254 8
241	111	0.0	1	108 3
242	61	0.0	1	59 2
243	55	0.0	1	54 1
244	90	0.0	1	89 1
245	82	0.0	1	80 2
246	129	0.0	1	129
247	191	0.0	1	182 9
248	140	0.0	1	138 2
249	111	0.0	1	110 1
250	118	0.0	1	118
251	211	0.0	1	204 7
252	202	0.0	1	193 9
253	315	0.0	1	305 10
254	131	0.0	1	128 3
255	98	0.0	1	92 6
256	141	0.0	1	139 2
257	177	0.0	1	173 4
258	201	0.0	1	195 6
259	116	0.0	1	110 6
260	181	0.0	1	175 6
261	187	0.0	1	181 6
262	200	0.0	1	182 18
263	354	0.0	1	341 13
264	287	0.0	1	273 14
265	248	0.0	1	233 15
266	376	0.0	1	370 6
267	481	0.0	1	463 18
268	365	0.0	1	353 12
269	302	0.0	1	290 12
270	271	0.0	1	262 9
271	371	0.0	1	359 12
272	336	0.0	1	334 2
273	261	0.0	1	252 9
274	394	0.0	1	379 15
275	216	0.0	1	208 8
276	222	0.0	1	216 6
277	328	0.0	1	321 7
278	244	0.0	1	235 9
279	271	0.0	1	264 7
280	228	0.0	1	219 9
281	347	0.0	1	338 9
282	320	0.0	1	310 10
283	319	0.0	1	308 11
284	439	0.0	1	417 22
285	392	0.0	1	371 21
286	413	0.0	1	395 18
287	344	0.0	1	338 6
288	282	0.0	1	273 9
289	581	0.0	1	562 19
290	409	0.0	1	396 13
291	419	0.0	1	405 14
292	466	0.0	1	447 19
293	327	0.0	1	315 12
294	383	0.0	1	370 13
295	330	0.0	1	309 21
296	260	0.0	1	250 10
297	106	0.0	1	102 4
298	4	0.0	1	4
299	15	0.0	1	14 1
300	16120	0.0	1	15559 561


=== Second read: Adapter 2 ===

Sequence: GACTACHVGGGTATCTAATCC; Type: regular 3'; Length: 21; Trimmed: 37500 times.

No. of allowed errors:
0-9 bp: 0; 10-19 bp: 1; 20-21 bp: 2

Bases preceding removed adapters:
  A: 0.0%
  C: 0.0%
  G: 0.0%
  T: 0.0%
  none/other: 99.9%

Overview of removed sequences
length	count	expect	max.err	error counts
4	1	146.7	0	1
50	6	0.0	2	2 2 2
51	6	0.0	2	0 5 1
52	5	0.0	2	4 1
53	5	0.0	2	2 3
54	16	0.0	2	11 2 3
55	30	0.0	2	22 6 2
56	48	0.0	2	47 1
57	76	0.0	2	72 3 1
58	42	0.0	2	39 3
59	27	0.0	2	26 0 1
60	20	0.0	2	20
61	11	0.0	2	10 1
62	14	0.0	2	11 1 2
63	5	0.0	2	5
64	5	0.0	2	3 2
65	5	0.0	2	5
66	7	0.0	2	6 1
67	51	0.0	2	50 1
68	58	0.0	2	54 3 1
69	40	0.0	2	40
70	32	0.0	2	31 1
71	11	0.0	2	6 4 1
72	7	0.0	2	7
73	5	0.0	2	4 1
74	7	0.0	2	6 1
75	12	0.0	2	12
76	3	0.0	2	3
77	5	0.0	2	4 1
78	2	0.0	2	1 1
79	1	0.0	2	1
80	1	0.0	2	0 1
81	12	0.0	2	10 2
82	7	0.0	2	6 1
83	6	0.0	2	5 1
84	12	0.0	2	12
85	3	0.0	2	1 2
86	11	0.0	2	6 4 1
87	2	0.0	2	1 1
88	2	0.0	2	1 1
89	3	0.0	2	2 0 1
90	2	0.0	2	1 1
91	4	0.0	2	4
92	5	0.0	2	5
93	16	0.0	2	14 2
94	24	0.0	2	22 2
95	17	0.0	2	16 1
96	19	0.0	2	19
97	11	0.0	2	11
98	13	0.0	2	13
99	8	0.0	2	5 2 1
100	3	0.0	2	3
101	8	0.0	2	8
102	8	0.0	2	5 2 1
103	8	0.0	2	7 1
104	2	0.0	2	2
105	1	0.0	2	1
106	1	0.0	2	1
107	6	0.0	2	6
108	4	0.0	2	3 0 1
109	3	0.0	2	2 1
111	1	0.0	2	1
112	2	0.0	2	2
113	3	0.0	2	3
114	2	0.0	2	1 1
115	6	0.0	2	5 1
116	5	0.0	2	4 1
117	8	0.0	2	7 1
118	14	0.0	2	10 4
119	7	0.0	2	5 2
120	4	0.0	2	3 1
121	7	0.0	2	7
122	3	0.0	2	3
123	19	0.0	2	18 1
124	13	0.0	2	13
125	25	0.0	2	22 2 1
126	14	0.0	2	13 1
127	8	0.0	2	5 3
128	8	0.0	2	8
129	1	0.0	2	1
130	8	0.0	2	7 0 1
131	8	0.0	2	6 1 1
132	9	0.0	2	9
133	102	0.0	2	100 2
134	112	0.0	2	109 3
135	74	0.0	2	70 4
136	26	0.0	2	25 1
137	7	0.0	2	7
138	4	0.0	2	3 1
139	6	0.0	2	5 0 1
140	30	0.0	2	28 2
141	10	0.0	2	9 1
142	18	0.0	2	18
143	30	0.0	2	27 3
144	35	0.0	2	32 2 1
145	60	0.0	2	55 5
146	36	0.0	2	32 3 1
147	47	0.0	2	45 2
148	34	0.0	2	30 4
149	16	0.0	2	15 1
150	27	0.0	2	26 1
151	10	0.0	2	7 3
152	29	0.0	2	24 5
153	10	0.0	2	10
154	35	0.0	2	34 1
155	81	0.0	2	77 3 1
156	155	0.0	2	147 8
157	94	0.0	2	92 2
158	75	0.0	2	72 2 1
159	52	0.0	2	50 0 2
160	30	0.0	2	28 1 1
161	27	0.0	2	25 2
162	28	0.0	2	26 2
163	25	0.0	2	22 3
164	30	0.0	2	29 1
165	33	0.0	2	33
166	21	0.0	2	17 4
167	85	0.0	2	81 3 1
168	54	0.0	2	50 4
169	83	0.0	2	79 4
170	62	0.0	2	58 4
171	69	0.0	2	61 8
172	57	0.0	2	55 1 1
173	123	0.0	2	119 4
174	126	0.0	2	123 3
175	97	0.0	2	95 1 1
176	67	0.0	2	65 2
177	76	0.0	2	72 2 2
178	65	0.0	2	60 5
179	67	0.0	2	64 3
180	79	0.0	2	70 8 1
181	36	0.0	2	34 2
182	43	0.0	2	39 2 2
183	35	0.0	2	34 1
184	54	0.0	2	49 2 3
185	88	0.0	2	81 5 2
186	88	0.0	2	78 10
187	50	0.0	2	48 2
188	21	0.0	2	21
189	68	0.0	2	64 3 1
190	144	0.0	2	137 7
191	141	0.0	2	132 9
192	152	0.0	2	140 11 1
193	237	0.0	2	224 11 2
194	220	0.0	2	211 8 1
195	234	0.0	2	223 9 2
196	89	0.0	2	87 2
197	45	0.0	2	43 2
198	63	0.0	2	61 2
199	120	0.0	2	110 10
200	162	0.0	2	159 3
201	96	0.0	2	87 7 2
202	207	0.0	2	198 9
203	358	0.0	2	348 10
204	146	0.0	2	138 6 2
205	277	0.0	2	266 9 2
206	171	0.0	2	160 11
207	269	0.0	2	249 18 2
208	100	0.0	2	89 11
209	215	0.0	2	207 7 1
210	153	0.0	2	145 6 2
211	292	0.0	2	280 11 1
212	208	0.0	2	200 8
213	236	0.0	2	228 6 2
214	233	0.0	2	228 4 1
215	149	0.0	2	143 6
216	107	0.0	2	98 8 1
217	31	0.0	2	31
218	39	0.0	2	23 14 2
219	207	0.0	2	202 4 1
220	89	0.0	2	84 5
221	102	0.0	2	81 20 1
222	382	0.0	2	357 24 1
223	573	0.0	2	549 22 2
224	307	0.0	2	289 16 2
225	612	0.0	2	595 16 1
226	563	0.0	2	531 29 3
227	871	0.0	2	838 32 1
228	195	0.0	2	179 16
229	623	0.0	2	594 27 2
230	172	0.0	2	154 16 2
231	203	0.0	2	198 4 1
232	123	0.0	2	115 5 3
233	252	0.0	2	242 8 2
234	378	0.0	2	362 14 2
235	111	0.0	2	105 6
236	53	0.0	2	50 3
237	10	0.0	2	9 1
238	13	0.0	2	9 3 1
239	44	0.0	2	23 18 3
240	588	0.0	2	557 29 2
241	1049	0.0	2	1014 32 3
242	733	0.0	2	706 26 1
243	702	0.0	2	681 18 3
244	325	0.0	2	312 12 1
245	208	0.0	2	196 10 2
246	86	0.0	2	81 3 2
247	46	0.0	2	43 3
248	74	0.0	2	64 8 2
249	498	0.0	2	484 13 1
250	1098	0.0	2	1067 30 1
251	1056	0.0	2	1027 28 1
252	296	0.0	2	283 12 1
253	155	0.0	2	142 12 1
254	271	0.0	2	258 13
255	205	0.0	2	196 9
256	754	0.0	2	724 29 1
257	420	0.0	2	400 20
258	690	0.0	2	671 19
259	531	0.0	2	521 10
260	506	0.0	2	490 15 1
261	268	0.0	2	261 6 1
262	341	0.0	2	337 4
263	166	0.0	2	162 4
264	77	0.0	2	76 1
265	113	0.0	2	102 10 1
266	408	0.0	2	396 11 1
267	588	0.0	2	568 18 2
268	323	0.0	2	309 13 1
269	424	0.0	2	412 12
270	438	0.0	2	426 12
271	476	0.0	2	465 11
272	97	0.0	2	96 1
273	78	0.0	2	77 1
274	158	0.0	2	154 4
275	36	0.0	2	35 1
276	62	0.0	2	57 5
277	671	0.0	2	646 25
278	301	0.0	2	294 7
279	407	0.0	2	401 6
280	543	0.0	2	535 8
281	209	0.0	2	203 6
282	304	0.0	2	299 5
283	247	0.0	2	245 2
284	119	0.0	2	116 3
285	167	0.0	2	160 7
286	69	0.0	2	68 1
287	246	0.0	2	242 4
288	61	0.0	2	59 2
289	599	0.0	2	585 14
290	62	0.0	2	61 1
291	374	0.0	2	367 7
292	429	0.0	2	419 10
293	261	0.0	2	254 7
294	88	0.0	2	88
295	33	0.0	2	32 1
296	4	0.0	2	4
297	19	0.0	2	18 0 1
298	2	0.0	2	2
300	3202	0.0	2	3131 71
