This is cutadapt 2.6 with Python 3.7.16
Command line parameters: -a CCTACGGGNGGCWGCAG -A GACTACHVGGGTATCTAATCC -o trimmed_reads/Bact-21_S20_R1_trimmed.fastq.gz -p trimmed_reads/Bact-21_S20_R2_trimmed.fastq.gz clean_reads/Bact-21_S20_R1_clean.fastq.gz clean_reads/Bact-21_S20_R2_clean.fastq.gz
Processing reads on 1 core in paired-end mode ...
Finished in 0.77 s (33 us/read; 1.81 M reads/minute).

=== Summary ===

Total read pairs processed:             23,358
  Read 1 with adapter:                  23,299 (99.7%)
  Read 2 with adapter:                  23,312 (99.8%)
Pairs written (passing filters):        23,358 (100.0%)

Total basepairs processed:    11,928,824 bp
  Read 1:     6,260,227 bp
  Read 2:     5,668,597 bp
Total written (filtered):         24,207 bp (0.2%)
  Read 1:        15,094 bp
  Read 2:         9,113 bp

=== First read: Adapter 1 ===

Sequence: CCTACGGGNGGCWGCAG; Type: regular 3'; Length: 17; Trimmed: 23299 times.

No. of allowed errors:
0-9 bp: 0; 10-16 bp: 1

Bases preceding removed adapters:
  A: 0.0%
  C: 0.0%
  G: 0.1%
  T: 0.0%
  none/other: 99.9%

Overview of removed sequences
length	count	expect	max.err	error counts
50	11	0.0	1	11
51	8	0.0	1	6 2
52	3	0.0	1	3
54	1	0.0	1	1
55	9	0.0	1	9
56	4	0.0	1	4
57	3	0.0	1	3
58	2	0.0	1	2
59	1	0.0	1	0 1
60	2	0.0	1	1 1
61	4	0.0	1	4
63	1	0.0	1	1
66	9	0.0	1	9
67	19	0.0	1	18 1
68	8	0.0	1	7 1
69	10	0.0	1	9 1
70	7	0.0	1	7
71	2	0.0	1	2
72	1	0.0	1	1
73	4	0.0	1	4
74	10	0.0	1	10
75	2	0.0	1	2
76	4	0.0	1	4
77	11	0.0	1	11
78	15	0.0	1	15
79	15	0.0	1	15
80	7	0.0	1	6 1
82	4	0.0	1	4
83	4	0.0	1	4
84	1	0.0	1	1
85	11	0.0	1	10 1
86	3	0.0	1	3
87	8	0.0	1	8
88	2	0.0	1	1 1
91	6	0.0	1	6
92	9	0.0	1	9
93	14	0.0	1	14
94	3	0.0	1	2 1
95	5	0.0	1	5
96	2	0.0	1	2
97	7	0.0	1	7
98	5	0.0	1	5
99	31	0.0	1	30 1
100	45	0.0	1	44 1
101	31	0.0	1	31
102	11	0.0	1	11
103	12	0.0	1	12
104	7	0.0	1	7
105	6	0.0	1	5 1
106	3	0.0	1	2 1
107	5	0.0	1	4 1
108	10	0.0	1	10
109	2	0.0	1	2
110	3	0.0	1	3
111	27	0.0	1	27
112	38	0.0	1	37 1
113	38	0.0	1	36 2
114	35	0.0	1	35
115	39	0.0	1	39
116	33	0.0	1	31 2
117	29	0.0	1	28 1
118	16	0.0	1	14 2
119	11	0.0	1	11
120	14	0.0	1	14
121	27	0.0	1	27
122	11	0.0	1	11
123	13	0.0	1	13
124	16	0.0	1	16
125	19	0.0	1	18 1
126	14	0.0	1	14
127	26	0.0	1	26
128	36	0.0	1	36
129	10	0.0	1	9 1
130	12	0.0	1	12
131	10	0.0	1	10
132	10	0.0	1	9 1
133	8	0.0	1	7 1
134	10	0.0	1	10
135	25	0.0	1	24 1
136	11	0.0	1	11
137	12	0.0	1	11 1
138	9	0.0	1	9
139	4	0.0	1	4
140	10	0.0	1	9 1
141	8	0.0	1	8
142	7	0.0	1	7
143	11	0.0	1	10 1
144	11	0.0	1	11
145	5	0.0	1	5
146	15	0.0	1	15
147	5	0.0	1	5
148	13	0.0	1	12 1
149	11	0.0	1	10 1
150	16	0.0	1	16
151	14	0.0	1	14
152	3	0.0	1	3
153	9	0.0	1	9
154	4	0.0	1	2 2
155	20	0.0	1	20
156	7	0.0	1	6 1
157	13	0.0	1	13
158	8	0.0	1	8
159	4	0.0	1	4
160	12	0.0	1	12
161	11	0.0	1	10 1
162	15	0.0	1	13 2
163	36	0.0	1	35 1
164	8	0.0	1	7 1
165	26	0.0	1	26
166	19	0.0	1	19
167	15	0.0	1	15
168	13	0.0	1	13
169	19	0.0	1	19
170	21	0.0	1	21
171	19	0.0	1	17 2
172	69	0.0	1	66 3
173	31	0.0	1	30 1
174	22	0.0	1	22
175	17	0.0	1	17
176	13	0.0	1	12 1
177	18	0.0	1	18
178	13	0.0	1	11 2
179	14	0.0	1	13 1
180	7	0.0	1	6 1
181	12	0.0	1	12
182	21	0.0	1	18 3
183	14	0.0	1	14
184	18	0.0	1	16 2
185	20	0.0	1	19 1
186	24	0.0	1	23 1
187	18	0.0	1	17 1
188	14	0.0	1	14
189	16	0.0	1	16
190	39	0.0	1	39
191	23	0.0	1	23
192	27	0.0	1	25 2
193	34	0.0	1	34
194	15	0.0	1	14 1
195	19	0.0	1	19
196	30	0.0	1	29 1
197	23	0.0	1	23
198	42	0.0	1	41 1
199	36	0.0	1	36
200	32	0.0	1	31 1
201	38	0.0	1	38
202	34	0.0	1	33 1
203	19	0.0	1	19
204	16	0.0	1	16
205	27	0.0	1	26 1
206	31	0.0	1	31
207	34	0.0	1	34
208	43	0.0	1	43
209	50	0.0	1	47 3
210	35	0.0	1	34 1
211	47	0.0	1	45 2
212	44	0.0	1	42 2
213	38	0.0	1	37 1
214	29	0.0	1	29
215	43	0.0	1	42 1
216	34	0.0	1	32 2
217	40	0.0	1	38 2
218	46	0.0	1	44 2
219	64	0.0	1	61 3
220	43	0.0	1	41 2
221	28	0.0	1	27 1
222	48	0.0	1	48
223	43	0.0	1	42 1
224	49	0.0	1	47 2
225	40	0.0	1	39 1
226	35	0.0	1	34 1
227	54	0.0	1	54
228	84	0.0	1	83 1
229	59	0.0	1	58 1
230	93	0.0	1	90 3
231	59	0.0	1	57 2
232	53	0.0	1	50 3
233	51	0.0	1	49 2
234	78	0.0	1	78
235	86	0.0	1	84 2
236	63	0.0	1	60 3
237	96	0.0	1	88 8
238	81	0.0	1	79 2
239	126	0.0	1	123 3
240	187	0.0	1	179 8
241	69	0.0	1	67 2
242	50	0.0	1	48 2
243	32	0.0	1	28 4
244	79	0.0	1	73 6
245	70	0.0	1	69 1
246	104	0.0	1	100 4
247	105	0.0	1	101 4
248	99	0.0	1	97 2
249	82	0.0	1	78 4
250	82	0.0	1	80 2
251	124	0.0	1	115 9
252	117	0.0	1	116 1
253	190	0.0	1	185 5
254	75	0.0	1	74 1
255	50	0.0	1	46 4
256	70	0.0	1	66 4
257	161	0.0	1	155 6
258	153	0.0	1	145 8
259	87	0.0	1	81 6
260	120	0.0	1	116 4
261	111	0.0	1	105 6
262	133	0.0	1	131 2
263	234	0.0	1	230 4
264	223	0.0	1	219 4
265	149	0.0	1	143 6
266	246	0.0	1	234 12
267	292	0.0	1	274 18
268	261	0.0	1	256 5
269	180	0.0	1	173 7
270	178	0.0	1	169 9
271	259	0.0	1	246 13
272	230	0.0	1	223 7
273	147	0.0	1	144 3
274	256	0.0	1	247 9
275	128	0.0	1	125 3
276	146	0.0	1	136 10
277	178	0.0	1	175 3
278	164	0.0	1	159 5
279	234	0.0	1	224 10
280	164	0.0	1	157 7
281	299	0.0	1	292 7
282	213	0.0	1	204 9
283	187	0.0	1	182 5
284	272	0.0	1	263 9
285	264	0.0	1	250 14
286	267	0.0	1	255 12
287	275	0.0	1	269 6
288	149	0.0	1	141 8
289	450	0.0	1	430 20
290	284	0.0	1	268 16
291	331	0.0	1	320 11
292	288	0.0	1	281 7
293	210	0.0	1	208 2
294	225	0.0	1	216 9
295	161	0.0	1	156 5
296	226	0.0	1	217 9
297	54	0.0	1	51 3
298	11	0.0	1	9 2
299	4	0.0	1	3 1
300	9054	0.0	1	8779 275


=== Second read: Adapter 2 ===

Sequence: GACTACHVGGGTATCTAATCC; Type: regular 3'; Length: 21; Trimmed: 23312 times.

No. of allowed errors:
0-9 bp: 0; 10-19 bp: 1; 20-21 bp: 2

Bases preceding removed adapters:
  A: 0.0%
  C: 0.0%
  G: 0.1%
  T: 0.0%
  none/other: 99.9%

Overview of removed sequences
length	count	expect	max.err	error counts
50	6	0.0	2	6
51	3	0.0	2	0 3
52	1	0.0	2	0 1
53	1	0.0	2	1
54	7	0.0	2	5 2
55	15	0.0	2	13 2
56	23	0.0	2	22 0 1
57	33	0.0	2	31 2
58	34	0.0	2	34
59	15	0.0	2	15
60	7	0.0	2	5 2
61	7	0.0	2	7
62	5	0.0	2	5
63	4	0.0	2	3 1
65	2	0.0	2	2
66	6	0.0	2	5 1
67	46	0.0	2	43 3
68	40	0.0	2	40
69	23	0.0	2	22 1
70	12	0.0	2	11 1
71	7	0.0	2	7
72	4	0.0	2	4
73	5	0.0	2	4 1
74	1	0.0	2	1
75	2	0.0	2	2
76	2	0.0	2	0 2
77	2	0.0	2	2
79	3	0.0	2	3
81	4	0.0	2	3 1
82	5	0.0	2	5
83	2	0.0	2	2
84	2	0.0	2	0 1 1
85	3	0.0	2	3
86	9	0.0	2	6 3
87	4	0.0	2	3 1
88	1	0.0	2	1
90	2	0.0	2	2
91	3	0.0	2	2 1
92	4	0.0	2	4
93	7	0.0	2	6 0 1
94	5	0.0	2	5
95	6	0.0	2	5 1
96	7	0.0	2	7
97	4	0.0	2	4
98	1	0.0	2	1
99	2	0.0	2	2
100	4	0.0	2	4
101	3	0.0	2	2 1
102	2	0.0	2	2
104	2	0.0	2	1 1
105	2	0.0	2	1 1
106	4	0.0	2	4
107	3	0.0	2	2 0 1
108	2	0.0	2	2
109	2	0.0	2	1 1
110	2	0.0	2	1 1
111	1	0.0	2	1
112	1	0.0	2	1
113	1	0.0	2	1
115	2	0.0	2	2
116	9	0.0	2	8 0 1
117	6	0.0	2	3 3
118	4	0.0	2	2 1 1
119	5	0.0	2	3 1 1
120	1	0.0	2	1
121	1	0.0	2	1
122	4	0.0	2	4
123	13	0.0	2	13
124	6	0.0	2	6
125	11	0.0	2	10 1
126	10	0.0	2	9 1
127	1	0.0	2	1
128	2	0.0	2	2
129	3	0.0	2	3
130	6	0.0	2	5 1
131	3	0.0	2	3
132	5	0.0	2	5
133	61	0.0	2	58 2 1
134	88	0.0	2	86 2
135	53	0.0	2	52 1
136	19	0.0	2	18 1
137	4	0.0	2	4
138	1	0.0	2	1
139	5	0.0	2	5
140	12	0.0	2	10 2
141	5	0.0	2	3 2
142	18	0.0	2	14 4
143	25	0.0	2	21 4
144	16	0.0	2	13 3
145	31	0.0	2	26 5
146	38	0.0	2	35 3
147	29	0.0	2	27 2
148	10	0.0	2	9 1
149	8	0.0	2	7 1
150	11	0.0	2	9 2
151	4	0.0	2	4
152	5	0.0	2	4 1
153	6	0.0	2	5 1
154	11	0.0	2	10 1
155	39	0.0	2	39
156	83	0.0	2	78 5
157	49	0.0	2	48 1
158	34	0.0	2	34
159	31	0.0	2	29 2
160	14	0.0	2	13 1
161	11	0.0	2	10 1
162	15	0.0	2	15
163	17	0.0	2	17
164	24	0.0	2	24
165	10	0.0	2	10
166	19	0.0	2	18 1
167	43	0.0	2	40 3
168	25	0.0	2	23 2
169	31	0.0	2	29 2
170	28	0.0	2	27 1
171	43	0.0	2	40 3
172	25	0.0	2	24 1
173	77	0.0	2	77
174	58	0.0	2	55 3
175	64	0.0	2	62 2
176	30	0.0	2	27 3
177	52	0.0	2	48 4
178	40	0.0	2	38 2
179	36	0.0	2	36
180	57	0.0	2	54 3
181	19	0.0	2	18 1
182	14	0.0	2	13 1
183	11	0.0	2	10 1
184	22	0.0	2	21 1
185	31	0.0	2	30 1
186	39	0.0	2	36 3
187	23	0.0	2	22 1
188	11	0.0	2	9 2
189	33	0.0	2	32 1
190	58	0.0	2	57 1
191	78	0.0	2	74 4
192	68	0.0	2	65 3
193	140	0.0	2	137 3
194	150	0.0	2	140 9 1
195	152	0.0	2	147 4 1
196	20	0.0	2	19 1
197	11	0.0	2	10 1
198	22	0.0	2	20 2
199	56	0.0	2	52 4
200	60	0.0	2	60
201	53	0.0	2	46 7
202	109	0.0	2	106 3
203	163	0.0	2	158 4 1
204	70	0.0	2	65 5
205	134	0.0	2	130 3 1
206	112	0.0	2	100 11 1
207	124	0.0	2	118 6
208	85	0.0	2	80 5
209	138	0.0	2	135 3
210	97	0.0	2	91 5 1
211	189	0.0	2	181 8
212	174	0.0	2	170 4
213	150	0.0	2	146 3 1
214	158	0.0	2	150 8
215	87	0.0	2	86 1
216	89	0.0	2	87 2
217	24	0.0	2	22 2
218	23	0.0	2	17 6
219	115	0.0	2	113 2
220	55	0.0	2	50 5
221	51	0.0	2	41 9 1
222	245	0.0	2	235 9 1
223	381	0.0	2	365 16
224	155	0.0	2	142 10 3
225	341	0.0	2	325 15 1
226	496	0.0	2	485 10 1
227	561	0.0	2	540 19 2
228	114	0.0	2	104 8 2
229	367	0.0	2	358 9
230	87	0.0	2	79 7 1
231	68	0.0	2	67 1
232	50	0.0	2	47 3
233	109	0.0	2	102 7
234	197	0.0	2	186 11
235	59	0.0	2	56 3
236	37	0.0	2	35 1 1
237	3	0.0	2	3
238	1	0.0	2	0 0 1
239	27	0.0	2	13 13 1
240	369	0.0	2	352 14 3
241	758	0.0	2	734 23 1
242	507	0.0	2	487 18 2
243	472	0.0	2	459 13
244	169	0.0	2	161 7 1
245	97	0.0	2	94 3
246	52	0.0	2	49 3
247	20	0.0	2	17 3
248	57	0.0	2	50 7
249	351	0.0	2	335 14 2
250	780	0.0	2	755 23 2
251	734	0.0	2	716 18
252	185	0.0	2	180 5
253	81	0.0	2	77 3 1
254	194	0.0	2	185 9
255	122	0.0	2	116 6
256	458	0.0	2	443 15
257	270	0.0	2	252 17 1
258	312	0.0	2	297 14 1
259	337	0.0	2	329 7 1
260	292	0.0	2	281 11
261	170	0.0	2	160 10
262	248	0.0	2	234 14
263	107	0.0	2	106 1
264	45	0.0	2	44 1
265	72	0.0	2	71 1
266	261	0.0	2	254 7
267	467	0.0	2	452 15
268	160	0.0	2	155 5
269	279	0.0	2	274 5
270	335	0.0	2	326 9
271	364	0.0	2	359 5
272	52	0.0	2	49 2 1
273	45	0.0	2	42 3
274	79	0.0	2	77 2
275	23	0.0	2	19 4
276	33	0.0	2	29 4
277	432	0.0	2	421 11
278	185	0.0	2	178 6 1
279	220	0.0	2	215 5
280	345	0.0	2	337 8
281	136	0.0	2	130 6
282	181	0.0	2	178 3
283	169	0.0	2	168 1
284	90	0.0	2	88 2
285	102	0.0	2	99 3
286	64	0.0	2	60 4
287	135	0.0	2	133 2
288	45	0.0	2	41 4
289	397	0.0	2	385 11 1
290	31	0.0	2	31
291	244	0.0	2	237 7
292	314	0.0	2	307 7
293	207	0.0	2	206 1
294	69	0.0	2	67 2
295	24	0.0	2	23 1
296	4	0.0	2	4
297	15	0.0	2	15
300	2107	0.0	2	2057 50
