This is cutadapt 2.6 with Python 3.7.16
Command line parameters: -a CCTACGGGNGGCWGCAG -A GACTACHVGGGTATCTAATCC -o trimmed_reads/Bact-17_S16_R1_trimmed.fastq.gz -p trimmed_reads/Bact-17_S16_R2_trimmed.fastq.gz clean_reads/Bact-17_S16_R1_clean.fastq.gz clean_reads/Bact-17_S16_R2_clean.fastq.gz
Processing reads on 1 core in paired-end mode ...
Finished in 0.64 s (35 us/read; 1.70 M reads/minute).

=== Summary ===

Total read pairs processed:             18,065
  Read 1 with adapter:                  18,023 (99.8%)
  Read 2 with adapter:                  18,033 (99.8%)
Pairs written (passing filters):        18,065 (100.0%)

Total basepairs processed:     9,327,484 bp
  Read 1:     4,872,418 bp
  Read 2:     4,455,066 bp
Total written (filtered):         17,983 bp (0.2%)
  Read 1:        11,395 bp
  Read 2:         6,588 bp

=== First read: Adapter 1 ===

Sequence: CCTACGGGNGGCWGCAG; Type: regular 3'; Length: 17; Trimmed: 18023 times.

No. of allowed errors:
0-9 bp: 0; 10-16 bp: 1

Bases preceding removed adapters:
  A: 0.0%
  C: 0.0%
  G: 0.1%
  T: 0.0%
  none/other: 99.9%

Overview of removed sequences
length	count	expect	max.err	error counts
41	1	0.0	1	1
50	5	0.0	1	5
51	10	0.0	1	10
52	4	0.0	1	4
54	3	0.0	1	3
55	5	0.0	1	5
56	1	0.0	1	1
57	1	0.0	1	1
58	1	0.0	1	1
59	7	0.0	1	7
60	3	0.0	1	3
62	3	0.0	1	3
63	1	0.0	1	1
64	3	0.0	1	3
65	4	0.0	1	4
66	6	0.0	1	6
67	9	0.0	1	9
68	7	0.0	1	6 1
69	3	0.0	1	3
70	3	0.0	1	3
71	4	0.0	1	3 1
72	1	0.0	1	1
74	3	0.0	1	3
75	2	0.0	1	2
76	4	0.0	1	4
77	3	0.0	1	3
78	13	0.0	1	13
79	8	0.0	1	8
80	6	0.0	1	6
81	5	0.0	1	5
82	4	0.0	1	4
83	3	0.0	1	3
84	2	0.0	1	2
85	8	0.0	1	8
86	1	0.0	1	1
87	14	0.0	1	13 1
88	4	0.0	1	3 1
90	1	0.0	1	1
91	1	0.0	1	1
92	12	0.0	1	12
93	7	0.0	1	7
94	7	0.0	1	7
95	4	0.0	1	4
96	4	0.0	1	4
97	6	0.0	1	6
98	7	0.0	1	7
99	16	0.0	1	16
100	20	0.0	1	20
101	22	0.0	1	22
102	4	0.0	1	4
103	8	0.0	1	8
104	4	0.0	1	4
105	3	0.0	1	2 1
106	5	0.0	1	4 1
107	3	0.0	1	2 1
108	8	0.0	1	8
109	1	0.0	1	1
110	2	0.0	1	2
111	14	0.0	1	14
112	35	0.0	1	34 1
113	28	0.0	1	28
114	33	0.0	1	33
115	25	0.0	1	25
116	21	0.0	1	21
117	20	0.0	1	20
118	19	0.0	1	18 1
119	18	0.0	1	18
120	11	0.0	1	11
121	20	0.0	1	20
122	17	0.0	1	16 1
123	11	0.0	1	11
124	10	0.0	1	8 2
125	9	0.0	1	9
126	19	0.0	1	18 1
127	14	0.0	1	14
128	19	0.0	1	18 1
129	10	0.0	1	10
130	8	0.0	1	8
131	9	0.0	1	9
132	6	0.0	1	6
133	6	0.0	1	6
134	11	0.0	1	11
135	15	0.0	1	14 1
136	9	0.0	1	9
137	7	0.0	1	7
138	7	0.0	1	7
139	4	0.0	1	4
140	10	0.0	1	9 1
141	12	0.0	1	12
142	7	0.0	1	7
143	7	0.0	1	7
144	10	0.0	1	10
145	7	0.0	1	7
146	9	0.0	1	9
147	5	0.0	1	5
148	8	0.0	1	8
149	12	0.0	1	12
150	12	0.0	1	12
151	8	0.0	1	8
152	6	0.0	1	6
153	6	0.0	1	6
154	4	0.0	1	4
155	4	0.0	1	4
156	5	0.0	1	5
157	5	0.0	1	5
158	5	0.0	1	5
159	14	0.0	1	13 1
160	7	0.0	1	7
161	13	0.0	1	13
162	11	0.0	1	11
163	14	0.0	1	14
164	6	0.0	1	6
165	11	0.0	1	10 1
166	14	0.0	1	12 2
167	14	0.0	1	14
168	11	0.0	1	11
169	16	0.0	1	15 1
170	22	0.0	1	22
171	20	0.0	1	20
172	21	0.0	1	20 1
173	18	0.0	1	18
174	20	0.0	1	20
175	15	0.0	1	15
176	9	0.0	1	9
177	8	0.0	1	8
178	6	0.0	1	5 1
179	12	0.0	1	12
180	8	0.0	1	8
181	10	0.0	1	9 1
182	19	0.0	1	19
183	16	0.0	1	16
184	15	0.0	1	15
185	19	0.0	1	18 1
186	17	0.0	1	16 1
187	18	0.0	1	18
188	9	0.0	1	9
189	15	0.0	1	14 1
190	19	0.0	1	19
191	19	0.0	1	19
192	17	0.0	1	15 2
193	16	0.0	1	16
194	14	0.0	1	13 1
195	16	0.0	1	16
196	20	0.0	1	20
197	20	0.0	1	18 2
198	31	0.0	1	30 1
199	29	0.0	1	29
200	26	0.0	1	26
201	27	0.0	1	27
202	19	0.0	1	18 1
203	24	0.0	1	24
204	18	0.0	1	18
205	28	0.0	1	28
206	15	0.0	1	15
207	18	0.0	1	18
208	25	0.0	1	23 2
209	37	0.0	1	36 1
210	30	0.0	1	29 1
211	32	0.0	1	31 1
212	46	0.0	1	44 2
213	36	0.0	1	35 1
214	27	0.0	1	27
215	29	0.0	1	28 1
216	22	0.0	1	21 1
217	35	0.0	1	34 1
218	36	0.0	1	35 1
219	46	0.0	1	44 2
220	26	0.0	1	25 1
221	26	0.0	1	26
222	21	0.0	1	21
223	29	0.0	1	27 2
224	36	0.0	1	35 1
225	39	0.0	1	39
226	28	0.0	1	28
227	37	0.0	1	35 2
228	53	0.0	1	53
229	44	0.0	1	44
230	51	0.0	1	50 1
231	43	0.0	1	40 3
232	41	0.0	1	41
233	44	0.0	1	44
234	35	0.0	1	35
235	58	0.0	1	56 2
236	44	0.0	1	43 1
237	73	0.0	1	70 3
238	70	0.0	1	67 3
239	99	0.0	1	94 5
240	142	0.0	1	136 6
241	58	0.0	1	57 1
242	34	0.0	1	32 2
243	25	0.0	1	22 3
244	49	0.0	1	48 1
245	35	0.0	1	34 1
246	58	0.0	1	55 3
247	76	0.0	1	72 4
248	72	0.0	1	70 2
249	61	0.0	1	60 1
250	70	0.0	1	69 1
251	84	0.0	1	79 5
252	84	0.0	1	83 1
253	133	0.0	1	126 7
254	57	0.0	1	57
255	49	0.0	1	48 1
256	60	0.0	1	59 1
257	100	0.0	1	97 3
258	105	0.0	1	103 2
259	64	0.0	1	63 1
260	85	0.0	1	82 3
261	78	0.0	1	74 4
262	98	0.0	1	95 3
263	145	0.0	1	142 3
264	128	0.0	1	123 5
265	109	0.0	1	105 4
266	178	0.0	1	164 14
267	235	0.0	1	224 11
268	165	0.0	1	161 4
269	143	0.0	1	137 6
270	150	0.0	1	148 2
271	167	0.0	1	162 5
272	156	0.0	1	153 3
273	115	0.0	1	112 3
274	184	0.0	1	181 3
275	76	0.0	1	67 9
276	116	0.0	1	112 4
277	136	0.0	1	130 6
278	130	0.0	1	124 6
279	158	0.0	1	155 3
280	126	0.0	1	122 4
281	197	0.0	1	193 4
282	154	0.0	1	151 3
283	158	0.0	1	151 7
284	208	0.0	1	203 5
285	196	0.0	1	185 11
286	199	0.0	1	195 4
287	184	0.0	1	179 5
288	146	0.0	1	141 5
289	295	0.0	1	287 8
290	235	0.0	1	229 6
291	223	0.0	1	215 8
292	211	0.0	1	209 2
293	167	0.0	1	164 3
294	206	0.0	1	198 8
295	131	0.0	1	129 2
296	158	0.0	1	151 7
297	55	0.0	1	54 1
298	6	0.0	1	6
299	6	0.0	1	5 1
300	7605	0.0	1	7383 222


=== Second read: Adapter 2 ===

Sequence: GACTACHVGGGTATCTAATCC; Type: regular 3'; Length: 21; Trimmed: 18033 times.

No. of allowed errors:
0-9 bp: 0; 10-19 bp: 1; 20-21 bp: 2

Bases preceding removed adapters:
  A: 0.0%
  C: 0.0%
  G: 0.0%
  T: 0.0%
  none/other: 100.0%

Overview of removed sequences
length	count	expect	max.err	error counts
50	6	0.0	2	4 1 1
53	1	0.0	2	0 1
54	5	0.0	2	3 1 1
55	7	0.0	2	6 1
56	30	0.0	2	28 2
57	29	0.0	2	29
58	20	0.0	2	20
59	15	0.0	2	15
60	8	0.0	2	7 1
61	3	0.0	2	3
62	4	0.0	2	4
63	1	0.0	2	1
64	3	0.0	2	3
65	2	0.0	2	2
66	1	0.0	2	1
67	22	0.0	2	21 1
68	24	0.0	2	22 2
69	21	0.0	2	20 1
70	11	0.0	2	11
71	5	0.0	2	5
72	5	0.0	2	4 0 1
73	2	0.0	2	1 1
74	4	0.0	2	4
75	3	0.0	2	2 0 1
76	2	0.0	2	1 1
79	2	0.0	2	2
80	3	0.0	2	3
81	13	0.0	2	10 2 1
82	5	0.0	2	4 0 1
83	4	0.0	2	4
84	3	0.0	2	2 1
85	3	0.0	2	3
86	4	0.0	2	1 3
87	4	0.0	2	3 1
88	1	0.0	2	1
89	1	0.0	2	1
90	2	0.0	2	2
91	2	0.0	2	2
92	3	0.0	2	3
93	9	0.0	2	9
94	10	0.0	2	10
95	4	0.0	2	2 2
96	4	0.0	2	3 1
97	6	0.0	2	6
98	5	0.0	2	5
99	3	0.0	2	3
101	2	0.0	2	1 1
102	3	0.0	2	3
103	2	0.0	2	2
104	1	0.0	2	1
105	1	0.0	2	1
106	1	0.0	2	1
107	3	0.0	2	3
108	2	0.0	2	2
109	2	0.0	2	2
112	2	0.0	2	2
113	1	0.0	2	1
115	3	0.0	2	2 1
116	6	0.0	2	4 2
117	1	0.0	2	1
118	6	0.0	2	5 1
119	6	0.0	2	6
120	2	0.0	2	2
121	5	0.0	2	5
122	2	0.0	2	2
123	7	0.0	2	7
124	6	0.0	2	5 1
125	9	0.0	2	9
126	3	0.0	2	3
127	6	0.0	2	4 2
128	3	0.0	2	3
129	1	0.0	2	0 1
130	4	0.0	2	3 1
131	3	0.0	2	3
132	1	0.0	2	1
133	34	0.0	2	32 2
134	46	0.0	2	46
135	29	0.0	2	27 2
136	8	0.0	2	8
137	4	0.0	2	4
138	1	0.0	2	1
139	1	0.0	2	1
140	12	0.0	2	12
141	1	0.0	2	1
142	6	0.0	2	6
143	24	0.0	2	22 2
144	12	0.0	2	12
145	19	0.0	2	17 2
146	23	0.0	2	23
147	30	0.0	2	28 2
148	14	0.0	2	14
149	9	0.0	2	8 0 1
150	9	0.0	2	9
151	4	0.0	2	4
152	5	0.0	2	4 1
153	1	0.0	2	1
154	10	0.0	2	8 2
155	26	0.0	2	25 1
156	74	0.0	2	73 1
157	41	0.0	2	40 1
158	33	0.0	2	31 2
159	14	0.0	2	14
160	9	0.0	2	9
161	8	0.0	2	8
162	9	0.0	2	9
163	10	0.0	2	10
164	19	0.0	2	19
165	21	0.0	2	20 1
166	6	0.0	2	6
167	26	0.0	2	26
168	19	0.0	2	16 1 2
169	21	0.0	2	20 1
170	18	0.0	2	17 1
171	16	0.0	2	16
172	24	0.0	2	24
173	41	0.0	2	41
174	47	0.0	2	46 1
175	31	0.0	2	30 1
176	32	0.0	2	32
177	38	0.0	2	38
178	28	0.0	2	26 2
179	33	0.0	2	31 1 1
180	27	0.0	2	25 2
181	7	0.0	2	7
182	12	0.0	2	11 1
183	9	0.0	2	9
184	14	0.0	2	14
185	21	0.0	2	20 1
186	36	0.0	2	35 1
187	17	0.0	2	17
188	7	0.0	2	6 1
189	35	0.0	2	35
190	46	0.0	2	43 3
191	61	0.0	2	58 3
192	77	0.0	2	74 3
193	101	0.0	2	96 5
194	82	0.0	2	77 5
195	104	0.0	2	100 4
196	25	0.0	2	25
197	16	0.0	2	15 1
198	15	0.0	2	14 0 1
199	34	0.0	2	32 1 1
200	62	0.0	2	59 3
201	33	0.0	2	32 1
202	86	0.0	2	81 5
203	133	0.0	2	129 4
204	57	0.0	2	55 2
205	115	0.0	2	111 4
206	75	0.0	2	61 13 1
207	88	0.0	2	85 2 1
208	49	0.0	2	46 2 1
209	94	0.0	2	90 4
210	68	0.0	2	64 4
211	127	0.0	2	123 2 2
212	94	0.0	2	90 4
213	100	0.0	2	96 4
214	94	0.0	2	90 4
215	62	0.0	2	56 6
216	32	0.0	2	27 4 1
217	20	0.0	2	20
218	16	0.0	2	14 2
219	70	0.0	2	66 3 1
220	34	0.0	2	34
221	50	0.0	2	39 10 1
222	166	0.0	2	156 9 1
223	221	0.0	2	214 7
224	123	0.0	2	116 6 1
225	233	0.0	2	229 4
226	284	0.0	2	276 8
227	338	0.0	2	324 14
228	106	0.0	2	93 13
229	235	0.0	2	228 5 2
230	63	0.0	2	60 2 1
231	74	0.0	2	68 5 1
232	43	0.0	2	43
233	95	0.0	2	87 5 3
234	172	0.0	2	167 5
235	47	0.0	2	43 4
236	28	0.0	2	28
237	5	0.0	2	4 0 1
238	3	0.0	2	3
239	20	0.0	2	8 12
240	265	0.0	2	253 11 1
241	475	0.0	2	464 11
242	351	0.0	2	342 8 1
243	262	0.0	2	255 7
244	151	0.0	2	146 4 1
245	88	0.0	2	83 5
246	38	0.0	2	35 3
247	18	0.0	2	16 1 1
248	32	0.0	2	30 2
249	186	0.0	2	179 7
250	535	0.0	2	520 14 1
251	531	0.0	2	517 13 1
252	139	0.0	2	135 4
253	67	0.0	2	64 3
254	156	0.0	2	151 5
255	98	0.0	2	91 7
256	344	0.0	2	325 17 2
257	167	0.0	2	160 7
258	249	0.0	2	241 8
259	273	0.0	2	265 7 1
260	230	0.0	2	227 3
261	139	0.0	2	136 3
262	177	0.0	2	175 2
263	98	0.0	2	96 1 1
264	21	0.0	2	18 3
265	66	0.0	2	63 3
266	217	0.0	2	210 7
267	323	0.0	2	316 6 1
268	153	0.0	2	148 5
269	234	0.0	2	231 3
270	241	0.0	2	232 9
271	271	0.0	2	263 8
272	49	0.0	2	46 3
273	41	0.0	2	40 1
274	71	0.0	2	70 0 1
275	15	0.0	2	15
276	25	0.0	2	23 2
277	377	0.0	2	362 15
278	168	0.0	2	163 4 1
279	230	0.0	2	226 4
280	306	0.0	2	300 6
281	106	0.0	2	105 1
282	196	0.0	2	191 5
283	139	0.0	2	135 4
284	83	0.0	2	81 2
285	116	0.0	2	113 3
286	54	0.0	2	53 1
287	152	0.0	2	148 4
288	38	0.0	2	37 1
289	356	0.0	2	347 9
290	27	0.0	2	25 2
291	205	0.0	2	199 6
292	254	0.0	2	249 5
293	184	0.0	2	181 3
294	48	0.0	2	48
295	14	0.0	2	14
296	2	0.0	2	2
297	12	0.0	2	12
298	1	0.0	2	1
300	2243	0.0	2	2201 42
