This is cutadapt 2.6 with Python 3.7.16
Command line parameters: -a CCTACGGGNGGCWGCAG -A GACTACHVGGGTATCTAATCC -o trimmed_reads/Bact-1_S1_R1_trimmed.fastq.gz -p trimmed_reads/Bact-1_S1_R2_trimmed.fastq.gz clean_reads/Bact-1_S1_R1_clean.fastq.gz clean_reads/Bact-1_S1_R2_clean.fastq.gz
Processing reads on 1 core in paired-end mode ...
Finished in 1.35 s (35 us/read; 1.72 M reads/minute).

=== Summary ===

Total read pairs processed:             38,712
  Read 1 with adapter:                  38,628 (99.8%)
  Read 2 with adapter:                  38,648 (99.8%)
Pairs written (passing filters):        38,712 (100.0%)

Total basepairs processed:    19,870,756 bp
  Read 1:    10,443,479 bp
  Read 2:     9,427,277 bp
Total written (filtered):         36,215 bp (0.2%)
  Read 1:        22,965 bp
  Read 2:        13,250 bp

=== First read: Adapter 1 ===

Sequence: CCTACGGGNGGCWGCAG; Type: regular 3'; Length: 17; Trimmed: 38628 times.

No. of allowed errors:
0-9 bp: 0; 10-16 bp: 1

Bases preceding removed adapters:
  A: 0.0%
  C: 0.0%
  G: 0.1%
  T: 0.0%
  none/other: 99.8%

Overview of removed sequences
length	count	expect	max.err	error counts
3	1	604.9	0	1
9	1	0.1	0	1
22	1	0.0	1	1
38	1	0.0	1	1
50	11	0.0	1	11
51	17	0.0	1	16 1
52	5	0.0	1	4 1
53	1	0.0	1	1
54	3	0.0	1	3
55	12	0.0	1	12
56	2	0.0	1	2
57	1	0.0	1	0 1
58	1	0.0	1	1
59	5	0.0	1	5
60	6	0.0	1	6
61	6	0.0	1	6
62	5	0.0	1	5
63	3	0.0	1	3
64	3	0.0	1	3
65	3	0.0	1	3
66	20	0.0	1	18 2
67	21	0.0	1	20 1
68	12	0.0	1	11 1
69	12	0.0	1	12
70	10	0.0	1	10
71	1	0.0	1	1
72	5	0.0	1	5
73	3	0.0	1	3
74	10	0.0	1	10
75	6	0.0	1	6
76	10	0.0	1	10
77	17	0.0	1	17
78	16	0.0	1	16
79	14	0.0	1	14
80	10	0.0	1	10
81	8	0.0	1	8
82	14	0.0	1	14
83	3	0.0	1	3
84	6	0.0	1	6
85	15	0.0	1	15
86	7	0.0	1	7
87	24	0.0	1	22 2
88	2	0.0	1	1 1
89	1	0.0	1	1
91	6	0.0	1	6
92	15	0.0	1	15
93	20	0.0	1	20
94	24	0.0	1	24
95	14	0.0	1	13 1
96	19	0.0	1	19
97	14	0.0	1	14
98	16	0.0	1	16
99	44	0.0	1	43 1
100	67	0.0	1	67
101	32	0.0	1	32
102	18	0.0	1	18
103	16	0.0	1	15 1
104	7	0.0	1	7
105	7	0.0	1	7
106	8	0.0	1	7 1
107	8	0.0	1	8
108	14	0.0	1	14
109	6	0.0	1	6
110	6	0.0	1	6
111	40	0.0	1	40
112	57	0.0	1	56 1
113	72	0.0	1	71 1
114	41	0.0	1	40 1
115	46	0.0	1	46
116	70	0.0	1	69 1
117	40	0.0	1	40
118	27	0.0	1	27
119	27	0.0	1	27
120	22	0.0	1	22
121	35	0.0	1	34 1
122	28	0.0	1	27 1
123	24	0.0	1	23 1
124	34	0.0	1	33 1
125	37	0.0	1	36 1
126	27	0.0	1	26 1
127	33	0.0	1	32 1
128	52	0.0	1	52
129	26	0.0	1	26
130	22	0.0	1	22
131	20	0.0	1	17 3
132	20	0.0	1	18 2
133	17	0.0	1	16 1
134	21	0.0	1	21
135	22	0.0	1	21 1
136	34	0.0	1	34
137	21	0.0	1	21
138	18	0.0	1	18
139	10	0.0	1	10
140	22	0.0	1	22
141	15	0.0	1	15
142	9	0.0	1	8 1
143	13	0.0	1	13
144	19	0.0	1	18 1
145	19	0.0	1	19
146	21	0.0	1	21
147	22	0.0	1	21 1
148	20	0.0	1	20
149	25	0.0	1	25
150	23	0.0	1	23
151	17	0.0	1	17
152	13	0.0	1	13
153	16	0.0	1	16
154	8	0.0	1	7 1
155	21	0.0	1	20 1
156	17	0.0	1	17
157	16	0.0	1	16
158	9	0.0	1	9
159	15	0.0	1	15
160	23	0.0	1	23
161	18	0.0	1	17 1
162	23	0.0	1	23
163	37	0.0	1	36 1
164	16	0.0	1	16
165	28	0.0	1	27 1
166	17	0.0	1	16 1
167	18	0.0	1	16 2
168	31	0.0	1	30 1
169	26	0.0	1	24 2
170	40	0.0	1	40
171	29	0.0	1	29
172	80	0.0	1	80
173	46	0.0	1	46
174	26	0.0	1	25 1
175	26	0.0	1	25 1
176	16	0.0	1	15 1
177	27	0.0	1	26 1
178	21	0.0	1	21
179	23	0.0	1	23
180	23	0.0	1	22 1
181	22	0.0	1	20 2
182	27	0.0	1	26 1
183	29	0.0	1	29
184	22	0.0	1	22
185	29	0.0	1	25 4
186	37	0.0	1	35 2
187	34	0.0	1	33 1
188	27	0.0	1	26 1
189	25	0.0	1	24 1
190	38	0.0	1	38
191	38	0.0	1	35 3
192	22	0.0	1	22
193	56	0.0	1	53 3
194	18	0.0	1	18
195	40	0.0	1	38 2
196	46	0.0	1	44 2
197	42	0.0	1	40 2
198	56	0.0	1	52 4
199	55	0.0	1	55
200	56	0.0	1	54 2
201	40	0.0	1	40
202	46	0.0	1	42 4
203	37	0.0	1	36 1
204	41	0.0	1	40 1
205	29	0.0	1	27 2
206	38	0.0	1	38
207	57	0.0	1	56 1
208	49	0.0	1	48 1
209	73	0.0	1	71 2
210	82	0.0	1	80 2
211	77	0.0	1	72 5
212	79	0.0	1	79
213	74	0.0	1	72 2
214	64	0.0	1	60 4
215	44	0.0	1	44
216	57	0.0	1	55 2
217	69	0.0	1	68 1
218	66	0.0	1	66
219	108	0.0	1	108
220	49	0.0	1	47 2
221	34	0.0	1	34
222	59	0.0	1	56 3
223	74	0.0	1	72 2
224	95	0.0	1	94 1
225	71	0.0	1	68 3
226	67	0.0	1	67
227	96	0.0	1	92 4
228	106	0.0	1	100 6
229	83	0.0	1	80 3
230	108	0.0	1	104 4
231	104	0.0	1	102 2
232	92	0.0	1	90 2
233	85	0.0	1	81 4
234	94	0.0	1	93 1
235	110	0.0	1	109 1
236	96	0.0	1	90 6
237	150	0.0	1	142 8
238	142	0.0	1	140 2
239	241	0.0	1	232 9
240	272	0.0	1	262 10
241	102	0.0	1	100 2
242	87	0.0	1	84 3
243	38	0.0	1	38
244	90	0.0	1	89 1
245	106	0.0	1	102 4
246	150	0.0	1	145 5
247	185	0.0	1	182 3
248	126	0.0	1	123 3
249	132	0.0	1	128 4
250	118	0.0	1	114 4
251	185	0.0	1	183 2
252	231	0.0	1	226 5
253	289	0.0	1	285 4
254	115	0.0	1	109 6
255	89	0.0	1	85 4
256	111	0.0	1	111
257	249	0.0	1	242 7
258	251	0.0	1	246 5
259	144	0.0	1	143 1
260	208	0.0	1	204 4
261	204	0.0	1	201 3
262	204	0.0	1	199 5
263	299	0.0	1	290 9
264	315	0.0	1	309 6
265	236	0.0	1	227 9
266	329	0.0	1	319 10
267	449	0.0	1	438 11
268	423	0.0	1	410 13
269	291	0.0	1	282 9
270	308	0.0	1	304 4
271	384	0.0	1	369 15
272	353	0.0	1	337 16
273	255	0.0	1	247 8
274	391	0.0	1	377 14
275	217	0.0	1	211 6
276	210	0.0	1	199 11
277	294	0.0	1	280 14
278	260	0.0	1	252 8
279	273	0.0	1	265 8
280	241	0.0	1	233 8
281	435	0.0	1	418 17
282	354	0.0	1	341 13
283	356	0.0	1	341 15
284	411	0.0	1	392 19
285	428	0.0	1	411 17
286	446	0.0	1	430 16
287	354	0.0	1	344 10
288	251	0.0	1	241 10
289	643	0.0	1	626 17
290	437	0.0	1	418 19
291	426	0.0	1	416 10
292	435	0.0	1	424 11
293	333	0.0	1	324 9
294	390	0.0	1	370 20
295	321	0.0	1	305 16
296	279	0.0	1	274 5
297	91	0.0	1	85 6
298	6	0.0	1	6
299	21	0.0	1	18 3
300	16619	0.0	1	16133 486


=== Second read: Adapter 2 ===

Sequence: GACTACHVGGGTATCTAATCC; Type: regular 3'; Length: 21; Trimmed: 38648 times.

No. of allowed errors:
0-9 bp: 0; 10-19 bp: 1; 20-21 bp: 2

Bases preceding removed adapters:
  A: 0.0%
  C: 0.0%
  G: 0.0%
  T: 0.0%
  none/other: 99.9%

Overview of removed sequences
length	count	expect	max.err	error counts
4	2	151.2	0	2
50	8	0.0	2	4 4
51	3	0.0	2	3
52	6	0.0	2	3 2 1
53	6	0.0	2	4 1 1
54	13	0.0	2	8 4 1
55	32	0.0	2	26 5 1
56	39	0.0	2	39
57	75	0.0	2	74 1
58	52	0.0	2	49 3
59	29	0.0	2	27 2
60	34	0.0	2	31 3
61	12	0.0	2	12
62	7	0.0	2	7
63	2	0.0	2	1 1
64	1	0.0	2	0 1
65	3	0.0	2	3
66	7	0.0	2	6 1
67	57	0.0	2	51 5 1
68	47	0.0	2	46 1
69	51	0.0	2	48 3
70	23	0.0	2	22 1
71	9	0.0	2	9
72	6	0.0	2	5 1
73	2	0.0	2	2
74	3	0.0	2	3
75	4	0.0	2	4
76	2	0.0	2	1 0 1
77	1	0.0	2	1
78	4	0.0	2	3 1
79	3	0.0	2	2 1
81	7	0.0	2	4 3
82	9	0.0	2	8 1
83	5	0.0	2	5
84	7	0.0	2	6 1
85	3	0.0	2	2 1
86	6	0.0	2	5 1
87	6	0.0	2	4 2
88	3	0.0	2	2 1
89	1	0.0	2	1
90	3	0.0	2	3
91	7	0.0	2	6 1
92	11	0.0	2	11
93	21	0.0	2	19 2
94	22	0.0	2	20 2
95	22	0.0	2	20 2
96	14	0.0	2	10 4
97	6	0.0	2	5 1
98	12	0.0	2	11 1
99	2	0.0	2	2
100	8	0.0	2	8
101	5	0.0	2	3 2
102	2	0.0	2	2
103	6	0.0	2	6
104	1	0.0	2	1
105	5	0.0	2	5
106	3	0.0	2	3
107	5	0.0	2	5
108	1	0.0	2	1
109	6	0.0	2	5 1
111	3	0.0	2	3
113	1	0.0	2	1
114	1	0.0	2	0 1
115	5	0.0	2	3 2
116	10	0.0	2	9 1
117	5	0.0	2	5
118	9	0.0	2	9
119	1	0.0	2	1
120	3	0.0	2	2 1
121	7	0.0	2	6 1
122	4	0.0	2	4
123	24	0.0	2	21 3
124	26	0.0	2	22 3 1
125	19	0.0	2	18 1
126	13	0.0	2	12 1
127	12	0.0	2	10 2
128	7	0.0	2	6 1
129	6	0.0	2	5 1
130	3	0.0	2	3
131	7	0.0	2	4 3
132	13	0.0	2	10 3
133	102	0.0	2	99 3
134	140	0.0	2	136 4
135	77	0.0	2	75 2
136	35	0.0	2	33 2
137	10	0.0	2	9 1
139	4	0.0	2	3 1
140	23	0.0	2	20 3
141	11	0.0	2	8 2 1
142	22	0.0	2	21 1
143	28	0.0	2	25 2 1
144	27	0.0	2	24 3
145	56	0.0	2	53 3
146	56	0.0	2	49 5 2
147	52	0.0	2	46 6
148	38	0.0	2	35 2 1
149	18	0.0	2	16 2
150	13	0.0	2	11 2
151	14	0.0	2	11 3
152	22	0.0	2	21 1
153	9	0.0	2	9
154	21	0.0	2	20 1
155	70	0.0	2	66 4
156	159	0.0	2	154 5
157	105	0.0	2	102 3
158	80	0.0	2	79 1
159	49	0.0	2	48 1
160	27	0.0	2	23 3 1
161	12	0.0	2	11 1
162	17	0.0	2	16 1
163	20	0.0	2	18 2
164	42	0.0	2	38 3 1
165	29	0.0	2	29
166	29	0.0	2	24 4 1
167	117	0.0	2	112 5
168	71	0.0	2	69 2
169	92	0.0	2	88 4
170	60	0.0	2	55 4 1
171	68	0.0	2	62 5 1
172	56	0.0	2	53 3
173	108	0.0	2	105 3
174	91	0.0	2	87 3 1
175	72	0.0	2	69 3
176	56	0.0	2	54 2
177	68	0.0	2	67 1
178	50	0.0	2	48 2
179	59	0.0	2	52 6 1
180	75	0.0	2	72 2 1
181	31	0.0	2	30 1
182	29	0.0	2	28 1
183	31	0.0	2	26 3 2
184	25	0.0	2	21 3 1
185	38	0.0	2	33 5
186	51	0.0	2	42 7 2
187	36	0.0	2	32 4
188	24	0.0	2	21 3
189	63	0.0	2	60 3
190	89	0.0	2	81 7 1
191	109	0.0	2	101 7 1
192	110	0.0	2	107 3
193	239	0.0	2	231 8
194	188	0.0	2	178 10
195	241	0.0	2	224 15 2
196	49	0.0	2	47 2
197	23	0.0	2	23
198	49	0.0	2	44 4 1
199	84	0.0	2	81 3
200	114	0.0	2	109 4 1
201	56	0.0	2	47 8 1
202	163	0.0	2	156 6 1
203	316	0.0	2	305 11
204	127	0.0	2	121 5 1
205	228	0.0	2	219 8 1
206	162	0.0	2	150 9 3
207	203	0.0	2	193 7 3
208	97	0.0	2	85 12
209	182	0.0	2	171 11
210	133	0.0	2	123 10
211	232	0.0	2	221 11
212	207	0.0	2	198 6 3
213	234	0.0	2	227 7
214	210	0.0	2	205 4 1
215	125	0.0	2	114 11
216	108	0.0	2	103 5
217	35	0.0	2	35
218	27	0.0	2	19 8
219	194	0.0	2	183 11
220	84	0.0	2	79 3 2
221	89	0.0	2	72 15 2
222	358	0.0	2	332 24 2
223	565	0.0	2	547 17 1
224	237	0.0	2	224 11 2
225	578	0.0	2	550 27 1
226	677	0.0	2	655 17 5
227	853	0.0	2	831 22
228	178	0.0	2	161 17
229	502	0.0	2	486 16
230	131	0.0	2	117 12 2
231	108	0.0	2	104 4
232	60	0.0	2	59 1
233	201	0.0	2	187 14
234	357	0.0	2	347 9 1
235	118	0.0	2	111 7
236	45	0.0	2	43 2
237	9	0.0	2	8 1
238	10	0.0	2	7 2 1
239	39	0.0	2	16 22 1
240	589	0.0	2	547 36 6
241	1181	0.0	2	1147 32 2
242	770	0.0	2	750 19 1
243	797	0.0	2	773 22 2
244	310	0.0	2	295 15
245	235	0.0	2	226 8 1
246	105	0.0	2	98 6 1
247	51	0.0	2	46 3 2
248	82	0.0	2	75 6 1
249	580	0.0	2	549 27 4
250	1370	0.0	2	1327 41 2
251	1063	0.0	2	1039 23 1
252	319	0.0	2	312 6 1
253	145	0.0	2	129 16
254	310	0.0	2	300 10
255	213	0.0	2	201 12
256	814	0.0	2	793 17 4
257	467	0.0	2	444 23
258	646	0.0	2	632 13 1
259	591	0.0	2	580 10 1
260	517	0.0	2	503 14
261	316	0.0	2	303 13
262	482	0.0	2	472 10
263	197	0.0	2	191 5 1
264	88	0.0	2	86 2
265	118	0.0	2	113 5
266	451	0.0	2	437 14
267	677	0.0	2	663 13 1
268	371	0.0	2	359 12
269	415	0.0	2	404 11
270	480	0.0	2	462 17 1
271	506	0.0	2	488 17 1
272	108	0.0	2	104 4
273	83	0.0	2	78 4 1
274	159	0.0	2	152 6 1
275	38	0.0	2	36 2
276	53	0.0	2	48 5
277	761	0.0	2	733 28
278	287	0.0	2	281 4 2
279	435	0.0	2	429 6
280	552	0.0	2	546 6
281	238	0.0	2	232 6
282	353	0.0	2	348 5
283	253	0.0	2	242 11
284	160	0.0	2	156 4
285	180	0.0	2	178 2
286	86	0.0	2	84 2
287	280	0.0	2	266 14
288	94	0.0	2	91 3
289	735	0.0	2	724 11
290	68	0.0	2	67 1
291	514	0.0	2	506 8
292	453	0.0	2	449 4
293	305	0.0	2	298 7
294	93	0.0	2	92 1
295	27	0.0	2	26 1
296	6	0.0	2	6
297	24	0.0	2	23 1
298	1	0.0	2	1
300	3794	0.0	2	3720 72 2
