This is cutadapt 2.6 with Python 3.7.16
Command line parameters: -a CCTACGGGNGGCWGCAG -A GACTACHVGGGTATCTAATCC -o trimmed_reads/Bact-36_S35_R1_trimmed.fastq.gz -p trimmed_reads/Bact-36_S35_R2_trimmed.fastq.gz clean_reads/Bact-36_S35_R1_clean.fastq.gz clean_reads/Bact-36_S35_R2_clean.fastq.gz
Processing reads on 1 core in paired-end mode ...
Finished in 1.12 s (44 us/read; 1.37 M reads/minute).

=== Summary ===

Total read pairs processed:             25,656
  Read 1 with adapter:                  25,614 (99.8%)
  Read 2 with adapter:                  25,615 (99.8%)
Pairs written (passing filters):        25,656 (100.0%)

Total basepairs processed:    13,149,714 bp
  Read 1:     6,936,044 bp
  Read 2:     6,213,670 bp
Total written (filtered):         18,660 bp (0.1%)
  Read 1:        11,335 bp
  Read 2:         7,325 bp

=== First read: Adapter 1 ===

Sequence: CCTACGGGNGGCWGCAG; Type: regular 3'; Length: 17; Trimmed: 25614 times.

No. of allowed errors:
0-9 bp: 0; 10-16 bp: 1

Bases preceding removed adapters:
  A: 0.0%
  C: 0.0%
  G: 0.1%
  T: 0.0%
  none/other: 99.9%

Overview of removed sequences
length	count	expect	max.err	error counts
50	8	0.0	1	7 1
51	14	0.0	1	12 2
52	2	0.0	1	2
54	4	0.0	1	3 1
55	8	0.0	1	8
56	1	0.0	1	1
57	7	0.0	1	7
59	3	0.0	1	3
60	4	0.0	1	4
61	1	0.0	1	1
62	4	0.0	1	4
63	2	0.0	1	2
64	4	0.0	1	4
65	5	0.0	1	5
66	14	0.0	1	13 1
67	14	0.0	1	14
68	4	0.0	1	4
69	13	0.0	1	11 2
70	14	0.0	1	13 1
72	2	0.0	1	2
73	5	0.0	1	4 1
74	3	0.0	1	3
75	3	0.0	1	3
76	8	0.0	1	8
77	12	0.0	1	12
78	14	0.0	1	14
79	12	0.0	1	12
80	14	0.0	1	14
81	3	0.0	1	3
82	4	0.0	1	4
83	5	0.0	1	5
84	3	0.0	1	3
85	6	0.0	1	6
86	9	0.0	1	9
87	23	0.0	1	22 1
88	2	0.0	1	2
89	1	0.0	1	1
90	2	0.0	1	2
91	4	0.0	1	4
92	11	0.0	1	10 1
93	10	0.0	1	10
94	15	0.0	1	15
95	6	0.0	1	5 1
96	4	0.0	1	4
97	6	0.0	1	6
98	4	0.0	1	4
99	34	0.0	1	32 2
100	23	0.0	1	23
101	24	0.0	1	23 1
102	13	0.0	1	13
103	10	0.0	1	9 1
104	6	0.0	1	6
105	10	0.0	1	10
106	4	0.0	1	3 1
107	7	0.0	1	7
108	14	0.0	1	14
109	5	0.0	1	5
110	7	0.0	1	7
111	21	0.0	1	20 1
112	32	0.0	1	32
113	38	0.0	1	36 2
114	46	0.0	1	46
115	38	0.0	1	38
116	34	0.0	1	34
117	27	0.0	1	27
118	25	0.0	1	23 2
119	17	0.0	1	17
120	17	0.0	1	16 1
121	18	0.0	1	17 1
122	20	0.0	1	20
123	16	0.0	1	16
124	14	0.0	1	14
125	21	0.0	1	21
126	17	0.0	1	17
127	18	0.0	1	18
128	46	0.0	1	46
129	9	0.0	1	9
130	17	0.0	1	17
131	19	0.0	1	18 1
132	14	0.0	1	14
133	10	0.0	1	8 2
134	7	0.0	1	7
135	9	0.0	1	9
136	15	0.0	1	15
137	7	0.0	1	7
138	9	0.0	1	9
139	11	0.0	1	11
140	10	0.0	1	9 1
141	12	0.0	1	12
142	10	0.0	1	10
143	9	0.0	1	9
144	10	0.0	1	10
145	16	0.0	1	16
146	23	0.0	1	21 2
147	20	0.0	1	20
148	24	0.0	1	24
149	12	0.0	1	12
150	14	0.0	1	14
151	6	0.0	1	5 1
152	1	0.0	1	1
153	9	0.0	1	8 1
154	13	0.0	1	13
155	8	0.0	1	8
156	6	0.0	1	6
157	8	0.0	1	8
158	9	0.0	1	8 1
159	9	0.0	1	9
160	6	0.0	1	6
161	10	0.0	1	10
162	7	0.0	1	7
163	27	0.0	1	26 1
164	11	0.0	1	11
165	19	0.0	1	16 3
166	13	0.0	1	13
167	21	0.0	1	21
168	18	0.0	1	18
169	19	0.0	1	18 1
170	27	0.0	1	25 2
171	28	0.0	1	26 2
172	33	0.0	1	32 1
173	19	0.0	1	19
174	20	0.0	1	20
175	17	0.0	1	17
176	17	0.0	1	17
177	16	0.0	1	14 2
178	9	0.0	1	9
179	17	0.0	1	17
180	16	0.0	1	16
181	17	0.0	1	17
182	14	0.0	1	13 1
183	19	0.0	1	18 1
184	18	0.0	1	17 1
185	16	0.0	1	16
186	13	0.0	1	13
187	21	0.0	1	20 1
188	14	0.0	1	14
189	15	0.0	1	15
190	14	0.0	1	14
191	20	0.0	1	19 1
192	18	0.0	1	18
193	29	0.0	1	29
194	37	0.0	1	36 1
195	23	0.0	1	21 2
196	30	0.0	1	28 2
197	35	0.0	1	33 2
198	40	0.0	1	40
199	43	0.0	1	42 1
200	35	0.0	1	33 2
201	28	0.0	1	26 2
202	21	0.0	1	21
203	29	0.0	1	29
204	19	0.0	1	17 2
205	33	0.0	1	32 1
206	27	0.0	1	26 1
207	21	0.0	1	21
208	47	0.0	1	44 3
209	52	0.0	1	49 3
210	33	0.0	1	31 2
211	33	0.0	1	32 1
212	36	0.0	1	34 2
213	26	0.0	1	25 1
214	38	0.0	1	38
215	41	0.0	1	40 1
216	36	0.0	1	34 2
217	50	0.0	1	49 1
218	54	0.0	1	52 2
219	63	0.0	1	63
220	59	0.0	1	57 2
221	32	0.0	1	31 1
222	54	0.0	1	52 2
223	48	0.0	1	47 1
224	60	0.0	1	59 1
225	32	0.0	1	31 1
226	46	0.0	1	46
227	71	0.0	1	68 3
228	83	0.0	1	81 2
229	64	0.0	1	62 2
230	66	0.0	1	66
231	52	0.0	1	51 1
232	51	0.0	1	51
233	71	0.0	1	68 3
234	70	0.0	1	67 3
235	83	0.0	1	82 1
236	68	0.0	1	66 2
237	94	0.0	1	90 4
238	98	0.0	1	97 1
239	132	0.0	1	130 2
240	191	0.0	1	186 5
241	80	0.0	1	77 3
242	43	0.0	1	41 2
243	28	0.0	1	26 2
244	47	0.0	1	47
245	47	0.0	1	47
246	93	0.0	1	92 1
247	116	0.0	1	115 1
248	91	0.0	1	88 3
249	60	0.0	1	60
250	84	0.0	1	80 4
251	102	0.0	1	98 4
252	116	0.0	1	110 6
253	207	0.0	1	199 8
254	78	0.0	1	74 4
255	43	0.0	1	41 2
256	96	0.0	1	96
257	123	0.0	1	122 1
258	108	0.0	1	103 5
259	72	0.0	1	71 1
260	114	0.0	1	110 4
261	104	0.0	1	98 6
262	126	0.0	1	118 8
263	242	0.0	1	237 5
264	206	0.0	1	198 8
265	185	0.0	1	181 4
266	239	0.0	1	228 11
267	363	0.0	1	362 1
268	243	0.0	1	235 8
269	227	0.0	1	216 11
270	198	0.0	1	193 5
271	228	0.0	1	222 6
272	270	0.0	1	261 9
273	196	0.0	1	187 9
274	257	0.0	1	253 4
275	186	0.0	1	180 6
276	137	0.0	1	130 7
277	216	0.0	1	207 9
278	163	0.0	1	159 4
279	215	0.0	1	204 11
280	162	0.0	1	157 5
281	249	0.0	1	240 9
282	250	0.0	1	243 7
283	246	0.0	1	238 8
284	258	0.0	1	254 4
285	280	0.0	1	272 8
286	267	0.0	1	256 11
287	223	0.0	1	218 5
288	170	0.0	1	159 11
289	371	0.0	1	361 10
290	246	0.0	1	235 11
291	232	0.0	1	220 12
292	279	0.0	1	275 4
293	227	0.0	1	218 9
294	267	0.0	1	258 9
295	237	0.0	1	225 12
296	212	0.0	1	207 5
297	85	0.0	1	82 3
298	1	0.0	1	1
299	4	0.0	1	4
300	11251	0.0	1	10910 341


=== Second read: Adapter 2 ===

Sequence: GACTACHVGGGTATCTAATCC; Type: regular 3'; Length: 21; Trimmed: 25615 times.

No. of allowed errors:
0-9 bp: 0; 10-19 bp: 1; 20-21 bp: 2

Bases preceding removed adapters:
  A: 0.0%
  C: 0.0%
  G: 0.1%
  T: 0.0%
  none/other: 99.9%

Overview of removed sequences
length	count	expect	max.err	error counts
50	6	0.0	2	4 1 1
51	3	0.0	2	0 2 1
52	1	0.0	2	1
53	2	0.0	2	1 1
54	8	0.0	2	5 1 2
55	7	0.0	2	6 1
56	24	0.0	2	21 3
57	42	0.0	2	41 1
58	45	0.0	2	45
59	20	0.0	2	18 2
60	15	0.0	2	13 2
61	10	0.0	2	10
62	7	0.0	2	6 1
63	2	0.0	2	2
64	3	0.0	2	3
65	4	0.0	2	2 2
66	2	0.0	2	2
67	28	0.0	2	26 2
68	33	0.0	2	32 1
69	25	0.0	2	25
70	15	0.0	2	14 1
71	7	0.0	2	6 1
72	2	0.0	2	2
73	1	0.0	2	1
74	3	0.0	2	3
75	6	0.0	2	4 2
76	2	0.0	2	2
77	2	0.0	2	1 1
78	2	0.0	2	1 1
79	3	0.0	2	3
81	6	0.0	2	4 2
82	5	0.0	2	4 0 1
83	2	0.0	2	2
84	7	0.0	2	6 1
85	6	0.0	2	5 0 1
86	5	0.0	2	3 2
87	3	0.0	2	3
88	1	0.0	2	1
89	1	0.0	2	1
90	1	0.0	2	1
91	2	0.0	2	1 1
92	6	0.0	2	6
93	12	0.0	2	12
94	9	0.0	2	8 0 1
95	5	0.0	2	5
96	5	0.0	2	5
97	9	0.0	2	8 1
98	7	0.0	2	7
99	11	0.0	2	10 1
100	1	0.0	2	1
101	2	0.0	2	1 1
102	1	0.0	2	1
103	3	0.0	2	3
104	5	0.0	2	5
105	4	0.0	2	4
106	4	0.0	2	3 1
107	4	0.0	2	4
108	1	0.0	2	1
109	6	0.0	2	6
110	3	0.0	2	2 1
112	4	0.0	2	3 1
114	3	0.0	2	3
115	4	0.0	2	3 1
116	7	0.0	2	5 0 2
117	5	0.0	2	5
118	2	0.0	2	2
119	3	0.0	2	3
120	3	0.0	2	2 1
121	6	0.0	2	5 1
122	4	0.0	2	4
123	13	0.0	2	13
124	5	0.0	2	5
125	11	0.0	2	10 0 1
126	18	0.0	2	15 2 1
127	11	0.0	2	9 2
128	9	0.0	2	9
129	2	0.0	2	2
130	4	0.0	2	4
132	4	0.0	2	4
133	66	0.0	2	62 4
134	72	0.0	2	69 3
135	49	0.0	2	48 1
136	9	0.0	2	9
137	4	0.0	2	4
138	1	0.0	2	1
139	2	0.0	2	1 1
140	17	0.0	2	16 1
141	7	0.0	2	5 2
142	9	0.0	2	7 2
143	26	0.0	2	25 0 1
144	30	0.0	2	24 4 2
145	40	0.0	2	37 3
146	32	0.0	2	29 3
147	36	0.0	2	31 5
148	14	0.0	2	14
149	9	0.0	2	7 2
150	10	0.0	2	8 2
151	7	0.0	2	4 2 1
152	17	0.0	2	16 1
153	8	0.0	2	8
154	20	0.0	2	19 1
155	49	0.0	2	48 1
156	99	0.0	2	94 4 1
157	61	0.0	2	59 2
158	72	0.0	2	69 3
159	48	0.0	2	46 2
160	19	0.0	2	17 2
161	19	0.0	2	17 2
162	15	0.0	2	13 2
163	17	0.0	2	16 1
164	29	0.0	2	29
165	16	0.0	2	15 1
166	26	0.0	2	26
167	56	0.0	2	52 4
168	35	0.0	2	35
169	56	0.0	2	55 1
170	34	0.0	2	31 1 2
171	49	0.0	2	46 3
172	46	0.0	2	43 3
173	58	0.0	2	56 2
174	55	0.0	2	54 1
175	39	0.0	2	37 2
176	42	0.0	2	39 3
177	66	0.0	2	63 3
178	42	0.0	2	42
179	71	0.0	2	68 3
180	59	0.0	2	56 3
181	20	0.0	2	17 2 1
182	28	0.0	2	22 4 2
183	20	0.0	2	19 1
184	27	0.0	2	23 4
185	58	0.0	2	56 1 1
186	45	0.0	2	40 4 1
187	28	0.0	2	24 4
188	20	0.0	2	20
189	37	0.0	2	34 3
190	109	0.0	2	104 4 1
191	109	0.0	2	102 6 1
192	127	0.0	2	121 6
193	153	0.0	2	149 4
194	134	0.0	2	128 6
195	119	0.0	2	110 7 2
196	55	0.0	2	50 5
197	23	0.0	2	21 1 1
198	42	0.0	2	40 2
199	68	0.0	2	64 4
200	105	0.0	2	101 4
201	40	0.0	2	33 5 2
202	127	0.0	2	124 3
203	217	0.0	2	210 6 1
204	108	0.0	2	102 6
205	192	0.0	2	180 10 2
206	132	0.0	2	119 11 2
207	177	0.0	2	172 3 2
208	62	0.0	2	56 3 3
209	103	0.0	2	99 3 1
210	90	0.0	2	87 2 1
211	211	0.0	2	196 15
212	142	0.0	2	138 3 1
213	203	0.0	2	192 11
214	165	0.0	2	160 5
215	98	0.0	2	95 3
216	79	0.0	2	73 6
217	35	0.0	2	32 3
218	23	0.0	2	16 6 1
219	136	0.0	2	131 5
220	51	0.0	2	51
221	81	0.0	2	63 16 2
222	277	0.0	2	264 13
223	339	0.0	2	325 14
224	179	0.0	2	168 10 1
225	410	0.0	2	393 15 2
226	349	0.0	2	338 10 1
227	480	0.0	2	468 11 1
228	146	0.0	2	138 7 1
229	360	0.0	2	349 10 1
230	125	0.0	2	111 14
231	162	0.0	2	155 6 1
232	89	0.0	2	87 2
233	123	0.0	2	113 9 1
234	251	0.0	2	247 4
235	91	0.0	2	90 0 1
236	53	0.0	2	50 2 1
237	5	0.0	2	4 1
238	7	0.0	2	4 1 2
239	21	0.0	2	7 12 2
240	430	0.0	2	410 17 3
241	750	0.0	2	712 36 2
242	515	0.0	2	502 12 1
243	419	0.0	2	410 8 1
244	228	0.0	2	217 10 1
245	124	0.0	2	119 5
246	59	0.0	2	56 3
247	51	0.0	2	51
248	59	0.0	2	53 4 2
249	254	0.0	2	233 17 4
250	687	0.0	2	663 22 2
251	867	0.0	2	849 18
252	243	0.0	2	235 8
253	110	0.0	2	106 3 1
254	205	0.0	2	194 11
255	140	0.0	2	136 4
256	490	0.0	2	467 23
257	270	0.0	2	252 17 1
258	279	0.0	2	273 6
259	266	0.0	2	263 3
260	320	0.0	2	315 5
261	136	0.0	2	130 5 1
262	191	0.0	2	189 2
263	153	0.0	2	150 3
264	56	0.0	2	53 3
265	70	0.0	2	65 5
266	336	0.0	2	330 5 1
267	295	0.0	2	288 7
268	313	0.0	2	303 10
269	354	0.0	2	348 6
270	310	0.0	2	300 10
271	399	0.0	2	390 9
272	79	0.0	2	76 3
273	45	0.0	2	42 3
274	124	0.0	2	120 3 1
275	41	0.0	2	40 1
276	46	0.0	2	44 2
277	594	0.0	2	581 13
278	211	0.0	2	205 6
279	323	0.0	2	312 11
280	427	0.0	2	420 7
281	137	0.0	2	135 2
282	248	0.0	2	244 4
283	214	0.0	2	211 3
284	107	0.0	2	104 3
285	161	0.0	2	155 5 1
286	52	0.0	2	49 3
287	188	0.0	2	185 3
288	57	0.0	2	55 2
289	440	0.0	2	431 9
290	29	0.0	2	29
291	235	0.0	2	228 7
292	259	0.0	2	251 8
293	238	0.0	2	232 6
294	71	0.0	2	69 2
295	16	0.0	2	16
296	4	0.0	2	4
297	18	0.0	2	18
298	1	0.0	2	1
300	2357	0.0	2	2309 48
