This is cutadapt 2.6 with Python 3.7.16
Command line parameters: -a CCTACGGGNGGCWGCAG -A GACTACHVGGGTATCTAATCC -o trimmed_reads/Bact-6_S6_R1_trimmed.fastq.gz -p trimmed_reads/Bact-6_S6_R2_trimmed.fastq.gz clean_reads/Bact-6_S6_R1_clean.fastq.gz clean_reads/Bact-6_S6_R2_clean.fastq.gz
Processing reads on 1 core in paired-end mode ...
Finished in 1.20 s (37 us/read; 1.60 M reads/minute).

=== Summary ===

Total read pairs processed:             31,956
  Read 1 with adapter:                  31,875 (99.7%)
  Read 2 with adapter:                  31,899 (99.8%)
Pairs written (passing filters):        31,956 (100.0%)

Total basepairs processed:    16,482,261 bp
  Read 1:     8,624,934 bp
  Read 2:     7,857,327 bp
Total written (filtered):         33,507 bp (0.2%)
  Read 1:        21,479 bp
  Read 2:        12,028 bp

=== First read: Adapter 1 ===

Sequence: CCTACGGGNGGCWGCAG; Type: regular 3'; Length: 17; Trimmed: 31875 times.

No. of allowed errors:
0-9 bp: 0; 10-16 bp: 1

Bases preceding removed adapters:
  A: 0.0%
  C: 0.0%
  G: 0.1%
  T: 0.0%
  none/other: 99.9%

Overview of removed sequences
length	count	expect	max.err	error counts
8	1	0.5	0	1
19	1	0.0	1	1
50	13	0.0	1	13
51	16	0.0	1	15 1
52	8	0.0	1	8
53	2	0.0	1	2
54	5	0.0	1	4 1
55	8	0.0	1	8
56	3	0.0	1	2 1
57	6	0.0	1	6
58	1	0.0	1	1
59	7	0.0	1	7
60	3	0.0	1	3
61	1	0.0	1	1
62	2	0.0	1	1 1
63	1	0.0	1	1
64	3	0.0	1	2 1
65	4	0.0	1	4
66	12	0.0	1	12
67	18	0.0	1	16 2
68	14	0.0	1	14
69	14	0.0	1	13 1
70	10	0.0	1	9 1
71	3	0.0	1	3
72	2	0.0	1	1 1
73	8	0.0	1	8
74	12	0.0	1	11 1
75	7	0.0	1	7
76	20	0.0	1	20
77	21	0.0	1	19 2
78	19	0.0	1	18 1
79	11	0.0	1	11
80	4	0.0	1	4
81	8	0.0	1	8
82	12	0.0	1	11 1
83	3	0.0	1	3
84	7	0.0	1	6 1
85	11	0.0	1	11
86	5	0.0	1	5
87	25	0.0	1	25
88	4	0.0	1	4
89	1	0.0	1	1
90	1	0.0	1	1
91	5	0.0	1	5
92	18	0.0	1	18
93	22	0.0	1	21 1
94	9	0.0	1	9
95	7	0.0	1	5 2
96	7	0.0	1	7
97	9	0.0	1	9
98	4	0.0	1	4
99	25	0.0	1	24 1
100	31	0.0	1	31
101	33	0.0	1	33
102	12	0.0	1	12
103	10	0.0	1	10
104	9	0.0	1	7 2
105	9	0.0	1	9
106	6	0.0	1	6
107	7	0.0	1	7
108	12	0.0	1	11 1
109	5	0.0	1	5
110	2	0.0	1	2
111	22	0.0	1	22
112	40	0.0	1	39 1
113	50	0.0	1	48 2
114	48	0.0	1	48
115	37	0.0	1	36 1
116	41	0.0	1	39 2
117	35	0.0	1	35
118	19	0.0	1	18 1
119	29	0.0	1	29
120	26	0.0	1	26
121	22	0.0	1	21 1
122	22	0.0	1	19 3
123	36	0.0	1	35 1
124	20	0.0	1	20
125	37	0.0	1	37
126	28	0.0	1	27 1
127	24	0.0	1	24
128	59	0.0	1	56 3
129	19	0.0	1	17 2
130	12	0.0	1	12
131	22	0.0	1	20 2
132	10	0.0	1	10
133	11	0.0	1	11
134	9	0.0	1	9
135	22	0.0	1	22
136	15	0.0	1	15
137	11	0.0	1	11
138	12	0.0	1	12
139	7	0.0	1	7
140	11	0.0	1	11
141	10	0.0	1	10
142	18	0.0	1	18
143	17	0.0	1	17
144	13	0.0	1	10 3
145	12	0.0	1	12
146	17	0.0	1	15 2
147	19	0.0	1	19
148	12	0.0	1	12
149	16	0.0	1	15 1
150	12	0.0	1	12
151	13	0.0	1	13
152	6	0.0	1	6
153	15	0.0	1	13 2
154	17	0.0	1	17
155	13	0.0	1	13
156	8	0.0	1	8
157	14	0.0	1	14
158	6	0.0	1	6
159	7	0.0	1	7
160	8	0.0	1	7 1
161	17	0.0	1	17
162	17	0.0	1	17
163	34	0.0	1	34
164	15	0.0	1	12 3
165	21	0.0	1	19 2
166	14	0.0	1	14
167	20	0.0	1	19 1
168	30	0.0	1	29 1
169	33	0.0	1	30 3
170	41	0.0	1	41
171	24	0.0	1	24
172	48	0.0	1	43 5
173	38	0.0	1	38
174	30	0.0	1	29 1
175	24	0.0	1	23 1
176	18	0.0	1	17 1
177	15	0.0	1	12 3
178	15	0.0	1	14 1
179	25	0.0	1	25
180	24	0.0	1	24
181	10	0.0	1	10
182	18	0.0	1	16 2
183	25	0.0	1	24 1
184	15	0.0	1	13 2
185	24	0.0	1	22 2
186	30	0.0	1	27 3
187	40	0.0	1	40
188	28	0.0	1	27 1
189	24	0.0	1	23 1
190	32	0.0	1	31 1
191	37	0.0	1	34 3
192	14	0.0	1	14
193	35	0.0	1	35
194	28	0.0	1	27 1
195	37	0.0	1	36 1
196	50	0.0	1	50
197	48	0.0	1	47 1
198	39	0.0	1	35 4
199	42	0.0	1	40 2
200	31	0.0	1	27 4
201	41	0.0	1	40 1
202	36	0.0	1	36
203	36	0.0	1	34 2
204	29	0.0	1	27 2
205	39	0.0	1	39
206	46	0.0	1	43 3
207	49	0.0	1	47 2
208	39	0.0	1	37 2
209	55	0.0	1	51 4
210	52	0.0	1	52
211	44	0.0	1	43 1
212	58	0.0	1	56 2
213	62	0.0	1	60 2
214	51	0.0	1	49 2
215	83	0.0	1	80 3
216	45	0.0	1	39 6
217	57	0.0	1	56 1
218	67	0.0	1	65 2
219	101	0.0	1	99 2
220	51	0.0	1	49 2
221	43	0.0	1	40 3
222	64	0.0	1	62 2
223	45	0.0	1	42 3
224	54	0.0	1	54
225	52	0.0	1	51 1
226	84	0.0	1	80 4
227	94	0.0	1	92 2
228	98	0.0	1	96 2
229	59	0.0	1	58 1
230	80	0.0	1	75 5
231	59	0.0	1	56 3
232	79	0.0	1	75 4
233	89	0.0	1	83 6
234	99	0.0	1	96 3
235	83	0.0	1	77 6
236	59	0.0	1	56 3
237	108	0.0	1	103 5
238	88	0.0	1	82 6
239	170	0.0	1	160 10
240	217	0.0	1	207 10
241	85	0.0	1	83 2
242	66	0.0	1	64 2
243	41	0.0	1	39 2
244	62	0.0	1	59 3
245	69	0.0	1	68 1
246	116	0.0	1	112 4
247	149	0.0	1	142 7
248	110	0.0	1	107 3
249	106	0.0	1	104 2
250	100	0.0	1	98 2
251	136	0.0	1	131 5
252	157	0.0	1	153 4
253	262	0.0	1	252 10
254	124	0.0	1	121 3
255	107	0.0	1	99 8
256	95	0.0	1	91 4
257	139	0.0	1	133 6
258	148	0.0	1	145 3
259	98	0.0	1	97 1
260	153	0.0	1	149 4
261	154	0.0	1	148 6
262	171	0.0	1	164 7
263	256	0.0	1	249 7
264	250	0.0	1	240 10
265	216	0.0	1	205 11
266	313	0.0	1	301 12
267	397	0.0	1	381 16
268	320	0.0	1	310 10
269	230	0.0	1	224 6
270	221	0.0	1	211 10
271	354	0.0	1	335 19
272	351	0.0	1	339 12
273	255	0.0	1	242 13
274	387	0.0	1	379 8
275	201	0.0	1	195 6
276	167	0.0	1	160 7
277	210	0.0	1	203 7
278	178	0.0	1	166 12
279	254	0.0	1	250 4
280	184	0.0	1	174 10
281	354	0.0	1	343 11
282	279	0.0	1	270 9
283	302	0.0	1	290 12
284	347	0.0	1	338 9
285	328	0.0	1	314 14
286	332	0.0	1	320 12
287	286	0.0	1	275 11
288	220	0.0	1	210 10
289	478	0.0	1	462 16
290	315	0.0	1	304 11
291	330	0.0	1	321 9
292	396	0.0	1	386 10
293	277	0.0	1	267 10
294	374	0.0	1	368 6
295	233	0.0	1	219 14
296	261	0.0	1	254 7
297	89	0.0	1	88 1
298	6	0.0	1	6
299	7	0.0	1	6 1
300	13806	0.0	1	13345 461


=== Second read: Adapter 2 ===

Sequence: GACTACHVGGGTATCTAATCC; Type: regular 3'; Length: 21; Trimmed: 31899 times.

No. of allowed errors:
0-9 bp: 0; 10-19 bp: 1; 20-21 bp: 2

Bases preceding removed adapters:
  A: 0.0%
  C: 0.0%
  G: 0.0%
  T: 0.0%
  none/other: 99.9%

Overview of removed sequences
length	count	expect	max.err	error counts
3	1	499.3	0	1
48	1	0.0	2	0 0 1
50	12	0.0	2	7 3 2
51	6	0.0	2	1 4 1
52	3	0.0	2	3
53	3	0.0	2	2 1
54	10	0.0	2	5 2 3
55	10	0.0	2	6 4
56	28	0.0	2	27 1
57	46	0.0	2	42 3 1
58	25	0.0	2	24 1
59	23	0.0	2	21 2
60	25	0.0	2	23 1 1
61	7	0.0	2	6 1
62	10	0.0	2	10
63	4	0.0	2	3 0 1
64	5	0.0	2	4 0 1
65	4	0.0	2	3 1
66	8	0.0	2	5 3
67	34	0.0	2	29 5
68	31	0.0	2	31
69	20	0.0	2	20
70	9	0.0	2	9
71	8	0.0	2	7 0 1
72	5	0.0	2	3 2
73	4	0.0	2	3 1
74	2	0.0	2	1 1
75	3	0.0	2	2 1
76	2	0.0	2	2
78	1	0.0	2	0 1
79	4	0.0	2	3 1
80	1	0.0	2	1
81	8	0.0	2	7 1
82	6	0.0	2	6
83	2	0.0	2	2
84	6	0.0	2	6
85	3	0.0	2	2 1
86	4	0.0	2	4
87	8	0.0	2	5 3
88	4	0.0	2	3 1
89	2	0.0	2	2
90	2	0.0	2	2
91	2	0.0	2	2
92	9	0.0	2	8 1
93	14	0.0	2	13 0 1
94	14	0.0	2	14
95	12	0.0	2	12
96	11	0.0	2	11
97	9	0.0	2	8 1
98	5	0.0	2	4 1
99	7	0.0	2	7
100	5	0.0	2	3 1 1
101	6	0.0	2	5 1
102	2	0.0	2	2
103	4	0.0	2	4
104	2	0.0	2	2
105	5	0.0	2	4 0 1
106	1	0.0	2	1
107	1	0.0	2	1
108	3	0.0	2	2 0 1
109	1	0.0	2	1
110	2	0.0	2	2
111	1	0.0	2	1
112	2	0.0	2	2
113	4	0.0	2	3 1
114	1	0.0	2	1
115	4	0.0	2	1 2 1
116	7	0.0	2	7
117	6	0.0	2	5 0 1
118	5	0.0	2	4 1
119	9	0.0	2	9
120	8	0.0	2	5 2 1
121	5	0.0	2	4 1
122	4	0.0	2	4
123	11	0.0	2	11
124	12	0.0	2	12
125	10	0.0	2	10
126	12	0.0	2	12
127	19	0.0	2	17 2
128	8	0.0	2	8
130	10	0.0	2	6 4
131	9	0.0	2	8 1
132	5	0.0	2	3 2
133	74	0.0	2	70 3 1
134	70	0.0	2	67 3
135	72	0.0	2	72
136	28	0.0	2	26 2
137	3	0.0	2	3
138	2	0.0	2	2
139	4	0.0	2	1 3
140	14	0.0	2	12 1 1
141	5	0.0	2	3 2
142	14	0.0	2	14
143	18	0.0	2	17 1
144	21	0.0	2	19 1 1
145	41	0.0	2	40 1
146	41	0.0	2	38 3
147	24	0.0	2	22 2
148	21	0.0	2	20 1
149	9	0.0	2	9
150	17	0.0	2	17
151	11	0.0	2	9 1 1
152	14	0.0	2	12 2
153	10	0.0	2	9 1
154	27	0.0	2	25 2
155	53	0.0	2	53
156	119	0.0	2	116 1 2
157	84	0.0	2	74 8 2
158	56	0.0	2	55 1
159	40	0.0	2	40
160	8	0.0	2	7 1
161	21	0.0	2	19 2
162	20	0.0	2	18 1 1
163	15	0.0	2	14 1
164	24	0.0	2	23 1
165	21	0.0	2	18 3
166	35	0.0	2	35
167	54	0.0	2	47 7
168	41	0.0	2	39 2
169	69	0.0	2	65 4
170	41	0.0	2	37 3 1
171	48	0.0	2	41 6 1
172	45	0.0	2	42 3
173	38	0.0	2	37 1
174	75	0.0	2	74 1
175	50	0.0	2	47 3
176	63	0.0	2	61 1 1
177	65	0.0	2	60 3 2
178	67	0.0	2	61 5 1
179	59	0.0	2	54 4 1
180	59	0.0	2	55 3 1
181	19	0.0	2	16 3
182	23	0.0	2	20 3
183	35	0.0	2	31 4
184	29	0.0	2	25 4
185	65	0.0	2	59 6
186	61	0.0	2	55 4 2
187	42	0.0	2	42
188	24	0.0	2	22 1 1
189	49	0.0	2	45 4
190	102	0.0	2	98 4
191	128	0.0	2	121 7
192	127	0.0	2	121 6
193	165	0.0	2	161 3 1
194	132	0.0	2	128 4
195	138	0.0	2	134 4
196	53	0.0	2	50 1 2
197	26	0.0	2	21 5
198	25	0.0	2	22 3
199	97	0.0	2	91 6
200	98	0.0	2	91 7
201	73	0.0	2	66 7
202	137	0.0	2	128 8 1
203	235	0.0	2	222 12 1
204	130	0.0	2	122 6 2
205	180	0.0	2	170 7 3
206	156	0.0	2	139 16 1
207	195	0.0	2	185 9 1
208	84	0.0	2	73 9 2
209	121	0.0	2	116 5
210	99	0.0	2	94 5
211	276	0.0	2	263 13
212	195	0.0	2	189 6
213	223	0.0	2	218 5
214	169	0.0	2	162 4 3
215	101	0.0	2	98 3
216	93	0.0	2	86 6 1
217	32	0.0	2	30 2
218	41	0.0	2	32 7 2
219	153	0.0	2	143 10
220	91	0.0	2	86 3 2
221	88	0.0	2	77 9 2
222	302	0.0	2	283 18 1
223	392	0.0	2	382 7 3
224	199	0.0	2	189 9 1
225	378	0.0	2	363 15
226	396	0.0	2	377 17 2
227	536	0.0	2	501 32 3
228	164	0.0	2	156 8
229	372	0.0	2	357 14 1
230	153	0.0	2	131 18 4
231	176	0.0	2	164 11 1
232	74	0.0	2	72 2
233	201	0.0	2	184 16 1
234	381	0.0	2	364 16 1
235	103	0.0	2	99 4
236	36	0.0	2	35 0 1
237	6	0.0	2	5 1
238	8	0.0	2	6 0 2
239	29	0.0	2	14 13 2
240	422	0.0	2	397 25
241	816	0.0	2	793 23
242	603	0.0	2	584 18 1
243	559	0.0	2	537 21 1
244	283	0.0	2	266 16 1
245	173	0.0	2	165 8
246	83	0.0	2	76 6 1
247	60	0.0	2	56 4
248	65	0.0	2	56 9
249	334	0.0	2	308 23 3
250	1031	0.0	2	988 42 1
251	1043	0.0	2	1005 36 2
252	279	0.0	2	271 8
253	127	0.0	2	120 7
254	242	0.0	2	229 13
255	186	0.0	2	173 11 2
256	614	0.0	2	591 22 1
257	371	0.0	2	355 15 1
258	372	0.0	2	362 7 3
259	418	0.0	2	409 8 1
260	441	0.0	2	432 8 1
261	255	0.0	2	249 6
262	263	0.0	2	254 8 1
263	196	0.0	2	190 6
264	75	0.0	2	72 3
265	118	0.0	2	111 7
266	391	0.0	2	384 7
267	307	0.0	2	301 6
268	292	0.0	2	283 9
269	447	0.0	2	434 11 2
270	382	0.0	2	373 9
271	552	0.0	2	544 8
272	75	0.0	2	74 1
273	80	0.0	2	78 2
274	185	0.0	2	181 4
275	35	0.0	2	32 3
276	65	0.0	2	62 3
277	700	0.0	2	683 17
278	295	0.0	2	288 7
279	402	0.0	2	390 11 1
280	550	0.0	2	535 13 2
281	187	0.0	2	182 5
282	342	0.0	2	332 9 1
283	242	0.0	2	235 7
284	175	0.0	2	169 6
285	186	0.0	2	182 4
286	78	0.0	2	75 2 1
287	295	0.0	2	290 5
288	76	0.0	2	74 2
289	558	0.0	2	547 11
290	55	0.0	2	54 1
291	316	0.0	2	312 4
292	361	0.0	2	354 7
293	334	0.0	2	324 10
294	106	0.0	2	106
295	26	0.0	2	25 1
296	9	0.0	2	9
297	19	0.0	2	19
298	1	0.0	2	1
299	2	0.0	2	1 1
300	3651	0.0	2	3574 76 1
