This is cutadapt 2.6 with Python 3.7.16
Command line parameters: -a CCTACGGGNGGCWGCAG -A GACTACHVGGGTATCTAATCC -o trimmed_reads/Bact-18_S17_R1_trimmed.fastq.gz -p trimmed_reads/Bact-18_S17_R2_trimmed.fastq.gz clean_reads/Bact-18_S17_R1_clean.fastq.gz clean_reads/Bact-18_S17_R2_clean.fastq.gz
Processing reads on 1 core in paired-end mode ...
Finished in 2.62 s (32 us/read; 1.87 M reads/minute).

=== Summary ===

Total read pairs processed:             81,811
  Read 1 with adapter:                  81,638 (99.8%)
  Read 2 with adapter:                  81,695 (99.9%)
Pairs written (passing filters):        81,811 (100.0%)

Total basepairs processed:    42,686,248 bp
  Read 1:    22,141,978 bp
  Read 2:    20,544,270 bp
Total written (filtered):         70,515 bp (0.2%)
  Read 1:        47,455 bp
  Read 2:        23,060 bp

=== First read: Adapter 1 ===

Sequence: CCTACGGGNGGCWGCAG; Type: regular 3'; Length: 17; Trimmed: 81638 times.

No. of allowed errors:
0-9 bp: 0; 10-16 bp: 1

Bases preceding removed adapters:
  A: 0.0%
  C: 0.0%
  G: 0.1%
  T: 0.0%
  none/other: 99.9%

Overview of removed sequences
length	count	expect	max.err	error counts
3	1	1278.3	0	1
7	1	5.0	0	1
8	1	1.2	0	1
15	1	0.0	1	1
28	1	0.0	1	1
41	1	0.0	1	1
49	1	0.0	1	1
50	49	0.0	1	48 1
51	42	0.0	1	40 2
52	16	0.0	1	16
53	5	0.0	1	5
54	15	0.0	1	15
55	35	0.0	1	35
56	4	0.0	1	4
57	25	0.0	1	23 2
58	9	0.0	1	9
59	14	0.0	1	13 1
60	6	0.0	1	6
61	8	0.0	1	8
62	13	0.0	1	13
63	5	0.0	1	5
64	8	0.0	1	8
65	11	0.0	1	9 2
66	24	0.0	1	22 2
67	52	0.0	1	50 2
68	26	0.0	1	24 2
69	23	0.0	1	19 4
70	17	0.0	1	16 1
71	16	0.0	1	15 1
72	8	0.0	1	8
73	15	0.0	1	14 1
74	31	0.0	1	30 1
75	14	0.0	1	11 3
76	34	0.0	1	33 1
77	68	0.0	1	65 3
78	49	0.0	1	49
79	23	0.0	1	23
80	16	0.0	1	16
81	16	0.0	1	16
82	24	0.0	1	24
83	8	0.0	1	7 1
84	13	0.0	1	13
85	23	0.0	1	23
86	18	0.0	1	18
87	33	0.0	1	31 2
88	12	0.0	1	11 1
89	2	0.0	1	2
91	23	0.0	1	23
92	41	0.0	1	41
93	35	0.0	1	33 2
94	27	0.0	1	27
95	10	0.0	1	10
96	13	0.0	1	12 1
97	11	0.0	1	11
98	18	0.0	1	17 1
99	73	0.0	1	73
100	90	0.0	1	88 2
101	111	0.0	1	110 1
102	34	0.0	1	34
103	33	0.0	1	33
104	21	0.0	1	21
105	13	0.0	1	13
106	22	0.0	1	21 1
107	20	0.0	1	20
108	28	0.0	1	27 1
109	14	0.0	1	13 1
110	16	0.0	1	16
111	72	0.0	1	72
112	125	0.0	1	122 3
113	139	0.0	1	138 1
114	144	0.0	1	143 1
115	111	0.0	1	111
116	128	0.0	1	126 2
117	109	0.0	1	106 3
118	72	0.0	1	71 1
119	60	0.0	1	60
120	48	0.0	1	48
121	71	0.0	1	68 3
122	57	0.0	1	56 1
123	81	0.0	1	77 4
124	58	0.0	1	57 1
125	66	0.0	1	66
126	70	0.0	1	68 2
127	58	0.0	1	57 1
128	133	0.0	1	132 1
129	38	0.0	1	35 3
130	37	0.0	1	35 2
131	29	0.0	1	27 2
132	37	0.0	1	36 1
133	33	0.0	1	32 1
134	34	0.0	1	34
135	43	0.0	1	43
136	32	0.0	1	31 1
137	26	0.0	1	24 2
138	31	0.0	1	31
139	36	0.0	1	35 1
140	38	0.0	1	37 1
141	27	0.0	1	27
142	46	0.0	1	45 1
143	29	0.0	1	27 2
144	34	0.0	1	32 2
145	33	0.0	1	32 1
146	49	0.0	1	48 1
147	34	0.0	1	33 1
148	33	0.0	1	32 1
149	36	0.0	1	34 2
150	26	0.0	1	25 1
151	29	0.0	1	26 3
152	31	0.0	1	29 2
153	33	0.0	1	33
154	24	0.0	1	24
155	33	0.0	1	31 2
156	29	0.0	1	27 2
157	28	0.0	1	28
158	37	0.0	1	37
159	23	0.0	1	21 2
160	16	0.0	1	16
161	27	0.0	1	25 2
162	56	0.0	1	55 1
163	81	0.0	1	76 5
164	35	0.0	1	33 2
165	61	0.0	1	60 1
166	45	0.0	1	45
167	45	0.0	1	43 2
168	71	0.0	1	70 1
169	95	0.0	1	92 3
170	77	0.0	1	74 3
171	76	0.0	1	72 4
172	92	0.0	1	89 3
173	92	0.0	1	89 3
174	77	0.0	1	75 2
175	60	0.0	1	55 5
176	51	0.0	1	50 1
177	40	0.0	1	40
178	35	0.0	1	35
179	45	0.0	1	44 1
180	37	0.0	1	37
181	38	0.0	1	37 1
182	50	0.0	1	48 2
183	69	0.0	1	65 4
184	55	0.0	1	53 2
185	52	0.0	1	52
186	66	0.0	1	65 1
187	63	0.0	1	61 2
188	61	0.0	1	61
189	52	0.0	1	51 1
190	69	0.0	1	69
191	75	0.0	1	73 2
192	52	0.0	1	52
193	78	0.0	1	75 3
194	92	0.0	1	89 3
195	107	0.0	1	104 3
196	111	0.0	1	105 6
197	92	0.0	1	91 1
198	140	0.0	1	138 2
199	126	0.0	1	125 1
200	118	0.0	1	115 3
201	120	0.0	1	114 6
202	80	0.0	1	75 5
203	71	0.0	1	70 1
204	77	0.0	1	74 3
205	67	0.0	1	63 4
206	130	0.0	1	126 4
207	111	0.0	1	104 7
208	108	0.0	1	104 4
209	142	0.0	1	139 3
210	99	0.0	1	92 7
211	106	0.0	1	104 2
212	151	0.0	1	147 4
213	193	0.0	1	189 4
214	105	0.0	1	101 4
215	168	0.0	1	165 3
216	98	0.0	1	94 4
217	171	0.0	1	165 6
218	146	0.0	1	140 6
219	215	0.0	1	209 6
220	137	0.0	1	132 5
221	132	0.0	1	132
222	138	0.0	1	133 5
223	129	0.0	1	122 7
224	140	0.0	1	137 3
225	116	0.0	1	112 4
226	113	0.0	1	108 5
227	190	0.0	1	180 10
228	244	0.0	1	238 6
229	148	0.0	1	139 9
230	177	0.0	1	172 5
231	173	0.0	1	167 6
232	155	0.0	1	151 4
233	210	0.0	1	203 7
234	188	0.0	1	186 2
235	215	0.0	1	205 10
236	168	0.0	1	157 11
237	258	0.0	1	242 16
238	294	0.0	1	281 13
239	361	0.0	1	349 12
240	568	0.0	1	554 14
241	235	0.0	1	222 13
242	151	0.0	1	145 6
243	115	0.0	1	110 5
244	197	0.0	1	186 11
245	189	0.0	1	181 8
246	295	0.0	1	285 10
247	384	0.0	1	373 11
248	298	0.0	1	287 11
249	263	0.0	1	258 5
250	235	0.0	1	227 8
251	331	0.0	1	323 8
252	400	0.0	1	391 9
253	501	0.0	1	484 17
254	283	0.0	1	278 5
255	196	0.0	1	191 5
256	267	0.0	1	258 9
257	363	0.0	1	355 8
258	393	0.0	1	381 12
259	256	0.0	1	248 8
260	331	0.0	1	316 15
261	339	0.0	1	329 10
262	405	0.0	1	390 15
263	674	0.0	1	645 29
264	625	0.0	1	607 18
265	536	0.0	1	518 18
266	840	0.0	1	809 31
267	902	0.0	1	868 34
268	825	0.0	1	809 16
269	614	0.0	1	600 14
270	594	0.0	1	571 23
271	839	0.0	1	809 30
272	882	0.0	1	862 20
273	548	0.0	1	526 22
274	929	0.0	1	905 24
275	472	0.0	1	454 18
276	446	0.0	1	428 18
277	648	0.0	1	632 16
278	429	0.0	1	412 17
279	679	0.0	1	660 19
280	459	0.0	1	441 18
281	758	0.0	1	737 21
282	709	0.0	1	684 25
283	757	0.0	1	727 30
284	874	0.0	1	851 23
285	914	0.0	1	879 35
286	735	0.0	1	705 30
287	709	0.0	1	687 22
288	590	0.0	1	558 32
289	1114	0.0	1	1079 35
290	826	0.0	1	807 19
291	829	0.0	1	803 26
292	951	0.0	1	926 25
293	695	0.0	1	666 29
294	1022	0.0	1	989 33
295	608	0.0	1	581 27
296	594	0.0	1	573 21
297	268	0.0	1	256 12
298	21	0.0	1	20 1
299	22	0.0	1	20 2
300	36762	0.0	1	35679 1083


=== Second read: Adapter 2 ===

Sequence: GACTACHVGGGTATCTAATCC; Type: regular 3'; Length: 21; Trimmed: 81695 times.

No. of allowed errors:
0-9 bp: 0; 10-19 bp: 1; 20-21 bp: 2

Bases preceding removed adapters:
  A: 0.0%
  C: 0.0%
  G: 0.0%
  T: 0.0%
  none/other: 99.9%

Overview of removed sequences
length	count	expect	max.err	error counts
3	2	1278.3	0	2
4	1	319.6	0	1
50	17	0.0	2	9 3 5
51	5	0.0	2	3 2
52	8	0.0	2	7 1
53	7	0.0	2	6 1
54	13	0.0	2	8 3 2
55	31	0.0	2	22 7 2
56	64	0.0	2	62 2
57	109	0.0	2	106 3
58	82	0.0	2	77 5
59	50	0.0	2	48 2
60	25	0.0	2	21 4
61	17	0.0	2	16 0 1
62	9	0.0	2	8 1
63	8	0.0	2	8
64	9	0.0	2	9
65	9	0.0	2	7 1 1
66	12	0.0	2	9 3
67	58	0.0	2	56 2
68	63	0.0	2	60 3
69	74	0.0	2	73 1
70	35	0.0	2	32 3
71	23	0.0	2	18 2 3
72	10	0.0	2	8 1 1
73	7	0.0	2	5 2
74	6	0.0	2	5 0 1
75	3	0.0	2	2 1
76	4	0.0	2	3 1
77	4	0.0	2	3 0 1
78	5	0.0	2	3 1 1
79	2	0.0	2	2
80	4	0.0	2	4
81	17	0.0	2	16 1
82	10	0.0	2	8 2
83	7	0.0	2	7
84	5	0.0	2	5
85	11	0.0	2	6 3 2
86	13	0.0	2	11 2
87	9	0.0	2	8 1
88	7	0.0	2	5 2
89	2	0.0	2	2
90	6	0.0	2	5 1
91	5	0.0	2	3 1 1
92	17	0.0	2	15 1 1
93	26	0.0	2	26
94	36	0.0	2	35 1
95	20	0.0	2	20
96	24	0.0	2	21 3
97	17	0.0	2	15 2
98	17	0.0	2	16 1
99	20	0.0	2	15 4 1
100	20	0.0	2	17 3
101	13	0.0	2	13
102	6	0.0	2	6
103	6	0.0	2	5 1
104	5	0.0	2	5
105	3	0.0	2	2 1
106	4	0.0	2	4
107	10	0.0	2	9 0 1
108	4	0.0	2	2 2
109	7	0.0	2	7
110	5	0.0	2	4 1
111	4	0.0	2	3 1
112	3	0.0	2	2 0 1
113	3	0.0	2	3
114	6	0.0	2	5 1
115	4	0.0	2	3 1
116	13	0.0	2	13
117	10	0.0	2	9 1
118	15	0.0	2	13 2
119	10	0.0	2	9 1
120	7	0.0	2	1 5 1
121	9	0.0	2	9
122	16	0.0	2	16
123	26	0.0	2	25 1
124	24	0.0	2	23 1
125	27	0.0	2	27
126	17	0.0	2	16 1
127	14	0.0	2	11 1 2
128	12	0.0	2	11 0 1
129	5	0.0	2	5
130	9	0.0	2	8 1
131	12	0.0	2	10 1 1
132	11	0.0	2	11
133	135	0.0	2	134 1
134	184	0.0	2	180 4
135	136	0.0	2	131 5
136	41	0.0	2	39 1 1
137	13	0.0	2	11 2
138	4	0.0	2	4
139	9	0.0	2	5 4
140	38	0.0	2	36 2
141	11	0.0	2	10 1
142	37	0.0	2	32 5
143	39	0.0	2	35 4
144	54	0.0	2	48 5 1
145	91	0.0	2	82 8 1
146	86	0.0	2	82 2 2
147	89	0.0	2	85 4
148	35	0.0	2	33 2
149	28	0.0	2	21 7
150	26	0.0	2	21 4 1
151	12	0.0	2	10 2
152	25	0.0	2	23 2
153	23	0.0	2	20 3
154	42	0.0	2	41 1
155	136	0.0	2	132 4
156	200	0.0	2	194 6
157	160	0.0	2	157 2 1
158	122	0.0	2	115 7
159	81	0.0	2	76 4 1
160	45	0.0	2	40 5
161	34	0.0	2	33 1
162	32	0.0	2	31 1
163	31	0.0	2	30 1
164	50	0.0	2	47 2 1
165	49	0.0	2	46 3
166	48	0.0	2	47 1
167	118	0.0	2	112 5 1
168	77	0.0	2	75 2
169	92	0.0	2	88 4
170	78	0.0	2	73 5
171	75	0.0	2	71 4
172	96	0.0	2	88 8
173	139	0.0	2	134 5
174	212	0.0	2	202 10
175	213	0.0	2	207 5 1
176	138	0.0	2	136 2
177	195	0.0	2	187 8
178	155	0.0	2	148 6 1
179	140	0.0	2	128 12
180	137	0.0	2	131 5 1
181	46	0.0	2	41 5
182	55	0.0	2	45 8 2
183	33	0.0	2	30 3
184	70	0.0	2	64 6
185	131	0.0	2	122 8 1
186	121	0.0	2	114 6 1
187	70	0.0	2	66 4
188	35	0.0	2	31 3 1
189	95	0.0	2	93 2
190	216	0.0	2	212 4
191	278	0.0	2	265 12 1
192	272	0.0	2	262 10
193	385	0.0	2	358 25 2
194	307	0.0	2	292 14 1
195	319	0.0	2	299 19 1
196	103	0.0	2	93 8 2
197	67	0.0	2	65 1 1
198	76	0.0	2	71 4 1
199	179	0.0	2	169 9 1
200	240	0.0	2	230 8 2
201	179	0.0	2	166 11 2
202	275	0.0	2	265 10
203	473	0.0	2	458 14 1
204	272	0.0	2	255 14 3
205	404	0.0	2	386 16 2
206	306	0.0	2	275 27 4
207	441	0.0	2	421 18 2
208	168	0.0	2	151 17
209	264	0.0	2	251 11 2
210	235	0.0	2	217 17 1
211	556	0.0	2	533 21 2
212	368	0.0	2	357 11
213	509	0.0	2	488 19 2
214	310	0.0	2	296 14
215	278	0.0	2	269 9
216	198	0.0	2	193 3 2
217	84	0.0	2	79 3 2
218	62	0.0	2	44 17 1
219	341	0.0	2	327 14
220	182	0.0	2	177 3 2
221	199	0.0	2	166 26 7
222	688	0.0	2	653 31 4
223	950	0.0	2	909 40 1
224	473	0.0	2	453 15 5
225	923	0.0	2	887 26 10
226	935	0.0	2	903 30 2
227	1388	0.0	2	1342 45 1
228	387	0.0	2	349 37 1
229	918	0.0	2	879 31 8
230	376	0.0	2	348 25 3
231	323	0.0	2	310 13
232	195	0.0	2	182 11 2
233	386	0.0	2	354 29 3
234	729	0.0	2	710 18 1
235	221	0.0	2	209 10 2
236	104	0.0	2	102 2
237	17	0.0	2	15 2
238	26	0.0	2	20 3 3
239	84	0.0	2	44 37 3
240	897	0.0	2	837 49 11
241	1896	0.0	2	1835 61
242	1593	0.0	2	1528 62 3
243	1138	0.0	2	1105 33
244	549	0.0	2	535 14
245	360	0.0	2	346 14
246	173	0.0	2	162 10 1
247	112	0.0	2	98 10 4
248	141	0.0	2	131 9 1
249	773	0.0	2	727 43 3
250	2477	0.0	2	2388 82 7
251	2682	0.0	2	2616 65 1
252	767	0.0	2	735 30 2
253	316	0.0	2	293 22 1
254	640	0.0	2	606 31 3
255	485	0.0	2	455 27 3
256	1593	0.0	2	1541 49 3
257	840	0.0	2	807 28 5
258	884	0.0	2	848 33 3
259	1071	0.0	2	1038 32 1
260	1207	0.0	2	1171 35 1
261	649	0.0	2	630 18 1
262	710	0.0	2	692 16 2
263	404	0.0	2	396 8
264	162	0.0	2	155 6 1
265	324	0.0	2	303 20 1
266	899	0.0	2	870 27 2
267	881	0.0	2	862 18 1
268	747	0.0	2	727 20
269	1260	0.0	2	1223 35 2
270	1125	0.0	2	1097 28
271	1442	0.0	2	1413 29
272	214	0.0	2	205 8 1
273	201	0.0	2	189 12
274	446	0.0	2	438 8
275	67	0.0	2	60 6 1
276	182	0.0	2	161 21
277	2110	0.0	2	2061 49
278	889	0.0	2	866 22 1
279	1109	0.0	2	1071 38
280	1663	0.0	2	1641 19 3
281	588	0.0	2	573 15
282	997	0.0	2	973 23 1
283	680	0.0	2	660 20
284	400	0.0	2	388 11 1
285	541	0.0	2	530 10 1
286	289	0.0	2	277 12
287	805	0.0	2	784 21
288	209	0.0	2	191 17 1
289	1725	0.0	2	1690 33 2
290	143	0.0	2	135 7 1
291	959	0.0	2	941 18
292	1123	0.0	2	1103 19 1
293	955	0.0	2	941 14
294	263	0.0	2	256 7
295	89	0.0	2	88 1
296	16	0.0	2	16
297	38	0.0	2	37 1
298	5	0.0	2	5
300	12071	0.0	2	11837 231 3
