This is cutadapt 2.6 with Python 3.7.16
Command line parameters: -a CCTACGGGNGGCWGCAG -A GACTACHVGGGTATCTAATCC -o trimmed_reads/Bact-56_S54_R1_trimmed.fastq.gz -p trimmed_reads/Bact-56_S54_R2_trimmed.fastq.gz clean_reads/Bact-56_S54_R1_clean.fastq.gz clean_reads/Bact-56_S54_R2_clean.fastq.gz
Processing reads on 1 core in paired-end mode ...
Finished in 1.47 s (31 us/read; 1.92 M reads/minute).

=== Summary ===

Total read pairs processed:             47,031
  Read 1 with adapter:                  46,947 (99.8%)
  Read 2 with adapter:                  46,972 (99.9%)
Pairs written (passing filters):        47,031 (100.0%)

Total basepairs processed:    23,853,230 bp
  Read 1:    12,626,447 bp
  Read 2:    11,226,783 bp
Total written (filtered):         34,120 bp (0.1%)
  Read 1:        22,942 bp
  Read 2:        11,178 bp

=== First read: Adapter 1 ===

Sequence: CCTACGGGNGGCWGCAG; Type: regular 3'; Length: 17; Trimmed: 46947 times.

No. of allowed errors:
0-9 bp: 0; 10-16 bp: 1

Bases preceding removed adapters:
  A: 0.0%
  C: 0.0%
  G: 0.0%
  T: 0.0%
  none/other: 99.9%

Overview of removed sequences
length	count	expect	max.err	error counts
3	1	734.9	0	1
39	1	0.0	1	1
40	1	0.0	1	1
50	16	0.0	1	16
51	22	0.0	1	22
52	4	0.0	1	4
53	7	0.0	1	7
54	10	0.0	1	10
55	12	0.0	1	12
57	4	0.0	1	2 2
58	1	0.0	1	1
59	9	0.0	1	9
60	4	0.0	1	4
61	5	0.0	1	4 1
62	6	0.0	1	6
63	3	0.0	1	3
64	9	0.0	1	8 1
65	3	0.0	1	3
66	21	0.0	1	20 1
67	37	0.0	1	37
68	7	0.0	1	7
69	15	0.0	1	15
70	9	0.0	1	9
71	8	0.0	1	8
72	9	0.0	1	9
73	8	0.0	1	8
74	11	0.0	1	11
75	7	0.0	1	5 2
76	12	0.0	1	12
77	20	0.0	1	19 1
78	23	0.0	1	23
79	13	0.0	1	11 2
80	16	0.0	1	16
81	9	0.0	1	9
82	13	0.0	1	12 1
83	5	0.0	1	5
84	9	0.0	1	9
85	14	0.0	1	14
86	12	0.0	1	12
87	26	0.0	1	26
88	13	0.0	1	12 1
91	11	0.0	1	11
92	26	0.0	1	24 2
93	29	0.0	1	28 1
94	16	0.0	1	16
95	10	0.0	1	10
96	17	0.0	1	17
97	11	0.0	1	11
98	12	0.0	1	12
99	58	0.0	1	58
100	45	0.0	1	45
101	49	0.0	1	49
102	21	0.0	1	21
103	15	0.0	1	14 1
104	18	0.0	1	16 2
105	9	0.0	1	8 1
106	4	0.0	1	4
107	13	0.0	1	13
108	14	0.0	1	13 1
109	11	0.0	1	9 2
110	9	0.0	1	8 1
111	37	0.0	1	37
112	66	0.0	1	65 1
113	60	0.0	1	59 1
114	78	0.0	1	78
115	67	0.0	1	65 2
116	84	0.0	1	82 2
117	61	0.0	1	61
118	43	0.0	1	43
119	42	0.0	1	41 1
120	30	0.0	1	30
121	39	0.0	1	39
122	36	0.0	1	36
123	48	0.0	1	48
124	34	0.0	1	34
125	49	0.0	1	48 1
126	45	0.0	1	44 1
127	31	0.0	1	31
128	111	0.0	1	102 9
129	34	0.0	1	32 2
130	33	0.0	1	31 2
131	23	0.0	1	23
132	22	0.0	1	22
133	19	0.0	1	18 1
134	21	0.0	1	21
135	32	0.0	1	31 1
136	26	0.0	1	25 1
137	23	0.0	1	21 2
138	20	0.0	1	20
139	16	0.0	1	16
140	34	0.0	1	33 1
141	15	0.0	1	14 1
142	17	0.0	1	17
143	16	0.0	1	15 1
144	24	0.0	1	24
145	34	0.0	1	32 2
146	34	0.0	1	33 1
147	18	0.0	1	18
148	34	0.0	1	33 1
149	36	0.0	1	32 4
150	16	0.0	1	16
151	12	0.0	1	12
152	16	0.0	1	15 1
153	20	0.0	1	19 1
154	18	0.0	1	16 2
155	15	0.0	1	15
156	20	0.0	1	18 2
157	17	0.0	1	16 1
158	14	0.0	1	14
159	11	0.0	1	9 2
160	25	0.0	1	24 1
161	28	0.0	1	27 1
162	29	0.0	1	28 1
163	46	0.0	1	42 4
164	19	0.0	1	17 2
165	42	0.0	1	40 2
166	29	0.0	1	29
167	22	0.0	1	22
168	44	0.0	1	43 1
169	44	0.0	1	43 1
170	38	0.0	1	35 3
171	46	0.0	1	43 3
172	67	0.0	1	67
173	57	0.0	1	55 2
174	28	0.0	1	27 1
175	29	0.0	1	28 1
176	28	0.0	1	27 1
177	38	0.0	1	36 2
178	30	0.0	1	28 2
179	19	0.0	1	16 3
180	27	0.0	1	27
181	21	0.0	1	17 4
182	33	0.0	1	32 1
183	37	0.0	1	37
184	25	0.0	1	24 1
185	35	0.0	1	33 2
186	43	0.0	1	40 3
187	38	0.0	1	37 1
188	37	0.0	1	37
189	43	0.0	1	42 1
190	44	0.0	1	41 3
191	38	0.0	1	38
192	27	0.0	1	27
193	66	0.0	1	66
194	46	0.0	1	45 1
195	51	0.0	1	46 5
196	59	0.0	1	59
197	58	0.0	1	58
198	70	0.0	1	69 1
199	67	0.0	1	64 3
200	47	0.0	1	46 1
201	70	0.0	1	70
202	50	0.0	1	49 1
203	55	0.0	1	53 2
204	55	0.0	1	53 2
205	59	0.0	1	57 2
206	62	0.0	1	59 3
207	68	0.0	1	68
208	89	0.0	1	84 5
209	94	0.0	1	92 2
210	91	0.0	1	87 4
211	76	0.0	1	72 4
212	70	0.0	1	69 1
213	71	0.0	1	64 7
214	84	0.0	1	82 2
215	108	0.0	1	105 3
216	73	0.0	1	70 3
217	93	0.0	1	90 3
218	88	0.0	1	82 6
219	152	0.0	1	145 7
220	89	0.0	1	88 1
221	69	0.0	1	65 4
222	75	0.0	1	69 6
223	95	0.0	1	93 2
224	80	0.0	1	78 2
225	72	0.0	1	70 2
226	74	0.0	1	74
227	108	0.0	1	103 5
228	143	0.0	1	141 2
229	135	0.0	1	130 5
230	136	0.0	1	129 7
231	109	0.0	1	104 5
232	114	0.0	1	106 8
233	121	0.0	1	113 8
234	131	0.0	1	124 7
235	152	0.0	1	146 6
236	128	0.0	1	123 5
237	170	0.0	1	165 5
238	171	0.0	1	164 7
239	284	0.0	1	278 6
240	374	0.0	1	360 14
241	172	0.0	1	165 7
242	120	0.0	1	111 9
243	77	0.0	1	72 5
244	101	0.0	1	97 4
245	77	0.0	1	75 2
246	165	0.0	1	157 8
247	249	0.0	1	241 8
248	227	0.0	1	221 6
249	140	0.0	1	134 6
250	141	0.0	1	140 1
251	210	0.0	1	204 6
252	272	0.0	1	266 6
253	368	0.0	1	359 9
254	198	0.0	1	192 6
255	134	0.0	1	128 6
256	154	0.0	1	154
257	212	0.0	1	200 12
258	264	0.0	1	256 8
259	143	0.0	1	138 5
260	218	0.0	1	213 5
261	230	0.0	1	222 8
262	224	0.0	1	216 8
263	433	0.0	1	427 6
264	394	0.0	1	385 9
265	336	0.0	1	325 11
266	459	0.0	1	437 22
267	755	0.0	1	734 21
268	507	0.0	1	485 22
269	421	0.0	1	409 12
270	383	0.0	1	370 13
271	448	0.0	1	427 21
272	476	0.0	1	457 19
273	411	0.0	1	396 15
274	578	0.0	1	563 15
275	356	0.0	1	348 8
276	249	0.0	1	235 14
277	374	0.0	1	364 10
278	313	0.0	1	301 12
279	407	0.0	1	397 10
280	302	0.0	1	292 10
281	449	0.0	1	436 13
282	414	0.0	1	397 17
283	364	0.0	1	345 19
284	558	0.0	1	537 21
285	482	0.0	1	463 19
286	521	0.0	1	505 16
287	436	0.0	1	421 15
288	347	0.0	1	334 13
289	740	0.0	1	717 23
290	518	0.0	1	504 14
291	447	0.0	1	429 18
292	543	0.0	1	517 26
293	466	0.0	1	453 13
294	553	0.0	1	532 21
295	382	0.0	1	370 12
296	366	0.0	1	356 10
297	135	0.0	1	130 5
298	2	0.0	1	2
299	15	0.0	1	13 2
300	19069	0.0	1	18459 610


=== Second read: Adapter 2 ===

Sequence: GACTACHVGGGTATCTAATCC; Type: regular 3'; Length: 21; Trimmed: 46972 times.

No. of allowed errors:
0-9 bp: 0; 10-19 bp: 1; 20-21 bp: 2

Bases preceding removed adapters:
  A: 0.0%
  C: 0.0%
  G: 0.1%
  T: 0.0%
  none/other: 99.9%

Overview of removed sequences
length	count	expect	max.err	error counts
3	2	734.9	0	2
4	1	183.7	0	1
50	7	0.0	2	6 1
51	2	0.0	2	2
52	4	0.0	2	3 0 1
53	4	0.0	2	3 1
54	14	0.0	2	8 3 3
55	15	0.0	2	13 1 1
56	48	0.0	2	46 2
57	84	0.0	2	78 6
58	63	0.0	2	61 2
59	33	0.0	2	32 1
60	22	0.0	2	18 4
61	16	0.0	2	16
62	6	0.0	2	5 1
63	6	0.0	2	6
64	10	0.0	2	10
65	3	0.0	2	2 1
66	6	0.0	2	4 1 1
67	53	0.0	2	50 2 1
68	60	0.0	2	58 2
69	49	0.0	2	45 4
70	27	0.0	2	24 3
71	14	0.0	2	9 3 2
72	9	0.0	2	7 2
73	5	0.0	2	4 1
74	7	0.0	2	3 3 1
75	4	0.0	2	4
76	3	0.0	2	2 1
77	2	0.0	2	2
78	3	0.0	2	2 1
79	5	0.0	2	3 2
80	4	0.0	2	4
81	16	0.0	2	14 2
82	5	0.0	2	5
83	9	0.0	2	8 0 1
84	13	0.0	2	11 1 1
85	4	0.0	2	4
86	8	0.0	2	4 2 2
87	7	0.0	2	7
88	2	0.0	2	1 1
89	3	0.0	2	2 1
90	3	0.0	2	2 1
91	3	0.0	2	3
92	17	0.0	2	13 4
93	20	0.0	2	19 1
94	27	0.0	2	24 3
95	15	0.0	2	15
96	11	0.0	2	9 1 1
97	10	0.0	2	7 3
98	11	0.0	2	9 1 1
99	12	0.0	2	11 1
100	10	0.0	2	7 3
101	11	0.0	2	7 2 2
102	6	0.0	2	5 1
103	6	0.0	2	6
104	6	0.0	2	5 1
105	1	0.0	2	1
106	2	0.0	2	1 1
107	3	0.0	2	2 1
108	9	0.0	2	9
109	10	0.0	2	8 2
110	2	0.0	2	2
111	1	0.0	2	1
112	5	0.0	2	4 1
113	4	0.0	2	3 1
114	2	0.0	2	2
115	5	0.0	2	5
116	8	0.0	2	8
117	9	0.0	2	8 1
118	11	0.0	2	9 2
119	8	0.0	2	5 3
120	4	0.0	2	3 1
121	7	0.0	2	7
122	6	0.0	2	5 1
123	22	0.0	2	18 3 1
124	25	0.0	2	23 2
125	27	0.0	2	26 1
126	22	0.0	2	19 1 2
127	21	0.0	2	18 2 1
128	13	0.0	2	11 1 1
129	4	0.0	2	3 1
130	8	0.0	2	8
131	4	0.0	2	4
132	12	0.0	2	11 1
133	103	0.0	2	99 4
134	145	0.0	2	142 3
135	96	0.0	2	89 7
136	34	0.0	2	33 1
137	8	0.0	2	8
138	2	0.0	2	1 1
139	9	0.0	2	5 4
140	44	0.0	2	42 2
141	10	0.0	2	7 3
142	33	0.0	2	31 2
143	34	0.0	2	31 3
144	46	0.0	2	42 3 1
145	94	0.0	2	86 7 1
146	70	0.0	2	63 7
147	49	0.0	2	46 3
148	14	0.0	2	13 1
149	12	0.0	2	11 1
150	25	0.0	2	24 1
151	6	0.0	2	4 1 1
152	29	0.0	2	27 2
153	24	0.0	2	24
154	33	0.0	2	31 2
155	84	0.0	2	80 3 1
156	194	0.0	2	188 6
157	135	0.0	2	135
158	133	0.0	2	125 7 1
159	82	0.0	2	77 5
160	44	0.0	2	41 2 1
161	23	0.0	2	19 4
162	37	0.0	2	36 1
163	34	0.0	2	32 2
164	48	0.0	2	41 6 1
165	43	0.0	2	42 1
166	54	0.0	2	49 5
167	72	0.0	2	66 6
168	72	0.0	2	68 4
169	140	0.0	2	132 8
170	99	0.0	2	96 2 1
171	79	0.0	2	73 6
172	90	0.0	2	85 4 1
173	103	0.0	2	94 9
174	92	0.0	2	89 3
175	105	0.0	2	101 4
176	133	0.0	2	128 5
177	138	0.0	2	133 4 1
178	76	0.0	2	73 2 1
179	123	0.0	2	115 6 2
180	110	0.0	2	99 10 1
181	32	0.0	2	31 1
182	44	0.0	2	41 3
183	63	0.0	2	61 2
184	53	0.0	2	51 2
185	92	0.0	2	83 9
186	102	0.0	2	96 6
187	53	0.0	2	50 2 1
188	30	0.0	2	28 2
189	85	0.0	2	82 3
190	199	0.0	2	191 8
191	213	0.0	2	206 6 1
192	265	0.0	2	257 7 1
193	332	0.0	2	323 8 1
194	332	0.0	2	315 16 1
195	301	0.0	2	278 20 3
196	102	0.0	2	101 1
197	61	0.0	2	57 4
198	59	0.0	2	55 3 1
199	145	0.0	2	134 8 3
200	222	0.0	2	216 5 1
201	111	0.0	2	101 8 2
202	279	0.0	2	256 19 4
203	467	0.0	2	439 26 2
204	232	0.0	2	215 14 3
205	385	0.0	2	363 19 3
206	258	0.0	2	235 21 2
207	375	0.0	2	363 10 2
208	125	0.0	2	116 8 1
209	252	0.0	2	238 13 1
210	178	0.0	2	172 5 1
211	421	0.0	2	407 13 1
212	332	0.0	2	323 8 1
213	405	0.0	2	393 12
214	336	0.0	2	326 9 1
215	215	0.0	2	202 12 1
216	156	0.0	2	146 10
217	81	0.0	2	80 1
218	36	0.0	2	28 8
219	275	0.0	2	263 11 1
220	171	0.0	2	163 7 1
221	127	0.0	2	111 10 6
222	563	0.0	2	537 25 1
223	669	0.0	2	648 21
224	386	0.0	2	365 20 1
225	800	0.0	2	772 26 2
226	607	0.0	2	580 27
227	986	0.0	2	954 31 1
228	344	0.0	2	325 17 2
229	738	0.0	2	714 20 4
230	234	0.0	2	209 22 3
231	332	0.0	2	318 14
232	145	0.0	2	139 5 1
233	290	0.0	2	275 15
234	537	0.0	2	520 15 2
235	179	0.0	2	174 4 1
236	73	0.0	2	71 2
237	8	0.0	2	8
238	12	0.0	2	10 0 2
239	41	0.0	2	26 15
240	713	0.0	2	673 36 4
241	1383	0.0	2	1345 35 3
242	1037	0.0	2	1004 31 2
243	862	0.0	2	828 33 1
244	391	0.0	2	379 12
245	309	0.0	2	300 8 1
246	119	0.0	2	112 7
247	80	0.0	2	77 3
248	103	0.0	2	97 5 1
249	528	0.0	2	507 17 4
250	1264	0.0	2	1230 34
251	1453	0.0	2	1412 41
252	401	0.0	2	393 8
253	191	0.0	2	176 15
254	381	0.0	2	362 18 1
255	196	0.0	2	186 10
256	904	0.0	2	872 32
257	475	0.0	2	457 17 1
258	600	0.0	2	587 13
259	549	0.0	2	537 11 1
260	555	0.0	2	542 12 1
261	350	0.0	2	343 7
262	333	0.0	2	329 4
263	263	0.0	2	258 4 1
264	113	0.0	2	106 6 1
265	144	0.0	2	132 12
266	659	0.0	2	643 14 2
267	717	0.0	2	697 19 1
268	681	0.0	2	664 17
269	542	0.0	2	523 19
270	679	0.0	2	657 21 1
271	641	0.0	2	623 17 1
272	146	0.0	2	143 2 1
273	76	0.0	2	74 2
274	195	0.0	2	191 4
275	47	0.0	2	44 3
276	69	0.0	2	63 6
277	844	0.0	2	818 25 1
278	350	0.0	2	342 8
279	428	0.0	2	420 8
280	660	0.0	2	646 12 2
281	218	0.0	2	214 3 1
282	423	0.0	2	416 7
283	289	0.0	2	284 5
284	192	0.0	2	188 4
285	230	0.0	2	226 4
286	113	0.0	2	110 3
287	317	0.0	2	312 5
288	92	0.0	2	91 1
289	672	0.0	2	660 12
290	60	0.0	2	59 1
291	393	0.0	2	384 9
292	358	0.0	2	352 6
293	311	0.0	2	304 7
294	93	0.0	2	91 2
295	23	0.0	2	23
296	4	0.0	2	4
297	10	0.0	2	10
299	1	0.0	2	1
300	3452	0.0	2	3377 74 1
