This is cutadapt 2.6 with Python 3.7.16
Command line parameters: -a CCTACGGGNGGCWGCAG -A GACTACHVGGGTATCTAATCC -o trimmed_reads/tm_S17_R1_trimmed.fastq.gz -p trimmed_reads/tm_S17_R2_trimmed.fastq.gz clean_reads/tm_S17_R1_clean.fastq.gz clean_reads/tm_S17_R2_clean.fastq.gz
Processing reads on 1 core in paired-end mode ...
Finished in 5.73 s (29 us/read; 2.07 M reads/minute).

=== Summary ===

Total read pairs processed:            197,359
  Read 1 with adapter:                 196,972 (99.8%)
  Read 2 with adapter:                 197,159 (99.9%)
Pairs written (passing filters):       197,359 (100.0%)

Total basepairs processed:    95,185,080 bp
  Read 1:    51,113,061 bp
  Read 2:    44,072,019 bp
Total written (filtered):        137,893 bp (0.1%)
  Read 1:       104,696 bp
  Read 2:        33,197 bp

=== First read: Adapter 1 ===

Sequence: CCTACGGGNGGCWGCAG; Type: regular 3'; Length: 17; Trimmed: 196972 times.

No. of allowed errors:
0-9 bp: 0; 10-16 bp: 1

Bases preceding removed adapters:
  A: 0.0%
  C: 0.0%
  G: 0.0%
  T: 0.0%
  none/other: 100.0%

Overview of removed sequences
length	count	expect	max.err	error counts
3	2	3083.7	0	2
13	1	0.0	1	1
24	1	0.0	1	1
41	1	0.0	1	1
49	1	0.0	1	1
50	111	0.0	1	110 1
51	79	0.0	1	78 1
52	59	0.0	1	56 3
53	22	0.0	1	21 1
54	31	0.0	1	30 1
55	215	0.0	1	208 7
56	39	0.0	1	38 1
57	71	0.0	1	65 6
58	32	0.0	1	32
59	45	0.0	1	43 2
60	54	0.0	1	53 1
61	78	0.0	1	73 5
62	41	0.0	1	40 1
63	45	0.0	1	41 4
64	55	0.0	1	51 4
65	80	0.0	1	78 2
66	242	0.0	1	235 7
67	283	0.0	1	276 7
68	146	0.0	1	141 5
69	141	0.0	1	129 12
70	100	0.0	1	96 4
71	53	0.0	1	50 3
72	28	0.0	1	26 2
73	27	0.0	1	23 4
74	65	0.0	1	64 1
75	34	0.0	1	34
76	82	0.0	1	80 2
77	154	0.0	1	154
78	209	0.0	1	207 2
79	173	0.0	1	168 5
80	76	0.0	1	73 3
81	84	0.0	1	83 1
82	92	0.0	1	89 3
83	39	0.0	1	37 2
84	51	0.0	1	49 2
85	86	0.0	1	83 3
86	35	0.0	1	35
87	50	0.0	1	48 2
88	10	0.0	1	10
89	20	0.0	1	19 1
90	12	0.0	1	10 2
91	35	0.0	1	33 2
92	163	0.0	1	160 3
93	143	0.0	1	141 2
94	98	0.0	1	95 3
95	31	0.0	1	31
96	51	0.0	1	49 2
97	128	0.0	1	124 4
98	28	0.0	1	26 2
99	737	0.0	1	727 10
100	1062	0.0	1	1054 8
101	871	0.0	1	868 3
102	446	0.0	1	441 5
103	265	0.0	1	258 7
104	123	0.0	1	117 6
105	90	0.0	1	85 5
106	90	0.0	1	85 5
107	83	0.0	1	80 3
108	91	0.0	1	90 1
109	51	0.0	1	47 4
110	65	0.0	1	62 3
111	683	0.0	1	676 7
112	1002	0.0	1	995 7
113	1075	0.0	1	1064 11
114	962	0.0	1	957 5
115	618	0.0	1	612 6
116	697	0.0	1	687 10
117	557	0.0	1	548 9
118	292	0.0	1	290 2
119	281	0.0	1	278 3
120	368	0.0	1	358 10
121	511	0.0	1	509 2
122	739	0.0	1	726 13
123	754	0.0	1	744 10
124	588	0.0	1	581 7
125	519	0.0	1	512 7
126	402	0.0	1	393 9
127	420	0.0	1	412 8
128	369	0.0	1	363 6
129	300	0.0	1	297 3
130	338	0.0	1	333 5
131	276	0.0	1	270 6
132	233	0.0	1	231 2
133	206	0.0	1	203 3
134	253	0.0	1	251 2
135	256	0.0	1	251 5
136	211	0.0	1	208 3
137	192	0.0	1	191 1
138	129	0.0	1	127 2
139	134	0.0	1	128 6
140	151	0.0	1	148 3
141	180	0.0	1	179 1
142	195	0.0	1	190 5
143	169	0.0	1	164 5
144	147	0.0	1	145 2
145	182	0.0	1	181 1
146	172	0.0	1	170 2
147	197	0.0	1	194 3
148	148	0.0	1	145 3
149	195	0.0	1	192 3
150	238	0.0	1	237 1
151	226	0.0	1	222 4
152	167	0.0	1	161 6
153	151	0.0	1	148 3
154	139	0.0	1	137 2
155	128	0.0	1	122 6
156	117	0.0	1	114 3
157	126	0.0	1	101 25
158	1828	0.0	1	1800 28
159	85	0.0	1	81 4
160	73	0.0	1	71 2
161	137	0.0	1	134 3
162	109	0.0	1	103 6
163	143	0.0	1	137 6
164	140	0.0	1	132 8
165	269	0.0	1	265 4
166	238	0.0	1	231 7
167	157	0.0	1	153 4
168	153	0.0	1	147 6
169	300	0.0	1	290 10
170	247	0.0	1	237 10
171	294	0.0	1	283 11
172	362	0.0	1	346 16
173	376	0.0	1	368 8
174	239	0.0	1	228 11
175	200	0.0	1	196 4
176	162	0.0	1	156 6
177	184	0.0	1	182 2
178	191	0.0	1	182 9
179	202	0.0	1	195 7
180	208	0.0	1	202 6
181	139	0.0	1	135 4
182	158	0.0	1	154 4
183	171	0.0	1	163 8
184	174	0.0	1	166 8
185	390	0.0	1	381 9
186	324	0.0	1	320 4
187	229	0.0	1	222 7
188	166	0.0	1	163 3
189	177	0.0	1	172 5
190	229	0.0	1	220 9
191	339	0.0	1	326 13
192	295	0.0	1	290 5
193	614	0.0	1	598 16
194	464	0.0	1	455 9
195	324	0.0	1	316 8
196	204	0.0	1	201 3
197	159	0.0	1	155 4
198	155	0.0	1	150 5
199	155	0.0	1	152 3
200	178	0.0	1	169 9
201	172	0.0	1	167 5
202	140	0.0	1	136 4
203	118	0.0	1	115 3
204	156	0.0	1	152 4
205	256	0.0	1	253 3
206	250	0.0	1	244 6
207	236	0.0	1	234 2
208	177	0.0	1	172 5
209	150	0.0	1	148 2
210	230	0.0	1	225 5
211	283	0.0	1	271 12
212	266	0.0	1	259 7
213	501	0.0	1	488 13
214	349	0.0	1	343 6
215	212	0.0	1	205 7
216	195	0.0	1	189 6
217	176	0.0	1	167 9
218	310	0.0	1	305 5
219	294	0.0	1	285 9
220	157	0.0	1	151 6
221	93	0.0	1	89 4
222	134	0.0	1	130 4
223	426	0.0	1	419 7
224	608	0.0	1	599 9
225	540	0.0	1	534 6
226	380	0.0	1	375 5
227	465	0.0	1	449 16
228	619	0.0	1	606 13
229	563	0.0	1	545 18
230	461	0.0	1	451 10
231	393	0.0	1	372 21
232	444	0.0	1	430 14
233	755	0.0	1	742 13
234	868	0.0	1	851 17
235	553	0.0	1	527 26
236	542	0.0	1	535 7
237	489	0.0	1	476 13
238	345	0.0	1	328 17
239	365	0.0	1	357 8
240	261	0.0	1	252 9
241	208	0.0	1	202 6
242	155	0.0	1	147 8
243	132	0.0	1	131 1
244	236	0.0	1	234 2
245	293	0.0	1	285 8
246	315	0.0	1	308 7
247	454	0.0	1	440 14
248	322	0.0	1	317 5
249	361	0.0	1	349 12
250	392	0.0	1	385 7
251	328	0.0	1	318 10
252	508	0.0	1	493 15
253	571	0.0	1	556 15
254	426	0.0	1	407 19
255	281	0.0	1	274 7
256	262	0.0	1	252 10
257	436	0.0	1	428 8
258	714	0.0	1	693 21
259	488	0.0	1	476 12
260	542	0.0	1	522 20
261	516	0.0	1	501 15
262	693	0.0	1	660 33
263	1343	0.0	1	1307 36
264	834	0.0	1	810 24
265	760	0.0	1	733 27
266	961	0.0	1	928 33
267	596	0.0	1	579 17
268	487	0.0	1	480 7
269	462	0.0	1	446 16
270	737	0.0	1	719 18
271	641	0.0	1	626 15
272	581	0.0	1	559 22
273	924	0.0	1	904 20
274	1192	0.0	1	1164 28
275	740	0.0	1	711 29
276	1082	0.0	1	1051 31
277	1555	0.0	1	1508 47
278	1155	0.0	1	1132 23
279	646	0.0	1	633 13
280	652	0.0	1	639 13
281	829	0.0	1	806 23
282	1019	0.0	1	988 31
283	1212	0.0	1	1184 28
284	1723	0.0	1	1675 48
285	1721	0.0	1	1677 44
286	2077	0.0	1	2026 51
287	1566	0.0	1	1519 47
288	1874	0.0	1	1830 44
289	1618	0.0	1	1578 40
290	1253	0.0	1	1218 35
291	964	0.0	1	934 30
292	924	0.0	1	894 30
293	806	0.0	1	790 16
294	718	0.0	1	688 30
295	747	0.0	1	723 24
296	731	0.0	1	710 21
297	1162	0.0	1	1129 33
298	360	0.0	1	336 24
299	4919	0.0	1	4788 131
300	97096	0.0	1	94196 2900


=== Second read: Adapter 2 ===

Sequence: GACTACHVGGGTATCTAATCC; Type: regular 3'; Length: 21; Trimmed: 197159 times.

No. of allowed errors:
0-9 bp: 0; 10-19 bp: 1; 20-21 bp: 2

Bases preceding removed adapters:
  A: 0.0%
  C: 0.0%
  G: 0.0%
  T: 0.0%
  none/other: 100.0%

Overview of removed sequences
length	count	expect	max.err	error counts
3	1	3083.7	0	1
50	47	0.0	2	33 11 3
51	37	0.0	2	24 11 2
52	30	0.0	2	20 6 4
53	32	0.0	2	22 9 1
54	45	0.0	2	35 7 3
55	243	0.0	2	210 30 3
56	876	0.0	2	817 51 8
57	1227	0.0	2	1172 46 9
58	918	0.0	2	868 46 4
59	643	0.0	2	600 41 2
60	429	0.0	2	377 48 4
61	198	0.0	2	165 28 5
62	86	0.0	2	72 11 3
63	37	0.0	2	25 11 1
64	45	0.0	2	32 10 3
65	49	0.0	2	39 7 3
66	176	0.0	2	157 15 4
67	1516	0.0	2	1435 74 7
68	889	0.0	2	855 33 1
69	434	0.0	2	403 26 5
70	189	0.0	2	177 11 1
71	56	0.0	2	48 6 2
72	24	0.0	2	21 2 1
73	18	0.0	2	11 6 1
74	25	0.0	2	18 6 1
75	20	0.0	2	15 4 1
76	53	0.0	2	27 21 5
77	36	0.0	2	20 9 7
78	12	0.0	2	9 2 1
79	12	0.0	2	10 2
80	22	0.0	2	15 5 2
81	91	0.0	2	78 10 3
82	67	0.0	2	54 12 1
83	48	0.0	2	41 4 3
84	96	0.0	2	82 11 3
85	69	0.0	2	58 9 2
86	50	0.0	2	46 3 1
87	105	0.0	2	69 30 6
88	32	0.0	2	22 8 2
89	85	0.0	2	56 18 11
90	41	0.0	2	22 14 5
91	47	0.0	2	30 13 4
92	59	0.0	2	53 3 3
93	66	0.0	2	52 10 4
94	291	0.0	2	277 13 1
95	43	0.0	2	40 3
96	201	0.0	2	174 25 2
97	130	0.0	2	115 12 3
98	163	0.0	2	138 20 5
99	127	0.0	2	95 22 10
100	108	0.0	2	77 24 7
101	115	0.0	2	91 19 5
102	42	0.0	2	28 12 2
103	57	0.0	2	49 5 3
104	45	0.0	2	40 3 2
105	21	0.0	2	13 6 2
106	55	0.0	2	48 7
107	61	0.0	2	49 10 2
108	43	0.0	2	34 5 4
109	81	0.0	2	55 23 3
110	56	0.0	2	48 8
111	19	0.0	2	15 3 1
112	16	0.0	2	8 8
113	12	0.0	2	9 3
114	12	0.0	2	8 3 1
115	28	0.0	2	15 13
116	95	0.0	2	83 12
117	31	0.0	2	22 9
118	75	0.0	2	68 6 1
119	64	0.0	2	56 8
120	23	0.0	2	20 3
121	43	0.0	2	35 7 1
122	42	0.0	2	32 9 1
123	409	0.0	2	381 24 4
124	256	0.0	2	231 23 2
125	164	0.0	2	147 16 1
126	106	0.0	2	97 9
127	59	0.0	2	55 4
128	34	0.0	2	28 6
129	31	0.0	2	21 10
130	33	0.0	2	25 6 2
131	34	0.0	2	30 4
132	64	0.0	2	48 15 1
133	891	0.0	2	869 22
134	1101	0.0	2	1062 38 1
135	937	0.0	2	907 29 1
136	295	0.0	2	283 12
137	60	0.0	2	50 10
138	19	0.0	2	14 3 2
139	50	0.0	2	26 15 9
140	112	0.0	2	107 5
141	62	0.0	2	50 10 2
142	113	0.0	2	94 17 2
143	363	0.0	2	342 20 1
144	274	0.0	2	253 18 3
145	536	0.0	2	505 29 2
146	509	0.0	2	481 28
147	462	0.0	2	431 27 4
148	165	0.0	2	153 11 1
149	112	0.0	2	94 14 4
150	52	0.0	2	43 8 1
151	61	0.0	2	47 13 1
152	607	0.0	2	567 39 1
153	431	0.0	2	416 14 1
154	645	0.0	2	610 30 5
155	2018	0.0	2	1937 77 4
156	1120	0.0	2	1083 36 1
157	1888	0.0	2	1808 75 5
158	2640	0.0	2	2562 76 2
159	1213	0.0	2	1175 37 1
160	1927	0.0	2	1863 64
161	357	0.0	2	327 30
162	660	0.0	2	619 40 1
163	662	0.0	2	619 40 3
164	524	0.0	2	484 39 1
165	603	0.0	2	566 33 4
166	938	0.0	2	880 52 6
167	761	0.0	2	731 28 2
168	545	0.0	2	530 12 3
169	847	0.0	2	807 38 2
170	789	0.0	2	748 39 2
171	489	0.0	2	464 25
172	550	0.0	2	527 22 1
173	566	0.0	2	545 21
174	757	0.0	2	721 35 1
175	769	0.0	2	738 29 2
176	509	0.0	2	483 24 2
177	712	0.0	2	672 38 2
178	740	0.0	2	691 44 5
179	458	0.0	2	427 29 2
180	366	0.0	2	341 23 2
181	221	0.0	2	209 12
182	156	0.0	2	141 12 3
183	431	0.0	2	404 26 1
184	226	0.0	2	205 18 3
185	802	0.0	2	754 45 3
186	1364	0.0	2	1306 56 2
187	551	0.0	2	519 31 1
188	171	0.0	2	161 10
189	276	0.0	2	254 19 3
190	694	0.0	2	663 28 3
191	977	0.0	2	929 45 3
192	555	0.0	2	522 31 2
193	963	0.0	2	929 32 2
194	897	0.0	2	864 32 1
195	434	0.0	2	405 22 7
196	301	0.0	2	271 28 2
197	220	0.0	2	201 17 2
198	159	0.0	2	131 24 4
199	758	0.0	2	722 31 5
200	599	0.0	2	569 30
201	612	0.0	2	577 34 1
202	543	0.0	2	511 32
203	729	0.0	2	691 35 3
204	465	0.0	2	444 20 1
205	514	0.0	2	492 21 1
206	652	0.0	2	608 42 2
207	826	0.0	2	787 37 2
208	840	0.0	2	795 42 3
209	936	0.0	2	898 38
210	638	0.0	2	599 35 4
211	1030	0.0	2	990 38 2
212	784	0.0	2	751 32 1
213	957	0.0	2	921 35 1
214	968	0.0	2	928 39 1
215	1212	0.0	2	1159 48 5
216	1467	0.0	2	1402 62 3
217	1937	0.0	2	1871 60 6
218	293	0.0	2	247 41 5
219	1196	0.0	2	1118 76 2
220	936	0.0	2	905 29 2
221	332	0.0	2	295 32 5
222	2325	0.0	2	2189 130 6
223	2016	0.0	2	1919 90 7
224	1222	0.0	2	1174 44 4
225	2016	0.0	2	1950 65 1
226	2122	0.0	2	2018 100 4
227	4341	0.0	2	4170 162 9
228	1648	0.0	2	1564 78 6
229	2286	0.0	2	2197 83 6
230	1448	0.0	2	1375 68 5
231	943	0.0	2	895 43 5
232	631	0.0	2	597 28 6
233	772	0.0	2	723 48 1
234	2849	0.0	2	2759 88 2
235	1225	0.0	2	1171 52 2
236	1150	0.0	2	1104 43 3
237	1075	0.0	2	1018 54 3
238	578	0.0	2	555 22 1
239	946	0.0	2	878 63 5
240	1436	0.0	2	1368 56 12
241	3010	0.0	2	2904 102 4
242	1888	0.0	2	1832 51 5
243	1246	0.0	2	1226 19 1
244	1478	0.0	2	1432 44 2
245	1251	0.0	2	1221 28 2
246	1281	0.0	2	1236 43 2
247	640	0.0	2	616 21 3
248	182	0.0	2	163 16 3
249	959	0.0	2	919 39 1
250	2035	0.0	2	1957 76 2
251	2753	0.0	2	2679 73 1
252	1313	0.0	2	1281 30 2
253	816	0.0	2	790 25 1
254	2121	0.0	2	2067 49 5
255	1274	0.0	2	1207 63 4
256	4507	0.0	2	4370 124 13
257	2671	0.0	2	2561 102 8
258	3508	0.0	2	3389 111 8
259	3312	0.0	2	3223 88 1
260	2837	0.0	2	2753 83 1
261	1164	0.0	2	1139 24 1
262	733	0.0	2	724 9
263	463	0.0	2	448 15
264	254	0.0	2	245 6 3
265	128	0.0	2	116 12
266	3127	0.0	2	3043 80 4
267	3066	0.0	2	2982 80 4
268	1090	0.0	2	1056 34
269	1873	0.0	2	1817 54 2
270	1793	0.0	2	1752 39 2
271	2024	0.0	2	1977 45 2
272	1557	0.0	2	1524 32 1
273	609	0.0	2	591 18
274	1098	0.0	2	1058 38 2
275	578	0.0	2	562 16
276	444	0.0	2	420 22 2
277	7207	0.0	2	7030 175 2
278	2210	0.0	2	2153 55 2
279	2532	0.0	2	2476 53 3
280	1467	0.0	2	1431 35 1
281	583	0.0	2	572 11
282	1130	0.0	2	1098 31 1
283	600	0.0	2	588 12
284	499	0.0	2	490 9
285	527	0.0	2	514 13
286	632	0.0	2	622 9 1
287	992	0.0	2	971 21
288	715	0.0	2	700 13 2
289	1629	0.0	2	1596 32 1
290	763	0.0	2	742 20 1
291	1470	0.0	2	1436 33 1
292	1301	0.0	2	1270 30 1
293	902	0.0	2	887 14 1
294	542	0.0	2	534 7 1
295	172	0.0	2	168 4
296	95	0.0	2	90 5
297	33	0.0	2	33
298	16	0.0	2	16
299	7573	0.0	2	7439 131 3
300	1000	0.0	2	977 23
